-6.852159968200334517e-02
1.757385271672368132e-02
-1.694278243363306069e-01
3.590827773612449980e-01
6.856408365270948158e-02
-1.644266582036855995e-01
8.808732810711526751e-02
1.434702748190936628e-01
-2.990270941772512625e-01
1.140965504150439208e-01
-2.347075922871068865e-01
3.035647863123221990e-01
-8.761712862658420364e-02
-2.707304476576394281e-01
-3.393759283678515759e-01
9.428801716058880789e-02
4.896922292549881761e-01
-1.055052978013713144e-01
2.626270923598316154e-01
5.151874619701853758e-02
