-4.674811339106391128e-02
-2.065241957024658084e-02
-2.217863921462158439e-01
1.820132500093585293e-01
1.095357762842228411e-01
-5.171219433995006415e-02
1.410471572435116616e-01
2.727061314304307649e-01
-1.667761713527524114e-01
1.984982259999779897e-01
-1.502560535417868381e-01
1.730105264762171746e-01
-1.992218647488285255e-01
-2.573504707692086391e-01
-3.137729426483040207e-01
2.414971943479135297e-01
5.895878721752122464e-01
-8.791358219887422665e-02
4.675212795041379377e-02
2.572705629025596186e-01
