-4.214936985011944609e-02
-1.414409388621237773e-01
-3.992107574955913174e-01
4.640241523396830825e-01
1.671911845560635490e-01
1.305171799197636928e-01
-3.883994327799698137e-02
-1.889234885858969565e-02
1.065984710453414669e-01
-1.731353089451693750e-01
-2.000596444569977261e-01
2.925860401794799434e-02
-4.157556281198992454e-01
-2.824362193370993368e-01
-1.920617190726714996e-01
1.940201987387478733e-01
2.753663520424363131e-01
-4.393567709728494336e-02
-1.147184143120231342e-01
2.374581557064113502e-01
