-9.446467859158708125e-02
5.407311849608376075e-02
2.122700902363167802e-02
-5.209911257987985544e-02
-7.496308951532466847e-02
-4.462437757180964110e-02
-3.940453590041804316e-02
1.327880078153627005e-02
2.700819769924609013e-03
7.456314756631991780e-02
4.590295723199412647e-02
-4.246327029299939992e-02
3.753499116570144928e-02
1.068760742563748881e-02
2.652316579460813409e-02
-7.651898878278495797e-02
1.922816645542707592e-02
6.208415458360289768e-02
7.692788389001057811e-03
1.006203845652296931e-02
6.694694947281265573e-02
3.531156041982148885e-02
-3.516042034898186897e-02
-1.844236975635767800e-02
2.048210236620942246e-02
2.255148357453399047e-02
-2.698332874933325604e-02
-5.047807240556181907e-02
3.640248655583314119e-02
3.907786154389075034e-02
6.669357102474059162e-02
2.062893486893092182e-02
9.741681040686234194e-02
-1.307079957271344711e-02
6.334146186548836842e-03
5.965661873046627234e-02
1.383429080273241598e-04
-1.671166003039143214e-02
-3.509967195817555174e-02
-3.097325530783372888e-02
-5.129650326901007140e-02
5.705268229969711127e-03
-2.709335579020080015e-02
1.117162305213582722e-02
5.866231378959712445e-02
-1.089537803621635631e-01
-7.907885935802531907e-02
-4.157763499581348943e-02
2.513040549356710188e-02
2.119861871642096662e-02
-1.230296104372005095e-01
-2.868334395539783033e-02
-5.342735138607684203e-02
-1.455513286098533698e-02
-9.634010597068519768e-03
-6.010447131385629471e-02
-1.626008212617617230e-02
8.734521353809369948e-02
-2.716015849100386279e-02
-1.912120992839886485e-02
-4.779542729021200170e-02
1.864252832421277664e-02
-8.980483139404267512e-02
9.454489067761241011e-03
4.506854907808967997e-02
4.432626695785689408e-02
-2.783338148095510986e-02
-2.356295330717702793e-02
1.996877970272009986e-02
-1.855842279124420360e-02
3.151430285305618917e-02
-3.990548802111950483e-02
6.506142390814263765e-02
-2.763301408276396757e-03
4.649609909731722973e-02
6.682299628012856874e-02
-3.682897296424778900e-03
3.554901113039844740e-02
7.404686588315371847e-03
-3.531903229845530234e-02
2.471952826789765648e-02
4.581459368386853193e-02
-2.722866192022167786e-02
7.252114348412650770e-03
5.904370523366592183e-02
6.485681265278335494e-02
-8.185454546707845655e-03
2.093925320879935770e-02
5.261109731341959139e-02
-8.349700844832741442e-02
8.297040205176717254e-02
-1.198332533136670444e-02
-1.094221584899389421e-02
-5.133287514245443717e-02
1.278554458964271945e-01
3.889564999669541025e-03
-9.167193033617947184e-02
-6.510161135959138812e-02
-2.815138937853645801e-02
4.089107871983022752e-02
-7.279621639554119394e-02
-4.626894832365376770e-02
-2.557206395682013605e-02
1.330375105139776359e-01
-1.029729432487310470e-01
-4.388251665174617427e-02
3.305001990736158163e-02
-3.911281761844666305e-02
-3.004131984749817269e-02
3.198821321498819537e-02
-5.060543059457264445e-03
-3.042706487314895958e-02
-1.200644178771792664e-01
3.379493806814980617e-03
7.594627689542224336e-02
5.680168858787778413e-02
7.722190461492429991e-02
-1.021198748654767938e-02
1.668855419253187367e-02
6.726687754763646665e-02
-8.459456760213146520e-03
-2.761628641889688970e-02
-3.324934669336971575e-03
-2.272214397254816373e-02
-1.059606983337884126e-02
-7.257220869541010366e-02
3.104095881067956905e-02
7.782819925192113741e-03
-8.090043328690389723e-02
1.812300446159202660e-02
-1.554583459368337472e-02
4.253662991240460961e-02
-8.543811827735810563e-03
-5.359750475111408480e-03
-8.786042629309910590e-03
2.447665327782930916e-02
2.994568263258314336e-02
-1.056534823632342968e-01
-5.927049851811004577e-02
-3.115662250087176954e-02
1.249851419476587060e-02
3.802675829111407113e-02
6.782405812119285393e-02
-3.191216711719214311e-02
9.855074497360798158e-02
-2.790418027412083432e-02
4.761130264476864243e-02
3.637064169933460628e-02
4.770038825032734547e-02
-3.759632003405202760e-02
1.821746656342963441e-02
-7.704883735879976270e-02
2.065734464337634982e-02
9.180980083193705787e-02
6.017426312006260436e-02
-2.565765253912436622e-02
1.948578168167283339e-02
3.801167826320343140e-03
1.409565391409820130e-02
-5.856113372203380213e-02
-1.745700558546910836e-02
1.082880327903433526e-02
6.127897559775057068e-02
5.560593316266781994e-02
4.716730014948091083e-03
-3.227626811733570050e-03
-4.534799946269261334e-02
-2.810556704751166618e-02
-1.185245950060973517e-02
7.162801949569498616e-02
-1.684552912454053211e-02
3.764523234615087255e-02
5.531036390771985195e-02
4.538939388269376540e-02
9.658597006615679548e-02
-2.297505874648425594e-02
1.106747476220286408e-01
3.648466660231342029e-02
-7.219495492359281896e-02
4.351642645416433502e-02
-1.304143466494289694e-01
-4.013564736742093048e-02
6.419066511777715700e-02
-1.830070138008180886e-02
-1.688287258997210258e-02
8.203278215889447944e-02
-8.936795125203816914e-03
2.053401086270595366e-02
-1.861987908149474302e-04
2.620514727853512360e-02
-1.444570576489677448e-03
-4.678120736822814589e-03
1.616708537618811309e-02
-2.955416822646190697e-02
-5.632527226191322289e-02
-4.923872807207359953e-02
7.392797771099306192e-02
-5.197691497781744413e-02
-6.831829227616860456e-02
4.328365495891371706e-02
-9.964837845685368956e-02
5.155595195481637444e-02
1.335803419657995324e-02
-9.039895370009603734e-03
1.107103620430676810e-01
1.193731540698918930e-02
3.105990927880152019e-02
-1.890632395504378543e-03
3.839574733692001363e-02
6.141247569931436966e-03
-6.165641784779488273e-03
-4.655935699165333203e-02
3.894703110810599639e-02
4.754940745686268150e-02
1.684084990921419500e-02
8.089246233916190520e-02
2.668514026644164261e-02
9.069963044953410769e-02
-5.520605492461305025e-02
3.767580652314702488e-02
-4.069456229461567570e-02
-7.055095757029850034e-02
-4.378730417649768364e-02
-8.152058505552147241e-03
1.723916015000000884e-02
2.436728281369628449e-02
-1.072894662948199601e-01
4.598619558814352054e-02
-2.445983004753726070e-02
3.291794356855498940e-03
-5.764237227035530486e-02
-8.995187980609466866e-03
1.418046292213947547e-02
-2.986831630232360951e-02
4.974991995823579982e-02
-1.018193573934136759e-01
5.414003269104929184e-02
-1.166777561460543428e-02
-3.419591089572021625e-02
1.170707111275445800e-02
-7.279627302749673567e-02
2.615175219320571543e-04
-9.623638985336293791e-03
4.970319859491684200e-02
-5.674415760004548198e-02
7.694601496452582734e-02
-4.824587786456233096e-02
-5.312677728205818933e-02
-5.666273854546775152e-02
4.773257112881050361e-03
1.575166697558395140e-02
1.982252590779425352e-02
-2.678879267281392834e-02
1.620491906198480783e-02
-8.159330402592965270e-03
-5.471771757200770414e-02
-5.943830962086120440e-02
-4.271847866113478304e-02
-1.764826585731027811e-02
3.598860606677155988e-02
1.114278889197358596e-01
2.763347598715132358e-02
-8.216346747529315597e-02
9.532694258862185743e-02
7.772686344648008228e-02
7.477589258629335767e-02
-1.192982140649774536e-02
-3.179930316930185824e-02
-4.922483200598343211e-02
-4.421720796947933158e-02
-4.073775831870238978e-02
-1.113001626230140373e-01
5.253804916976983867e-03
-7.760207493245180332e-02
4.750737946685894275e-02
-4.329980922423096873e-02
6.158073897283552339e-02
-7.053168854742665472e-02
6.213122989664397050e-02
1.392105405567690794e-02
-4.034329905089317075e-02
-1.756856345888479359e-02
-7.903809142903230056e-02
-1.713031530120432203e-02
5.217549846940913727e-02
-3.252986247473824838e-02
-1.385968713773120045e-02
-4.262088410425646928e-02
-3.869013086029890469e-02
3.293259708705047889e-02
5.724258959872549624e-02
9.197835876860187276e-02
-4.254408055405509842e-02
-1.199983531615468092e-02
5.088036104122418794e-03
-1.210440657600557052e-01
1.833133218903349945e-02
-2.763754817870423680e-02
-4.776046767615886590e-02
-4.007278589677359948e-02
2.970827085647561802e-02
-2.045453853159984528e-02
5.558983552930611000e-02
-3.179213922692628730e-02
-2.368791348682053668e-02
-4.761363163394014691e-02
-6.127944281138376220e-02
-1.008932798009790945e-02
7.842270736317159818e-02
4.227518848966280857e-02
8.325172129090285811e-02
7.126490955477333619e-03
5.075342405238267990e-02
5.942069708268884337e-02
-3.070195063364808581e-03
9.874980629732453552e-02
-2.095018494596682934e-02
-8.252962492332219235e-03
-1.263340885823479275e-02
3.938301575731355253e-02
4.794623287856422320e-03
-3.260559355728161884e-02
-3.178233481962374624e-02
2.688859941545544696e-02
1.763236643579294688e-02
-4.299399312482781593e-02
-9.639882976908102641e-02
-1.270963794803717795e-01
-9.584607179730244772e-03
7.347591312590989743e-02
-4.104787136773199729e-02
2.262949232353916179e-02
-5.692245623306285696e-02
-3.928446199668830796e-02
1.338951359999041024e-02
9.173939315321427701e-02
1.708445226596148545e-02
5.650550346041333799e-02
-1.466912944798638360e-02
-8.346872078653611027e-02
9.116562649567964971e-02
8.860322517992617886e-03
5.896632474541749908e-02
-6.055171864322150127e-03
-4.810633318661914487e-02
-2.140328483398717604e-02
7.012063965614198646e-02
8.231199893668081358e-02
-2.995859471844583913e-02
5.626130292863567445e-02
-3.119123878369445615e-02
7.505805422576768138e-02
-1.492003024800364966e-02
-1.469355728805803452e-01
-4.638492348960143036e-02
-5.605211510336946534e-02
-1.935774921844138482e-03
-4.620926886100823819e-03
3.927136231747289929e-02
6.691432238742825445e-02
2.857615514886448129e-03
6.218477541060528357e-02
1.072097559325257271e-03
7.632719758636062612e-02
7.938249158764303093e-02
2.152156598237440349e-02
4.102278341142860663e-02
-7.022603172539845784e-02
-2.792293253039839981e-02
-9.516357709438044363e-03
-5.404497949317575017e-02
4.516975746163077315e-02
-3.798776895947467494e-03
-1.222397132306004240e-02
3.968657011799239798e-02
-5.598916072092008584e-04
5.870732557575827903e-02
-7.021460357374571977e-03
-4.614223786263441096e-02
5.686386339606421675e-02
-3.920451891245178844e-02
-8.287496304869652886e-02
-4.653367086031956479e-02
-9.146615635598303456e-03
