2.531454738952122474e-01
-1.267401519822404787e-01
-3.188718042741783276e-01
1.969676315033916936e-01
-3.236661300586405887e-01
3.697211744183920290e-01
1.910787362798153921e-01
5.286776031327145714e-02
-3.726552942520084538e-02
1.072525078626859613e-01
-2.595871678216067346e-01
2.093473699856411019e-01
-6.852910654781119160e-02
-1.928999650791430875e-01
-1.223413567621432357e-01
1.547662876777437801e-01
4.742119157549354869e-01
-1.780638880641965960e-01
1.249784197430394983e-01
1.465798527494567571e-01
