-1.071559679969298490e-01
-1.148422186738407430e-01
-8.606982194268916753e-02
-1.231621581683967348e-01
2.297730763880963811e-01
8.485158310688795461e-03
6.695335031520273372e-02
-2.342148597385750389e-02
-3.326871290407799053e-01
7.081813099586377336e-02
-2.672522615164861226e-01
3.883070809390256617e-01
-2.257065114129672145e-01
-4.988189665580684551e-01
-2.055103470183992573e-02
4.642544815391409091e-02
4.445425511871068935e-01
-2.348770072928366148e-01
7.224053235121261247e-03
-4.209421621428426075e-02
