-1.234377702573998259e-01
4.640628890785599564e-02
-5.481090143624860883e-02
-6.633847897293564111e-02
-2.051500191488245251e-02
-5.640141990019309796e-04
1.115833790925474106e-01
6.004848851691176048e-02
3.417805055681190363e-02
7.742197985998303111e-02
9.013002498763614256e-02
-1.905782347943446586e-02
-3.217406321858892748e-02
3.253883293738221022e-02
-9.188541124807846072e-02
-5.981678368138560603e-02
3.000271317543614161e-02
4.309011459432428304e-02
-9.704866726373349850e-03
9.245583458704657517e-03
5.197622662377932024e-02
9.931418983068868514e-03
-5.756437507860228536e-02
-4.051986752325204000e-02
-4.349721792559194111e-02
2.724567737118330918e-02
-1.242471219629864149e-02
-1.314716567540759567e-04
2.651381276264429265e-02
1.678605085295909599e-02
5.108316101333450210e-03
-3.167478081008212772e-03
6.905775710114853139e-02
4.905418118760056234e-02
7.898330425250546516e-02
-4.920372378235075839e-02
-4.781536110641164405e-02
2.404350308922255722e-02
7.148274919270690420e-02
-3.835884123912815941e-02
-7.253389387552536781e-03
-8.869672760798384681e-02
-5.255257759856224453e-02
-2.936774619105578590e-02
6.867050762958690213e-02
6.578025658101202371e-03
5.553651831043838506e-03
3.575934041724609241e-02
1.291301204734001014e-02
-4.804639009224762058e-02
-5.773878770185993797e-02
5.482560271712400707e-02
-2.015459731702391385e-02
-6.869036148929294483e-02
8.940007166962004800e-03
-9.120177378532129397e-02
5.784574556567288750e-02
2.914899410784877257e-02
-1.944625103761199805e-02
-4.018090100157514083e-02
4.602170873254779471e-02
-1.498465100948166359e-02
-1.302374009834667001e-01
1.075566728389084833e-02
1.684635338655404713e-02
-2.731834051356151274e-02
-1.612700749842304812e-02
-6.173216030472446908e-02
3.358190462665374548e-02
3.811121983337546065e-02
9.744976235326001379e-02
-6.448785371028074864e-02
-5.036612324490230552e-02
-9.413055446669232884e-03
6.063970818487865455e-02
9.660366054571288552e-03
-6.180273389347339802e-02
5.971590226432840071e-02
-5.849864736866652176e-02
-1.140460141517120746e-01
4.592854998328067817e-02
3.196754153459183123e-02
4.615732510340674229e-03
-1.589055001347006862e-02
2.504288481629745461e-02
9.541272038477693895e-02
5.130164492682499910e-02
1.899210174740632862e-02
5.325903893938870037e-02
-2.100018061144864282e-03
9.067937297709122157e-02
-2.608945356268147983e-02
9.350787213551078891e-02
-2.602261884882410212e-02
1.208131544890033160e-01
3.660137782596832590e-02
1.558542868017711441e-02
-5.479682640141641387e-02
2.972760204856954649e-02
4.042336827838323605e-03
1.589179940532852234e-02
7.178928112971101443e-03
-7.787436512049276949e-02
5.394505117674529976e-02
-4.113406608068506665e-02
-1.712266430163211089e-02
1.054402774361599959e-01
2.490345516507647475e-02
2.757760947567204635e-02
6.414323159779049786e-03
-2.049204627712584298e-02
-2.838183650447941714e-02
-8.226356242539156760e-02
-5.022252998756246423e-02
4.825700097689310242e-02
-2.753330411822999327e-02
2.476791629991594024e-02
1.281946576958082132e-02
5.974355629752294006e-02
2.793969982247111652e-03
-6.967174019273996051e-03
-4.659874175747676789e-02
-5.928702293203401419e-02
-1.408717842502495501e-02
2.180491685269459953e-02
3.459549004802020891e-03
7.776085957527770209e-02
9.745109235104482820e-03
-6.388631028328495276e-02
-8.422093163613178848e-03
-1.422459137797316836e-02
-4.139885344852275995e-02
-7.512632307748402793e-02
-6.039543967563939207e-03
-4.853607109483475124e-02
-4.159674409794434508e-02
1.118134904109141514e-01
-8.377572340329528244e-03
-8.354919594842326325e-02
9.027592481456082766e-05
-7.926402369170938711e-02
-5.193602596812533362e-02
2.001695959755029480e-02
-1.045779970891256780e-02
-4.486189098481045169e-03
-7.695971727326725298e-02
3.379556613558885175e-02
1.625456288911832667e-04
6.129881664420137183e-02
-1.148789306898448034e-02
1.906361160499211310e-02
-6.541246569009452616e-02
4.566446636718459254e-03
6.857385492343523459e-02
2.316356074363339415e-02
-4.609149486340081980e-02
2.126962839693204155e-02
4.589617430293868594e-02
9.773974527353851416e-02
2.389967266444556482e-02
-2.490093622987798322e-02
2.099514661633657478e-02
2.000493691361213133e-02
6.736905674362264618e-02
7.920991231330383464e-02
5.720295670620847289e-03
-3.279079776247410122e-02
-5.871085177047141723e-02
-5.214489142444250769e-02
8.408020298940536985e-02
-5.119373839326344516e-02
-1.758739156955748577e-03
3.996124055158270516e-03
3.551562994903542225e-03
-2.678591976864031637e-02
-7.089419107042358933e-03
8.350625159104538980e-03
4.004264323651420682e-02
-8.178436019323018225e-02
7.656202623401513196e-02
8.458406133434660801e-03
-7.600281331926578288e-02
-3.473920111402164102e-03
-1.672517555225285987e-03
4.290166413896966818e-02
6.334107319607382158e-02
1.594653392954932525e-02
2.851784350405837942e-02
-7.695183029339652814e-02
8.253514859309424301e-02
-1.041140123257911221e-01
-8.371739261466802640e-04
1.092585119624297010e-02
4.342612039832172144e-02
-4.461849596479233043e-02
-3.479006035332168206e-02
2.500298798298125277e-02
-4.566687214406339734e-02
-6.343683923703562211e-02
-2.809435856837369169e-02
-8.787157714083231042e-02
7.848687095347239850e-02
2.606288770949269362e-02
-8.906167403976951447e-02
2.943525675460334848e-02
6.448951543245477758e-02
-1.096259199751970365e-01
-5.924672616931399294e-02
-5.288513904932211351e-02
3.522475261299720661e-02
8.651455776933230160e-03
-2.912401867159146451e-02
2.873890215685023092e-02
-5.092500753549038250e-02
3.595287214618880095e-02
5.436410278648063504e-02
2.049161844567059035e-02
1.460594266588539566e-02
1.358248146842686889e-02
3.340545205341380330e-02
-7.164618080861309690e-02
2.405245809761744763e-02
7.417646284135452628e-02
-2.276096359367160010e-02
-5.585778020542630368e-02
1.582341767773077362e-02
-7.579161959176822227e-02
5.732597375073305440e-02
-9.058242264905763674e-02
-3.998193457305956183e-02
-6.876365087771434126e-02
-8.803141869278791054e-02
7.440042330749505051e-02
-7.371379412477906817e-03
2.269243150501892500e-02
5.198440502507609660e-03
3.915434422652191299e-02
6.209439558717957074e-03
-1.175692154863945509e-02
3.702704222189244498e-02
-8.975569106565843558e-02
-2.873676609980190672e-02
-2.784531105777015431e-02
5.976008051242505392e-02
-5.591745959320599396e-02
1.238265605422459413e-02
1.087047027449738502e-02
3.457181360726833963e-02
-6.816556730509579221e-02
2.577482693053488594e-02
-4.783604582720468734e-02
1.829584325671924569e-02
4.758658288605763925e-02
-6.080652214946368622e-03
1.846882047444224975e-02
1.430116390777943364e-02
-1.116937720089141300e-01
8.453949555775787036e-03
-8.118649983702307116e-02
-4.394160149779729324e-02
1.002265993133439614e-01
5.863706402040921167e-03
-5.855534433717119597e-02
1.721429773875441174e-02
1.616310035206103002e-01
6.419748016128223878e-02
1.994331523303015732e-02
1.974273513587356671e-02
-6.623761770736001642e-03
-5.707850735637718526e-02
1.807003893001343396e-03
-1.055444822975652452e-01
-8.850409184491481174e-02
-2.491724807916644024e-02
6.765833281193159299e-02
-6.041871773710141141e-02
3.929608354755566996e-02
-9.331617884173448729e-02
2.103211993470855551e-02
4.515321397861455505e-02
9.713381192378449380e-02
-2.541473235547000997e-02
-5.245344471006128939e-02
1.217675984121370861e-02
6.638971333981601164e-02
9.806228678760726611e-03
-6.783331277690165216e-03
3.593918153962074452e-02
-5.100040507890867686e-02
-1.065306911561375016e-03
7.238613701206666161e-03
6.055135788914121908e-02
1.704135276340194849e-01
-5.809909619265243852e-02
-4.704047540985330580e-03
9.860308279829921307e-03
-5.686097676297719589e-02
-1.115332050036213635e-01
-7.511208063034326143e-02
-2.879181994750017876e-02
-4.598335193745910210e-03
1.785673007200612103e-02
2.309094875501614685e-02
5.674052670718412843e-03
-1.348518856520629014e-02
-5.148737028182333308e-02
-2.474948777000376184e-03
-2.136199038761944780e-02
5.567772516732402005e-02
-8.563863176903500907e-02
-4.223703417369185226e-02
6.052912150426590157e-04
3.772572199059802400e-02
3.871373673194334480e-02
-6.737950916211091733e-03
5.494903519219208887e-02
-4.015883667935030849e-02
7.684308669829208183e-02
3.324735282955857546e-02
5.604582143069328226e-02
9.130641732897957705e-03
-4.095724768054860576e-02
5.254640814496839424e-02
7.097894355164059699e-02
5.545071407689388526e-02
-1.421464119641062743e-02
-5.861743570228556549e-02
-6.614460311869195530e-02
6.691429670851346302e-03
2.380510021123935678e-03
5.556534810507787747e-02
-1.281502469306163060e-03
-6.752754659619787658e-02
-1.812522531245599686e-02
-1.623572319147605775e-02
8.137867676635748837e-02
4.655774124301513550e-02
5.456951768910436873e-02
7.774547779437022445e-03
4.992447717396497620e-02
2.380799272390421439e-02
1.940492034887511888e-02
4.186948045021150061e-02
-4.218313361078600277e-02
-2.135299197603344329e-02
-2.511718177879824695e-02
-1.326396250010586364e-02
5.867913798879389499e-03
1.422916460170815713e-03
2.209137946415108515e-03
-2.722898574397261684e-02
7.526727184039394558e-02
1.826855195019328956e-02
7.674015913079671944e-03
-8.108207795966226872e-02
1.471171469251259488e-02
-5.227206897485801168e-02
-1.521811677447581362e-02
-3.722947160501322017e-02
6.738771701557307861e-04
1.992247705095425217e-02
-2.706405012998867985e-04
-1.015321797029197781e-01
4.722550553873686163e-02
2.294224864720772940e-03
-2.014495250791312891e-02
1.197050632693312695e-02
-6.405708323894503120e-02
4.133381996709654949e-02
-4.822247063813517309e-02
-5.121786436706612239e-02
3.191830371450263271e-02
7.543893766169976201e-02
-5.655207005137363740e-02
3.391271754885736428e-02
4.325237432407044030e-02
6.987722795072019710e-02
2.045125037770802873e-02
-8.026981203981527202e-02
1.336274506284998442e-02
-2.997555207848352776e-02
8.731576517612941665e-03
1.116387894664584018e-02
6.072694859901478504e-02
