1.043990015583555198e-01
-2.531723518989480518e-02
-2.337368297883682111e-01
8.574946531567220753e-02
4.066450799877139310e-01
1.200444694445347571e-01
2.177147204233041144e-01
-1.018477788869292903e-02
-2.864795049370116864e-01
-4.815688167549780213e-02
-2.378260294021444232e-01
2.839786454235593838e-01
-3.923544324558138063e-01
-3.275843743610126757e-01
-2.821501063375319446e-02
-1.491902025331699744e-02
3.329151347158162966e-01
-2.400379737540529190e-01
2.147934070006988494e-01
-2.731100513750627304e-02
