-1.897923810213872483e-03
5.183911255979703481e-02
-6.880965262012163353e-02
-8.618863834536406865e-02
-4.722560964084502461e-02
-1.862647044249220868e-02
8.581746583661414851e-02
6.183196057006454943e-02
6.894080958546332238e-02
5.108823533036246228e-02
7.733177656532799760e-02
-7.981520376763635849e-02
-5.741230099043471286e-02
3.097640013668690601e-02
-3.476542608171845350e-02
-2.608025173020509305e-02
-6.824489306593971988e-03
4.224499233620919447e-02
2.658810667129627575e-02
1.949303529486239028e-02
1.337980665104215872e-01
-2.820701445937388863e-02
-9.810014663428514095e-03
-3.295889315176900314e-02
5.954069810492229956e-03
3.310916489210154884e-02
-2.148836756936261042e-02
-3.636435604764788609e-02
7.631166465134513188e-02
2.643777761284132541e-02
6.606104885633105883e-02
-3.961403811280104353e-02
7.638539213336094369e-02
1.414082460269215288e-02
9.609839800539714261e-02
2.174873923452686625e-02
-4.985729426089864635e-02
1.660603610570103930e-02
2.930954655805005291e-02
4.164178951733202988e-02
3.220780630177250137e-02
-6.710630213646023856e-02
-1.171612030808319299e-01
-4.509630690002348202e-02
3.367306058029582994e-02
-3.147498919387659022e-02
-6.095676852144249480e-02
8.152284492217470868e-03
-1.103952359866259246e-02
-2.944328979895756513e-03
-1.270752861649547816e-01
-2.656661892603795830e-02
1.118580190352433910e-02
-3.327972724776453312e-02
5.452228523037436214e-02
-1.367738793114150753e-01
-1.237233043525985676e-02
2.618437255603991293e-02
-5.873274676452075460e-02
1.320370441696596016e-02
1.621604032555419919e-02
1.541065683703628057e-02
-1.200090556300531242e-01
-4.928991690618358262e-03
7.110913286635573739e-03
7.938772848608093274e-04
3.414582700451293529e-02
-7.579748506486200244e-02
1.572403630179822556e-02
2.992361689293470198e-02
1.218576469605607698e-01
-9.120392165042882915e-02
-1.199781627997388925e-02
-4.326891344884085944e-02
2.138139885167471277e-02
2.431442285546450699e-02
-8.250691520079098812e-03
8.862351218501571259e-02
-2.742630560371986034e-02
-9.395861096115788735e-02
8.316245110308213839e-02
8.828919359130986411e-02
-4.245025344551391078e-02
6.313620005445648442e-02
-1.874363851064644176e-02
7.027698345233655830e-02
2.775342176593068727e-02
5.313632320472180121e-02
6.786305856759265731e-02
-2.268551223619736171e-02
6.475911601695066161e-03
3.379801408713294097e-02
8.816716167105463631e-02
-3.518304919686322113e-02
1.366518801443726283e-01
6.925011782587406350e-02
2.163776316125272294e-03
-3.170090775449511955e-02
8.463378437790139430e-02
-2.061130039930767627e-02
-4.111382410358081774e-02
-3.205443938283022293e-02
-3.864636736783440274e-02
3.790395684390897996e-02
-4.465967709549009679e-02
-1.902337059989757037e-02
5.204711183769194366e-02
3.477738755503350515e-02
3.265293556502783801e-02
1.462386407210440088e-02
-6.380646180122311051e-02
3.389987821660575204e-03
-1.058553901302822092e-01
-5.590775595783489815e-02
-1.481038870602611438e-04
-8.264429855188621526e-03
5.089292464710679087e-02
-8.607398572395296571e-03
-4.726953906868450010e-03
-4.517813752688635415e-02
-1.899369455143891730e-02
2.466898293468157465e-04
-3.668870128805572228e-02
-1.910361597126085387e-02
-3.163050226708767794e-03
3.635942668912128806e-02
-4.491788704860946550e-03
2.787827373780811524e-02
-6.731685288963237812e-02
-1.492190520731147881e-03
-7.391453561412574501e-03
2.056919778191219211e-02
-4.320583076098547665e-02
-7.514696531711138189e-03
2.672407672125912126e-02
3.353338450430451423e-02
4.724851396255700525e-02
-6.190050649381519110e-02
-6.565513829008405577e-02
-7.792797019666568292e-02
-4.302935317509057334e-02
-6.175014304448680352e-02
7.531344170947740051e-03
-1.206451246603157910e-02
1.021125560412643879e-01
1.974713471977519036e-02
8.404837965486047086e-03
7.282832444138849981e-04
2.676363113869865973e-02
-1.867867415071562459e-03
1.609691361527444686e-02
-1.271850487316946408e-02
8.512292085787660778e-02
8.040013029377036935e-02
-9.025840517860102274e-03
-9.149258226548960538e-02
-2.662192927649558241e-02
3.487850327359379859e-02
9.008570076282082506e-02
1.450978135659605241e-02
-6.851516848382477320e-02
2.372287035438077826e-02
7.560963883880375547e-02
3.989216529462490113e-02
2.202163409060571564e-02
1.513387089927663298e-02
-6.804424279016710320e-02
-8.355035395293097800e-02
-5.400862969529605928e-02
7.180684671843180766e-02
-4.790968014212870080e-03
-6.639443889645399097e-03
3.394765041513714277e-02
8.109365337226850934e-02
-1.811415942679940258e-02
-1.621177749490810768e-02
5.588349237779166589e-02
-1.248579820919785976e-02
2.261517798702776527e-02
6.105884063381659260e-02
-4.634139080677492084e-02
-4.852934022219305976e-04
1.351596372185009942e-02
-3.528630370021944990e-02
-6.096835742696192842e-03
2.301073690036891176e-02
-2.977273266752276590e-02
1.836457902825396754e-02
1.477163510463956782e-02
6.150490663895804427e-02
-1.024923098917682462e-01
5.479279729022191320e-02
-1.342939779924647720e-02
-1.750786306697314776e-02
-1.735412603672621679e-02
3.221506441372928159e-02
1.216352657469247922e-01
-3.082563054751977574e-02
-2.967134837261749952e-02
-1.653061364492275365e-02
-6.014689948043142748e-02
6.482014098421179371e-02
-4.054980722849917812e-02
-2.932070230233018923e-02
-4.056621986343392910e-02
3.653341175552200781e-02
-2.605071488290084530e-02
3.691611994582055106e-02
-4.755573664214261635e-03
1.717846073050878844e-02
-6.947485399551045666e-03
-7.905011491916727473e-02
1.999741184475407191e-02
2.850216348589060950e-02
2.278856039431293931e-02
7.099477011087793055e-02
5.869353461815499107e-02
7.031698822645211788e-02
-9.654756901511216127e-02
7.522351776373131793e-02
-6.300900622786376193e-02
-8.811715570341018683e-03
3.535556364400916501e-02
-3.135995008455444433e-02
4.456149934011807701e-02
2.733744941271110465e-02
-3.070016936588424242e-02
2.921218435767678617e-02
-4.563926673459514638e-02
-2.094729882341506751e-03
-5.943991483147193639e-02
-7.885341222436755004e-02
4.835793078656400873e-02
6.783236225655522866e-02
-5.630832856922561233e-03
-3.669730883237991292e-02
9.118904514117447124e-02
1.674674718321687850e-02
-7.603345231116798164e-02
2.894349337646099155e-02
-1.199432609761777874e-01
-4.510841903811742271e-02
-3.402853447415005866e-02
4.496374154653133559e-02
-5.351346007352283246e-02
6.783039706378715325e-03
3.640546788035613213e-02
-3.928720035289902206e-03
-9.539122993844595388e-02
5.787319109969005920e-02
1.473918322139599994e-02
2.690068859532650930e-02
-2.264720899148683474e-03
-4.476512278878273104e-02
-7.073174216015548979e-03
6.699746976096394857e-02
-1.396393137852680044e-01
-7.736031116432053045e-02
-4.158106833611962400e-02
9.949648160243188195e-05
5.923256734251176880e-02
-1.778928522200482615e-02
-7.044466024995174602e-02
-6.709706081746834305e-03
1.026179119122188343e-01
7.019407852009380833e-02
2.421415380745512227e-02
5.919976827521250540e-02
1.145209780605403564e-02
-7.926356760699361514e-02
5.485461570406316434e-02
-1.585164052614735086e-01
2.859610747909289465e-03
-4.655742772309127975e-02
3.719710320780068857e-02
-2.901112548557447865e-02
-1.831933865307211733e-03
-7.044629135994924518e-02
4.042683856635782835e-02
5.620750026010765121e-02
1.783416531184586068e-02
-5.975908833957843669e-02
-8.987382677985152057e-02
1.988843207980017444e-02
1.040728751312799821e-01
-1.611000507443114196e-02
-2.080798180451908647e-02
8.751807487636407284e-03
-4.080695270220250498e-02
5.210040459024100484e-02
8.865119683813604129e-03
9.250269626126485928e-03
6.020643172001914623e-02
-5.447161928549196924e-02
2.932202553212736110e-02
-7.085274562952877109e-02
-2.242596103901378299e-03
-2.175551914957674429e-02
-4.516232755106714541e-02
-3.169845781417757885e-02
-3.421895592156480852e-03
-6.413743956722321726e-02
1.008686283229248415e-01
2.380010898080889628e-02
1.644344260671262714e-02
-6.632062461842425094e-02
1.150611358577568674e-02
-4.629899177280358616e-03
4.289961442386318324e-02
-9.030502937702373362e-03
-4.702981011588829030e-03
-4.314280047827057790e-02
-1.916161863581074959e-02
-1.009136066724042845e-02
-1.067431954411540533e-02
6.066261846791621420e-02
-6.310203845350469132e-02
2.565600100244997198e-02
4.721215789634751470e-02
5.012374164703754797e-02
4.798645694825632441e-02
-3.305827213122050721e-03
-5.042143559818893644e-02
3.779929067708101553e-02
8.166178405087799741e-03
-1.148096534145468944e-01
-7.831814611948292870e-02
-7.749565726557950882e-03
-2.664583584651927795e-02
7.171604171126137739e-02
-5.065658401417487411e-02
3.821330766349635699e-02
-2.237715383895786531e-02
2.876371999852795139e-03
-1.021878786047436365e-02
-4.093461817505957001e-02
-1.860842669755994813e-02
4.797056836472639307e-02
-3.364002446161891771e-03
-1.291819629863731611e-02
3.618038125134275668e-02
-3.307968372525906670e-02
-1.904705444807422085e-02
1.366602747928136186e-02
-8.483305492458474706e-02
-8.652604884235835792e-02
2.474365698454735266e-02
5.060590169268608385e-02
1.207656073536055204e-02
1.274849453364069150e-02
-1.792847327512540195e-02
9.597513456434057788e-02
-9.149618184357647191e-03
-3.646399787163212558e-02
-6.456289070022751264e-02
3.136566797667923821e-03
-3.149023908975689262e-02
5.467224417752465995e-03
1.793796351853459148e-02
4.866639399408446975e-02
6.179788412746603510e-02
2.209939349311737522e-02
-1.501108237980568715e-02
5.783979592391780972e-02
2.891264640064468774e-02
1.803645734241014070e-02
-3.439954976747851972e-02
-1.267197893438515993e-02
4.639379922257834410e-02
1.562055088829174959e-02
-4.637416694682521684e-02
3.179108062465849094e-02
4.552468617025221681e-02
-4.482850353087460687e-02
2.009338367124391921e-03
4.461597775897054724e-02
3.662836004411181012e-02
-1.475488347395232346e-02
-9.974358166576903495e-02
-3.310529018702715320e-02
-2.491833314373818192e-02
-1.151724542021047848e-01
7.289266812793672445e-02
4.511476006011575640e-02
