4.271920267719472308e-01
-1.042816640175106419e-01
1.741729431420415211e-02
2.541417928984632084e-03
-5.802831751881181582e-02
-2.800176188920269205e-01
-1.572377941200157614e-01
-3.833293772002888677e-01
-4.397164613652896348e-01
-2.225256405133466953e-01
2.573894774027383758e-01
2.358607503064515665e-01
-1.390788117147618852e-01
-2.809231197952860581e-01
-6.955942298834617843e-02
1.864024370989909307e-01
1.443459860342443668e-01
-1.203909837677763911e-01
1.206498139644526096e-01
-2.002765763310209932e-02
