-1.233933120965957642e-01
9.683506563305854797e-03
-4.439576268196105957e-01
1.137281488627195358e-02
-3.964690268039703369e-01
-2.666497603058815002e-03
1.982732266187667847e-01
-1.883893907070159912e-01
-7.944940775632858276e-02
-2.482277527451515198e-02
1.522872895002365112e-01
-3.169314265251159668e-01
-2.292076945304870605e-01
-2.047528773546218872e-01
-2.261753529310226440e-01
-5.394177883863449097e-02
2.479952871799468994e-01
3.781906962394714355e-01
2.658293247222900391e-01
-1.711050271987915039e-01
1.742176115512847900e-01
2.476440668106079102e-01
-3.355651795864105225e-01
-8.705203980207443237e-02
-5.845528841018676758e-02
-4.293259605765342712e-02
-2.715118527412414551e-01
-9.997765719890594482e-02
4.114540517330169678e-01
3.897420689463615417e-02
2.210793048143386841e-01
1.118850857019424438e-01
1.639710068702697754e-01
2.977889180183410645e-01
1.362569332122802734e-01
-1.883238404989242554e-01
-2.775589227676391602e-01
2.234681844711303711e-01
1.871442049741744995e-01
1.045468747615814209e-01
1.908218953758478165e-03
-4.695477783679962158e-01
-3.593290150165557861e-01
1.239096149802207947e-01
-1.050532143563032150e-02
5.236042663455009460e-02
-2.279355525970458984e-01
3.845674544572830200e-02
7.752663455903530121e-03
1.413505226373672485e-01
-2.728735506534576416e-01
-1.781521886587142944e-01
-2.502525784075260162e-02
8.698774874210357666e-02
2.896003425121307373e-01
-5.512076616287231445e-01
1.053562909364700317e-01
2.382782697677612305e-01
-2.520788013935089111e-01
-1.036968827247619629e-01
-9.179417043924331665e-02
-1.470452845096588135e-01
-3.727453351020812988e-01
-1.829409897327423096e-01
3.430328890681266785e-02
1.979687213897705078e-01
-1.576347649097442627e-02
-3.349862098693847656e-01
1.144744530320167542e-01
3.932358026504516602e-01
3.785991966724395752e-01
-3.399299457669258118e-02
3.389559686183929443e-03
3.044255077838897705e-03
1.703183203935623169e-01
7.786293327808380127e-02
-1.761712729930877686e-01
6.018458008766174316e-01
2.257704138755798340e-01
-3.404232263565063477e-01
2.476698458194732666e-01
5.158111453056335449e-01
-2.641781568527221680e-01
1.596099436283111572e-01
2.125847190618515015e-01
1.116467267274856567e-02
-1.069933325052261353e-01
1.438732445240020752e-01
5.745030939579010010e-04
8.031465113162994385e-03
1.465114802122116089e-01
2.436138987541198730e-01
1.366951167583465576e-01
-4.602038115262985229e-02
2.026665210723876953e-01
3.139759600162506104e-01
1.567767933011054993e-03
-2.791575491428375244e-01
2.806753516197204590e-01
-1.325797289609909058e-02
-3.555260896682739258e-01
1.676464676856994629e-01
-6.392415165901184082e-01
2.470122128725051880e-01
-4.697569608688354492e-01
-2.428750395774841309e-01
3.435361981391906738e-01
1.446231268346309662e-03
-6.930752843618392944e-02
1.623849272727966309e-01
-8.205507695674896240e-02
-3.443817794322967529e-01
-5.438917875289916992e-01
-3.144297301769256592e-01
7.418353855609893799e-02
1.404432803392410278e-01
1.456742584705352783e-01
2.095693498849868774e-01
7.004417479038238525e-02
-2.778402566909790039e-01
-1.147307157516479492e-01
2.918548136949539185e-02
-2.384097874164581299e-01
2.251576483249664307e-01
1.865368932485580444e-01
-2.272458374500274658e-02
1.353163123130798340e-01
5.355872958898544312e-02
-2.070893943309783936e-01
-5.496859177947044373e-02
-8.358930796384811401e-02
1.969148218631744385e-01
1.266889646649360657e-02
-4.275052249431610107e-02
-2.177657186985015869e-02
-1.086639314889907837e-01
3.888898193836212158e-01
-4.746034741401672363e-01
-3.355313539505004883e-01
-4.275881052017211914e-01
-1.064182296395301819e-01
-8.980531990528106689e-02
4.229776561260223389e-02
-7.913311012089252472e-03
3.046101927757263184e-01
9.274138137698173523e-03
-1.981981843709945679e-01
7.479071617126464844e-03
3.765487968921661377e-01
2.647397518157958984e-01
-7.462610304355621338e-02
-1.775928288698196411e-01
4.766267165541648865e-02
3.159543275833129883e-01
-1.023577973246574402e-01
-6.550615280866622925e-02
-2.749553322792053223e-01
8.942864835262298584e-02
5.014216899871826172e-01
2.346338331699371338e-02
-1.119987815618515015e-01
2.958226799964904785e-01
1.815211325883865356e-01
8.821347355842590332e-02
3.188117444515228271e-01
-1.936134323477745056e-02
-8.898817747831344604e-02
-2.835825085639953613e-01
9.264896064996719360e-02
2.602228224277496338e-01
-2.258418351411819458e-01
-4.705540463328361511e-02
3.573499321937561035e-01
-2.331094071269035339e-02
1.119069606065750122e-01
-8.943278342485427856e-02
2.662235498428344727e-01
5.165138840675354004e-02
-2.672016620635986328e-02
2.849548757076263428e-01
-1.476880162954330444e-01
-3.188435733318328857e-01
1.922844499349594116e-01
-2.248992323875427246e-01
-2.106237560510635376e-01
2.688698172569274902e-01
-2.778648734092712402e-01
-1.065500527620315552e-01
-1.580434441566467285e-01
2.624519467353820801e-01
-3.335538506507873535e-01
2.016766518354415894e-01
-2.812237441539764404e-01
-7.876076549291610718e-02
-2.119851708412170410e-01
-1.844354122877120972e-01
3.335195183753967285e-01
1.154721900820732117e-01
1.015488356351852417e-01
-1.596779376268386841e-01
-5.446090698242187500e-01
4.322703480720520020e-01
-3.677420690655708313e-02
1.745828054845333099e-02
-2.159626781940460205e-02
2.353348284959793091e-01
1.014096885919570923e-01
-5.550129711627960205e-02
-1.037506982684135437e-01
2.431064099073410034e-01
-1.388327330350875854e-01
2.370606735348701477e-02
1.356427073478698730e-01
-1.016569286584854126e-01
8.975938707590103149e-02
9.920652210712432861e-02
-1.745436340570449829e-03
2.112717479467391968e-01
-1.870680153369903564e-01
1.486372351646423340e-01
-1.780114024877548218e-01
-3.256833255290985107e-01
2.355860620737075806e-01
-7.540911436080932617e-02
1.044056266546249390e-01
1.847845017910003662e-01
-1.441595256328582764e-01
1.233498007059097290e-01
-4.857236742973327637e-01
-1.343569532036781311e-02
-5.204484239220619202e-02
-3.555416464805603027e-01
2.123160064220428467e-01
3.565016984939575195e-01
1.272152662277221680e-01
-1.622170060873031616e-01
1.531342566013336182e-01
-1.074924245476722717e-01
-4.625415429472923279e-03
7.032932341098785400e-02
-5.292929410934448242e-01
1.040341109037399292e-01
-2.100427150726318359e-01
-3.120966814458370209e-02
-1.349557936191558838e-01
1.681854575872421265e-01
8.389198035001754761e-02
3.188998997211456299e-01
-5.086290240287780762e-01
1.414019465446472168e-01
3.220436275005340576e-01
1.483941823244094849e-02
2.752189636230468750e-01
-2.741649746894836426e-01
-1.286152005195617676e-01
4.617018997669219971e-02
-4.849523603916168213e-01
-2.051390707492828369e-01
-1.664787679910659790e-01
-2.761603891849517822e-01
2.995477914810180664e-01
1.275138407945632935e-01
-2.887530624866485596e-01
2.165331244468688965e-01
4.176703393459320068e-01
4.419888257980346680e-01
-1.910828799009323120e-01
3.739728331565856934e-01
-2.700037360191345215e-01
-5.605968236923217773e-01
3.477089107036590576e-01
-2.580325603485107422e-01
-6.666061282157897949e-02
-1.833856105804443359e-01
2.577040791511535645e-01
-3.456763625144958496e-01
2.334124147891998291e-01
-1.901526898145675659e-01
2.226008027791976929e-01
1.996882855892181396e-01
-6.337682157754898071e-02
-5.700706839561462402e-01
-7.223877124488353729e-03
1.570549756288528442e-01
2.981173992156982422e-01
-2.105290293693542480e-01
3.799411002546548843e-03
-6.037501245737075806e-02
-1.445848792791366577e-01
4.396007955074310303e-02
1.041198372840881348e-01
2.955496907234191895e-01
4.315671622753143311e-01
3.586124628782272339e-02
2.836108803749084473e-01
-6.518089771270751953e-01
-8.396185934543609619e-03
-1.222488060593605042e-01
-2.872215770184993744e-02
-5.406123399734497070e-01
-1.407434791326522827e-01
1.974809467792510986e-01
2.311517745256423950e-01
1.699369959533214569e-02
-1.787100285291671753e-01
-2.608314156532287598e-01
-1.324872970581054688e-01
6.217401474714279175e-02
3.875643908977508545e-01
-2.591014504432678223e-01
6.210830062627792358e-02
-8.326308429241180420e-02
1.287377178668975830e-01
1.511436253786087036e-01
-1.267742514610290527e-01
2.911419868469238281e-01
-4.818210899829864502e-01
-2.053862959146499634e-01
-2.416806668043136597e-01
2.795581817626953125e-01
1.369665116071701050e-01
-6.963874399662017822e-02
-1.275117248296737671e-01
2.180640846490859985e-01
2.514863312244415283e-01
-1.552048772573471069e-01
-2.951749265193939209e-01
-2.376652956008911133e-01
-2.053938508033752441e-01
1.310239434242248535e-01
-1.424495689570903778e-02
2.461268007755279541e-01
1.033639237284660339e-01
-4.256251156330108643e-01
3.205094635486602783e-01
1.609831154346466064e-01
-3.009833209216594696e-02
8.815173059701919556e-04
-5.050465464591979980e-03
6.444167345762252808e-02
-1.950544118881225586e-01
-4.597774147987365723e-02
-1.256899386644363403e-01
2.227649986743927002e-01
-2.440314292907714844e-01
-1.461904197931289673e-01
7.989647984504699707e-02
4.261421859264373779e-01
7.301100343465805054e-02
2.488539665937423706e-01
1.253294795751571655e-01
4.149408638477325439e-01
3.198690116405487061e-01
-1.687735170125961304e-01
-2.211842238903045654e-01
1.176987960934638977e-01
2.236240655183792114e-01
2.569004334509372711e-02
1.114267408847808838e-01
1.892868578433990479e-01
1.622608676552772522e-02
9.625185281038284302e-02
-1.540838629007339478e-01
2.846433520317077637e-01
8.607640117406845093e-02
-1.497178524732589722e-01
-3.980401158332824707e-02
2.250233292579650879e-02
3.283633291721343994e-02
5.817116424441337585e-02
-3.582095801830291748e-01
2.090919315814971924e-01
2.241649925708770752e-01
-1.837448626756668091e-01
-2.115681171417236328e-01
1.096567437052726746e-01
2.320019155740737915e-01
-1.235642135143280029e-01
-2.773571312427520752e-01
7.820366322994232178e-02
2.008965015411376953e-01
-2.818743288516998291e-01
2.805378437042236328e-01
1.870701014995574951e-01
