-2.870616521672829033e-02
1.546560679772539465e-03
-9.344402415002865669e-02
-1.717960512159177194e-03
-8.212562031431257237e-02
-4.124056418545701645e-03
3.842780262996513263e-02
-4.584755187660212450e-02
-2.572570308205115661e-02
1.656994656480623510e-03
3.527281928902177566e-02
-6.469985758909904683e-02
-4.695307134304131658e-02
-4.510307489958342853e-02
-4.772376092609668941e-02
-3.805169400108352439e-03
3.914559809315461270e-02
8.208102784367522775e-02
4.943658863156548400e-02
-3.660901166988423522e-02
5.186383368281691914e-02
4.791052822073366829e-02
-6.795493623291261331e-02
-6.401477174660700868e-03
-1.289444420354817454e-02
-6.844849305515608544e-03
-6.437739432320167821e-02
-2.255875103481150626e-02
9.998929008308057864e-02
1.533358201124217397e-02
4.651361888507196674e-02
8.257188844611155695e-03
3.551678342784635872e-02
6.067802884812098507e-02
3.104592924516243885e-02
-4.703968059362458043e-02
-5.417993437856540029e-02
4.441442436721779186e-02
3.277609333028511790e-02
1.981333388439797741e-02
-1.541338404980014537e-03
-9.909020892339230613e-02
-7.067015010780153261e-02
2.727887428849409823e-02
-1.867667167576529848e-03
1.706369161060022552e-02
-6.068697111785483628e-02
2.383795956129353827e-03
-6.717868579969778903e-03
3.994523117481309227e-02
-5.671935736376391285e-02
-4.305239582741970938e-02
-1.880349637389424483e-02
3.762195817113923261e-03
6.797486151192815018e-02
-1.241939404913942196e-01
2.565415336659390352e-02
5.339171689013805927e-02
-4.612999947609078277e-02
-3.429979929565156460e-02
-2.372078544783859030e-02
-4.640569744510086164e-02
-8.159265707557393499e-02
-3.688517194235175350e-02
3.824293077950365223e-03
4.447240712728304374e-02
-1.604321451624033876e-02
-5.664302445860596585e-02
2.480062065504960375e-02
8.876828698151134622e-02
7.208158898069695619e-02
9.110593597162772520e-04
-9.276529993332770577e-03
-3.405404042876186005e-03
4.173055136457555492e-02
1.543283030813500344e-02
-3.814175566784357152e-02
1.397974218654231826e-01
4.523093152507272341e-02
-8.449542746314502029e-02
6.613860538765879704e-02
1.152300085383938799e-01
-5.112533362906936801e-02
2.756769342027650532e-02
4.689659767354784070e-02
7.481867146020641443e-03
-1.528008194363028246e-02
2.645378975041993638e-02
1.799810431202312003e-02
-1.325681086215746950e-02
3.108569724900467693e-02
3.659138469948567535e-02
1.551226559970910780e-02
4.601495360962382097e-03
5.420773202502757876e-02
6.906085856379329257e-02
8.442775614347889854e-03
-5.628287025225726242e-02
6.130007135877261343e-02
-5.352712061957001083e-03
-7.613075306467977088e-02
2.523584138529963439e-02
-1.566424125700639769e-01
7.094987011689131429e-02
-9.927089692756398132e-02
-5.524314977648155794e-02
7.520327326403465629e-02
-6.790727604861841911e-03
-8.433413969334791968e-03
3.364943079172925955e-02
-2.213172463334454887e-02
-7.618502749058286838e-02
-1.224923863859517792e-01
-7.161369165142503213e-02
1.023648330969527918e-02
3.617025266710104103e-02
3.464346908157509008e-02
6.406337800190517462e-02
7.901817827963149646e-03
-6.745909596180617307e-02
-3.794502573369883114e-02
2.084053460466696230e-03
-4.260589984605955144e-02
4.550555298746048610e-02
5.071247682857285555e-02
-1.411480149989848172e-02
4.534132959070866914e-02
1.150760152567216303e-02
-3.475755236620031025e-02
-3.112185268154379902e-02
-1.103067772139376852e-02
4.437680607445263631e-02
1.052873999790048323e-02
-1.645081261490850821e-02
-4.195331228554154829e-03
-1.967314861634910511e-02
8.505867157834576253e-02
-1.040609749497756614e-01
-8.439650773192372557e-02
-1.026627513514278278e-01
-2.760886484532881768e-02
-1.400095266916952588e-02
1.118761158327207265e-03
-4.844455640850818708e-03
7.735190123015904529e-02
-8.383884758205529045e-03
-6.013651299541976358e-02
-4.568741161002974269e-03
7.612968976672766785e-02
6.790833604440298099e-02
-1.258654927535327733e-02
-4.231285889306048154e-02
2.787709042193712693e-03
7.057799321572902351e-02
-2.299673898147104947e-02
2.075667812351017407e-03
-7.233584927795218278e-02
1.798880210602597784e-02
1.043695492989446250e-01
7.324489968148332336e-03
-2.204867346829977870e-02
6.872142876100797992e-02
3.877062375882750489e-02
2.227491322278298339e-02
7.752823697749570975e-02
-7.057709502615457618e-03
-2.811182128751224182e-02
-6.704604763559157687e-02
2.624117308817713184e-02
4.526507263540444082e-02
-6.244977382707256330e-02
-2.842776277249220440e-02
6.963081268346199559e-02
-2.534727096552498275e-03
3.750899762348206684e-02
-1.774233987744745777e-02
4.772158479767918404e-02
1.025891906159307268e-02
-5.312078890215846810e-03
6.770406395956690693e-02
-3.921074655681013738e-02
-7.157997652070766104e-02
6.037562294794126400e-02
-4.213550607811745313e-02
-4.323702661964981542e-02
6.478566111079935019e-02
-5.424649616993366258e-02
-2.558464273960070479e-02
-3.375381891241852755e-02
4.815105150096789938e-02
-5.478773464056042181e-02
4.407306279641390323e-02
-6.189775708155242223e-02
-1.181060594372088796e-02
-4.461664250383581831e-02
-4.006851099607376676e-02
8.484609123994604762e-02
1.716502687738662852e-02
1.458791295173679677e-02
-3.005656682457183426e-02
-1.280609372001415558e-01
9.387736099368963749e-02
1.093713391894895505e-02
1.951547383062606899e-03
-1.021230153670377346e-02
5.269859522290550047e-02
1.500160189845669949e-02
-7.713344963784987164e-03
-3.147483457996712308e-02
6.034556001453764834e-02
-3.413028912864719822e-02
-1.360873606696379363e-02
2.051067241959587256e-02
-2.700176134068750858e-02
1.298068691353303737e-02
2.885431035966396288e-02
-1.236964227191707927e-02
3.655988202102890272e-02
-4.528948556012466625e-02
2.601364383726443089e-02
-3.172006675113210605e-02
-6.930776823607526227e-02
5.260126053210970737e-02
-2.027854490036544791e-02
2.087912662408934403e-02
4.775940452266508318e-02
-4.058211362644845166e-02
3.095120326673360747e-02
-1.086728019674698814e-01
5.313355177975128199e-03
1.502444959575674477e-03
-9.689770835915714753e-02
3.699461898373239410e-02
9.007692277414301729e-02
3.165974275427169138e-02
-2.954422892436999251e-02
2.204275103079325615e-02
-1.448303611024967172e-02
1.065106466719641272e-02
5.905278618374739351e-03
-1.283109509099234491e-01
2.718013617648822391e-02
-4.412203063905913158e-02
1.109819507749771434e-03
-1.517118141097967797e-02
3.632349305457117927e-02
1.758675329993082681e-02
5.762813368738815140e-02
-1.063853046470665253e-01
3.071593373507639294e-02
5.705948062173538116e-02
-9.072432923377016407e-04
5.854859307981533090e-02
-5.695534346578015605e-02
-2.885517222539532578e-02
1.409789935527783200e-02
-9.507588931143003130e-02
-4.249733778558314329e-02
-3.007172707580821336e-02
-5.661566269826080050e-02
7.193223194226930350e-02
3.339065973359648526e-02
-6.921446879402938512e-02
4.096027785463187548e-02
8.620174989853415792e-02
1.052292620170645898e-01
-4.277510291148147598e-02
8.732283578281876957e-02
-5.354031773219606466e-02
-1.131615968264698957e-01
7.747805723935848043e-02
-6.723751391465664085e-02
-1.309995625230044210e-02
-3.914143736203767876e-02
4.679906155053130401e-02
-7.908454854528167155e-02
5.378375022204459621e-02
-4.588217840556415433e-02
4.827349257167007357e-02
4.161361500718443324e-02
-2.352552662933876312e-02
-1.102709519981538849e-01
9.042416220319146559e-04
5.126420958768342778e-02
6.702258243295909634e-02
-4.196678843132584102e-02
-1.808781058300026239e-03
-1.326351426229030461e-02
-3.052082186303268010e-02
1.380688758424015485e-02
2.242037370349796860e-02
7.359549411276573860e-02
9.747471590871931157e-02
5.609827083061891088e-03
7.184497546684562308e-02
-1.387571334168283543e-01
-3.599197524524313846e-05
-2.451119392443742648e-02
-5.747940240971179636e-03
-1.231183452673214190e-01
-2.291070761020958663e-02
4.801562630744685145e-02
4.098099235169260640e-02
-3.368114315782566072e-03
-4.566746486692511292e-02
-6.693090105301424675e-02
-2.804896783030613391e-02
1.542847970238376588e-02
7.298466576312451215e-02
-5.584723509997931851e-02
3.733829537399102616e-02
-2.250753111389504693e-02
1.789583618290296191e-02
4.333919568374337838e-02
-2.764723933446363788e-02
7.406730120842057452e-02
-8.853799381635668597e-02
-4.361123815327215547e-02
-5.209778564962044139e-02
6.486586415632955571e-02
1.534960082604236269e-02
-1.068708883857529858e-02
-2.846927762297004477e-02
4.923647397567879752e-02
4.890641572440924262e-02
-4.310766420575629781e-02
-5.677589707660844753e-02
-3.812960038908053823e-02
-4.856586318465586083e-02
2.952447535806722312e-02
-8.303115390939964230e-03
3.953877397503453156e-02
2.816121510977182690e-02
-8.176079684304375650e-02
7.324093377825202644e-02
4.188156939328244177e-02
-1.377921046689366963e-02
1.002175656238602853e-03
1.712772394162279848e-03
7.929076395572274769e-03
-4.429970706642236827e-02
-1.661631890375471488e-02
-2.313454338671412300e-02
5.879721327488981325e-02
-5.586599141168104715e-02
-3.097332118500441267e-02
1.984618549830020201e-02
9.974685815000064459e-02
2.471201194201293194e-02
6.855307765481476190e-02
3.520912377908962110e-02
8.685477334516916725e-02
6.089637477106845526e-02
-2.893029653722882857e-02
-5.837310268737226637e-02
3.870864207385542322e-02
5.469568341784961790e-02
1.958228493564459060e-03
2.687015345285786658e-02
6.137012354124452701e-02
-4.328626936774384107e-03
2.411468945766396740e-02
-3.109299173712952100e-02
6.271888066964662056e-02
3.444003574729750938e-02
-1.908828851234561919e-02
-5.988643076566113783e-03
-6.996059685482463979e-03
-7.891392059456056943e-03
1.674277871236903859e-02
-6.973938795260861689e-02
4.636898724841281849e-02
4.608565136585236754e-02
-3.285260125032338219e-02
-3.292408987568089945e-02
1.960719772597816976e-02
4.152941964108250450e-02
-2.485738326420397840e-02
-6.330946012785210186e-02
1.817966739059637474e-02
2.695810998780279882e-02
-4.920389479059970178e-02
5.271124912896905934e-02
4.112658822127726599e-02
