2.353149740510090959e-02
-2.737420787753795381e-01
-1.144691315387770247e-01
-1.505217164784753148e-01
4.201589010731034413e-01
-5.619229649165464330e-02
2.317697037718831898e-01
-3.041165261689028898e-01
1.484806482282383100e-01
-7.576761533280135241e-02
-4.690297427092817162e-01
2.400326456523804997e-01
-8.575534746597915370e-02
-3.182821293749029112e-01
4.179891712918491070e-02
2.698838455938556424e-01
1.177314472464770639e-01
-1.684619587097045401e-01
-1.788354514430182118e-01
6.770398010913534570e-04
