3.796781817823197125e-01
1.151772366680112354e-02
-3.652486915922108224e-02
1.699957991015014214e-01
2.735358826836632451e-01
-1.901228415177904085e-01
-3.936781454674646158e-02
7.969017164988648205e-02
-4.099057032602992229e-02
1.369868218573881691e-02
-4.101087802961597140e-01
3.331888642185693583e-01
-1.029831912466124405e-01
1.907750252758680723e-02
3.110626924556201822e-01
1.401060046403545811e-01
3.363917388866651259e-01
-2.621727319075857210e-01
-3.226625394231898425e-01
-1.103363537731368027e-01
