-8.617347772143124640e-03
3.727803432231153319e-02
-4.663083570269774270e-02
-6.639538817265419612e-02
-3.194834080037801949e-02
2.805512587574131300e-03
-1.227853463162977693e-03
1.583199546175728667e-02
-3.879226913513539928e-03
6.478069028050524071e-04
6.608394757497956795e-02
-3.458444880512109160e-02
-5.736112636459390901e-02
2.601224105419018637e-03
6.014737122357570291e-03
-4.825771994715583046e-02
1.311380369925192572e-02
5.847709975536800192e-02
4.256642592359529548e-02
5.069022352866375813e-02
1.375905842460344863e-01
3.277294815548723733e-02
-6.487705563157850075e-02
-8.829519495047856090e-03
2.279641920176606398e-02
1.217265953651534317e-02
-2.577161339118909031e-02
-6.745140288811865559e-02
6.061144308888729432e-02
3.342330764982506808e-02
2.322408521947252197e-02
4.381136678106301724e-02
6.016463501564068422e-02
9.275556718363824060e-02
8.530375063499302801e-02
-3.196493378405901309e-02
-5.718001141355086997e-02
-4.957657229432016477e-02
3.248030675573428810e-02
8.364190153871763067e-02
1.351329990562333792e-02
-8.316227188784848512e-02
-9.998747121189090203e-02
-3.413726971686704276e-02
-2.396407879260575944e-03
-5.642703645594969453e-02
2.000385383712179402e-02
6.545168500015646762e-02
-1.575453614105202724e-02
4.835084140138948966e-02
-6.694364234936391045e-02
-1.235058524917968803e-02
-5.092472902996283447e-03
-2.182063813797768467e-02
1.398533451490042469e-02
-1.028569741573862190e-01
3.982516829058269786e-02
1.527748206311400382e-02
-1.064019778329244707e-02
1.239677392609095201e-03
4.756154672466705174e-02
-1.086869582284157205e-02
-1.105329433979376080e-01
-4.704747727446880953e-03
3.630871786376441146e-02
-3.818603061297707463e-02
-4.720616486520715603e-03
-5.893344158925224036e-02
-4.567229524253637804e-03
-4.985488323941071609e-02
5.060018282404545736e-02
-9.029425362427573321e-02
-6.372396086425635708e-02
-3.499166758949336271e-03
3.945801250174604813e-02
1.211297415351029680e-02
-2.690966880017390400e-02
4.395611066715787198e-03
-5.470622247456316534e-02
-1.108384345049572006e-01
3.432574865328098107e-02
5.506970455229935613e-02
-7.526550813810336084e-04
4.757633432282076108e-02
4.732466192400106540e-03
-9.450996133583215372e-03
4.134564079321916691e-02
7.696889849283464202e-02
7.474066848662885842e-02
-2.166245820839907826e-02
4.183937067068805790e-03
4.989572139130116907e-02
7.344230146808965187e-02
-3.180793812113362484e-02
6.852720065380130121e-02
-9.412614299800062950e-03
4.589021686989794464e-03
-1.141291935213786281e-02
4.433928138504338728e-02
7.489417594595750016e-02
2.227422054774408008e-02
2.466424622353402540e-02
-5.076824930978216660e-02
1.634962764981715000e-02
-3.408870981513422577e-02
4.981906289986419781e-03
2.692845143492559549e-03
-1.247915437163541960e-02
-4.221017035691921292e-03
5.416883373735707774e-02
-2.522318364487764059e-02
1.132689438808001312e-02
-8.195023873648717150e-02
-1.065158645333558335e-01
-3.767007710219417733e-03
1.073363973486511809e-02
2.922099291751046116e-02
-5.986728636298082468e-02
-7.906907863196342007e-03
-5.165220581554593599e-02
5.501369122407777368e-03
3.164417805959043178e-02
-3.745016540996011500e-02
3.073165008561971889e-02
-4.869065139659735364e-02
1.485480155957003348e-02
3.567570000839044575e-02
8.667407468917177893e-03
-7.186297670989788555e-02
2.875475210509064340e-03
4.322376845039459931e-02
-7.983526603025368259e-04
-1.207984118829223165e-02
-2.481224808516296898e-02
-1.259001249643684241e-02
-9.573553653496507179e-04
6.418662320380306985e-02
-5.524692715839826102e-02
-2.431504159831631914e-02
-3.376960046976116431e-02
-3.356668838703098096e-02
-1.075527189737931627e-01
-2.002790024729155308e-02
-2.408362761269308705e-02
1.360836537911696287e-01
5.420547809460984912e-02
4.836499297381616214e-02
5.128601400320183246e-02
3.656574844807103375e-02
-9.154318951834143625e-02
2.628382942266711819e-02
3.103242193143417038e-03
3.364216012733923372e-02
4.279324859850144880e-02
-2.936057075089010260e-02
-1.912348822660861133e-02
3.691903423837059051e-02
2.587795391137982098e-02
1.616616801643244727e-01
-1.924539150130788814e-02
-1.650092723858812352e-02
3.713619064727931296e-02
7.598366814057549989e-02
1.632468020320074903e-02
1.022047960269851230e-01
-6.099714631546199195e-02
-9.556603236607454088e-02
-1.728163225536150788e-02
-4.530981358026667932e-02
8.220416538274047391e-02
-8.356721323634920193e-03
1.020388165006652810e-02
4.351169597197265815e-02
7.164140787250780629e-02
-2.583262714042613636e-02
1.233074008707409769e-02
3.166052590835579522e-02
8.024400365731267429e-03
-3.579810349082296816e-04
4.444567656369503850e-02
-1.121629382057170166e-01
5.004778785484198175e-03
1.527455535097941601e-05
-3.498499263199342235e-02
-6.267665175093077579e-02
1.462781118256788497e-03
-3.748075427227001016e-02
-4.367779806575032564e-02
-2.275819968704866428e-02
6.304698435576863713e-02
-7.532844901216699529e-02
-2.901501333570089686e-02
-7.913653379800375531e-02
1.732501285384312889e-02
-4.023876389539535886e-02
3.541919944552301969e-02
1.156461728514673604e-01
2.985040331446386572e-02
-2.050961520126055176e-02
2.397174505582870888e-02
-5.959350378856144437e-02
6.805356024519512714e-02
-6.865801242947164491e-03
1.941217599768852494e-03
1.161453735439789969e-01
4.795178163454692083e-02
4.088633415190939119e-02
-2.179454286368201141e-02
-1.560360094202050373e-02
2.274626592308165093e-02
3.735997894944603770e-02
-3.329537041230388322e-02
3.155020857105405446e-02
6.455860715668743782e-03
5.926883253071076746e-02
-1.109092221807965115e-03
2.733383170743064125e-02
8.424032224464773899e-02
-8.469916180456421584e-02
2.165211782138366445e-02
-6.593653536220174527e-02
-4.374390167712069455e-02
5.630128224423121969e-02
1.718348553535742687e-02
1.436370853876117043e-02
2.431469377174684185e-02
-1.340047374496547983e-01
2.594399127007029557e-02
-3.585183607053898935e-02
-2.215720506450443578e-02
-6.231694607594889107e-02
-3.897880355539427161e-02
6.358430021502683993e-02
2.903643613974661239e-02
-2.687232299267268854e-03
-8.361431392280720132e-02
7.010799622148684851e-02
1.652688338225600725e-02
4.479222445644875233e-02
3.202736699696291656e-02
7.588240754461611677e-03
3.508631948063271194e-02
-2.754985188287907213e-02
3.434594247011454882e-02
-1.387124806263916599e-01
3.445222170657637119e-05
-1.718939693072151983e-02
5.078452759323363180e-02
-9.067828065804896254e-02
-2.619458540652461892e-02
-2.554064826747218242e-02
-6.262465002247714907e-02
6.952266373247101110e-04
-2.105470084355404170e-02
-2.115923266558350155e-02
-4.026567242133680807e-02
-1.141969882324034569e-01
-3.913932054825635526e-02
-6.791971658126084999e-02
5.101337760014472422e-02
1.485869390451416763e-02
-3.225061533978845763e-02
-2.709862806851711867e-02
1.353062050936133243e-01
8.367781049122351156e-02
5.150474722589217652e-02
-3.834726644741607432e-03
2.617261394747348591e-03
-6.227792987275569681e-02
-7.980184983482904726e-02
-6.982752543903155210e-03
-1.040739762597400475e-01
-4.491459315622432780e-02
-5.225572135256036782e-02
1.015632382011720236e-01
-6.581539233700431368e-02
8.442112580809524314e-02
-1.028512433005748516e-01
5.344851472567867939e-02
3.029794347982336933e-02
-1.367279909169045321e-02
-7.384564778332175505e-02
-8.075376171436640660e-02
1.941655364351292656e-02
4.056825172307478022e-02
-2.426434339133972523e-02
-6.774033082516320303e-02
3.689919156074049356e-02
2.902187380070455833e-02
-1.729634863188432917e-02
-1.494606793876648507e-02
-2.035798766172407237e-02
4.178788736945464322e-02
-1.740562911474563199e-02
2.543188621183109857e-02
-3.722038786553041184e-02
-6.498531913580334052e-02
1.145814922854719586e-02
-7.076167166245367346e-02
-6.487514092912938235e-02
2.805249440211152797e-03
5.964816142132057381e-03
5.924400765155218157e-02
-2.856441229653000624e-02
-8.260184046857312057e-02
-3.171487629431188338e-02
2.127391605449065887e-02
-5.674850770936119837e-02
9.114092312179170041e-02
-1.409306799768605782e-02
-1.478007350559365843e-02
4.184513962279035743e-02
-2.686215320630801467e-03
5.081632225431770983e-02
-1.181701680712833949e-02
3.759654076829750755e-03
-2.401038858769746764e-02
2.672329669898079046e-02
4.924727659941244978e-02
8.523035591619963769e-02
2.872316034283875497e-02
1.782361727223567144e-02
-4.467832947443240582e-02
9.495152550946467374e-02
3.696315521055009573e-02
-4.951343680300931971e-02
-6.469163425634195420e-03
-4.916298662740948427e-02
4.111505496609468152e-02
7.775080599574821227e-02
-3.137676899297744959e-02
7.099788234210167859e-02
1.958490998472419212e-02
-2.907395503237406378e-02
9.642532631174547189e-03
-1.477652070563401261e-02
4.857128725585525136e-02
7.581172007595515534e-04
-7.121533688806995499e-02
1.533127758287592714e-02
-4.641533975157902114e-03
1.421782841920602933e-02
-1.241637498847903559e-02
-9.654735381021956053e-02
-1.339842918726376064e-01
-6.836932051759923856e-02
3.882846959943284104e-02
1.000420899212005749e-01
1.733641162741994882e-02
-1.379559677756838146e-02
-2.207611758141614540e-03
8.168451911321164549e-02
-2.698538567539779040e-02
-1.077063324374096520e-01
-5.766121787820163713e-02
5.061391369195476775e-02
-2.291811709315765000e-02
-7.305011210415272849e-02
-2.186153550320079578e-03
8.339571983074466066e-02
4.564612212134182279e-02
3.000827682539793095e-02
-3.593791155226525730e-02
1.395597795243666908e-02
2.472755397181261236e-02
5.882641701014153929e-03
9.889792601512896464e-03
4.734900481491337298e-02
2.963667216910598201e-02
-5.358804286954839402e-02
-8.505171881538486911e-02
3.528922079730241381e-03
8.646549800231012606e-02
-2.676457211855858345e-02
-1.094841932888242046e-02
4.061090519839449971e-03
9.485965954351512075e-02
9.582943314555355738e-03
8.151658513283473878e-03
-2.391143358499860441e-02
-2.874933677666730372e-02
-6.079013319184598668e-02
-5.292446265293649157e-03
8.138041931246994820e-03
