-4.403287640917952911e-02
2.441733728297352732e-02
-2.290643071837477826e-02
-7.273896566700058242e-02
-5.442855924368820986e-03
1.319839728852244612e-02
-1.779824705528692749e-02
3.661137784232681297e-02
9.365721527697249207e-03
-4.501472545393433826e-03
6.248265346085217498e-02
-4.823237839036698810e-02
-7.822874708777299846e-02
-5.586433702175985783e-03
-3.269300282112138170e-05
-3.381256536944915458e-02
-7.623598236873074634e-03
5.272425074063899486e-02
2.452490433068341483e-02
4.341193279790264009e-02
1.537771600389829796e-01
4.409751297013832227e-02
-6.181115102448010712e-02
1.283201099740593001e-02
1.992264277789585272e-02
2.265593883132324335e-02
-1.430170853751951826e-02
-4.814381176506097454e-02
2.980968220064345031e-02
1.878482055759379127e-02
1.661092497001085549e-02
4.248778925492278924e-02
3.372871450744133193e-02
8.126421715094687970e-02
7.559376913479035065e-02
-2.825599469046014348e-02
-6.185823214802795011e-02
-3.877437605211116883e-02
4.306975478725713624e-02
1.010595030204777395e-01
-1.382753784234640876e-02
-9.246813347471347089e-02
-8.853520775023399070e-02
-3.554697859594288523e-02
-6.654051561341971406e-04
-7.203790276747615295e-02
-1.819173072743490369e-03
6.299183765520387224e-02
1.013965531601917006e-02
7.110270708897886704e-02
-7.994461025421323308e-02
1.656133642364738829e-03
1.407011361125082120e-02
-2.007477483208407881e-02
5.245057649507291891e-02
-1.032937106471453481e-01
3.521488591978465255e-02
5.022077511626577700e-03
-1.497519848032588530e-02
2.131811225618309574e-02
4.755934576531409275e-02
-5.567887119824040977e-03
-8.435960801178137014e-02
4.187525646483812765e-03
3.056385308049724622e-02
-6.785988950414968690e-02
-1.515797517112385182e-03
-3.280182705794062320e-02
-2.437255492014847938e-02
-3.545101489944568751e-02
5.696698750746293644e-02
-8.166768617366264305e-02
-4.102016442493141429e-02
-2.228810233866148488e-02
4.254995317008142264e-02
7.838847965869292014e-03
-4.856590040186117146e-02
-2.192701954240465489e-02
-2.732050514618210649e-02
-8.493770633999508934e-02
3.762769090941571470e-02
8.187967294918208072e-02
-2.285638485425783503e-02
4.445812975438780817e-02
-1.514381005800885570e-03
-8.440626833344198887e-03
4.592997651405765491e-02
6.671551703298322922e-02
7.134566627447887222e-02
-1.890261204785284241e-02
-4.101608595044177637e-03
1.417542276123109728e-02
7.377242032501631075e-02
4.619516821083708672e-04
7.311696400358365378e-02
3.415609272829502746e-02
8.794681194773862343e-03
2.086385748834619375e-03
1.286949540353389369e-02
7.983173797279288775e-02
2.440332040688698856e-02
3.094552386991430634e-02
-6.055491480534201665e-02
2.544549018498034124e-02
-5.945458394657101436e-02
-1.283326470881374429e-02
-5.049664379150822432e-03
-1.508431745235126829e-03
1.807395749510897279e-02
3.107504738634329911e-02
-4.523636980665071694e-02
4.341064604833012874e-02
-1.040047684609168160e-01
-6.223299622217199484e-02
-1.363811439446609673e-02
1.104607649191379805e-02
4.405991901641161806e-02
-5.022464579808796209e-02
-7.111384095048266241e-03
-8.834947762139694349e-02
2.135276929095307821e-02
2.243998921489062312e-02
-2.174570609453273240e-02
2.385092229310809692e-02
-2.476319817955766750e-02
8.427251593193144097e-03
3.992799920939354985e-02
4.787776064128665583e-03
-5.496004419921219492e-02
-1.618686099873176479e-02
5.320885106275256848e-02
2.217676894017583597e-02
-1.170101898294283529e-02
-5.740824871289360032e-02
-4.768668876287290165e-02
-1.101405990204363389e-02
1.951662459994589136e-02
-7.444337328454389557e-02
-5.850900385125337722e-02
-2.419448790667099586e-02
-5.741418862713645183e-02
-9.588825819523204286e-02
-3.932855127138074752e-02
-6.891239501124172932e-03
1.258537622914054355e-01
3.079998901556137841e-02
4.217444834550779231e-02
7.362992498181575307e-02
5.643774740828775421e-02
-1.114708789832187658e-01
3.989592784572401629e-02
8.037494278253140209e-03
2.856699162903223593e-02
6.061478691518096262e-02
-2.110369456728207818e-02
-1.781944190736716935e-02
1.140268522512997984e-02
3.245873093408661869e-02
1.408805489964845004e-01
-3.847912006016770622e-03
-2.364507192196894231e-02
2.754566371631207017e-02
7.635965639115711856e-02
2.759749190247202250e-02
1.173761553186576378e-01
-7.584269605614558929e-02
-1.094451526089108701e-01
2.145744897695328439e-03
-7.912588280053624301e-03
6.924075263593812424e-02
3.066412043265926996e-03
-6.257531855743171841e-03
2.935142546775095299e-02
6.942158616099651514e-02
1.631275031704379095e-03
3.544568706067516978e-02
5.316638484915804652e-02
3.216225687717619991e-02
-1.128599181913449850e-02
2.243333463297979627e-02
-5.768586319431281279e-02
-2.784548679981257296e-02
2.520171895616903426e-02
-4.535823107714553881e-03
-8.093167932899059114e-02
2.038782883112142189e-02
-2.375830936205175839e-02
-3.874515640371044983e-02
-2.537650997478892861e-02
2.966501329397580947e-02
-5.476792901033424726e-02
-1.672198341271791816e-03
-7.408813998228967745e-02
2.802519354956962624e-02
-4.994022893244216138e-02
5.646902672542987965e-03
1.117471962819608228e-01
2.349427878287644461e-02
-3.971069502820824548e-02
3.793794014215513127e-02
-6.979159969482690018e-02
8.630770513214963691e-02
8.403417165638474989e-03
-8.935798498736286649e-03
1.250537657382623791e-01
6.546056756341764316e-02
5.146209547346734109e-02
-4.496814511940931680e-02
-2.273623026579736899e-03
4.145059432889289719e-04
5.079300656196912567e-02
-1.338918573426008812e-02
4.935870506820432685e-02
1.867124404161010776e-02
4.307383760887370516e-02
-2.971804650372191631e-03
1.958418069135367187e-02
4.710808616793483311e-02
-8.797566643747686821e-02
-3.293444225104520066e-03
-8.273114644062878886e-02
-5.901583711935907278e-02
6.969081590398509829e-02
1.834182745679254975e-02
1.294455811373159890e-02
4.607926728608170708e-02
-1.072942985329298077e-01
9.231226636906340530e-03
-4.738366184682192214e-03
-1.893143176057561841e-02
-2.346655802384262426e-02
-1.321218463630686145e-02
7.928183684872498749e-02
1.349900720199803325e-02
4.766448624676932096e-04
-7.195552992862594421e-02
6.653423140672368175e-02
-9.918622169349732790e-04
3.373987792940828095e-02
2.185665868469894788e-02
1.690024017828608074e-02
3.522650839835584496e-02
-3.565064540136743398e-02
-7.267553326020255444e-03
-1.085869393318654175e-01
2.525682487603735094e-02
3.809895076839370578e-03
1.038171203796764246e-02
-8.285544644933368064e-02
-1.942153032883552760e-02
-2.731179350380602902e-02
-4.077543508934380889e-02
-6.965260987478606725e-02
-2.241608523330500605e-02
-2.222366922324321443e-03
-2.461837625402194321e-02
-8.975838493846309551e-02
-4.428029748576477187e-02
-8.336632776204047635e-02
4.718574324348685095e-02
3.156423131909626145e-02
-2.032707860164177649e-02
-3.105178417126778102e-03
1.148962063452521470e-01
7.991066093170813567e-02
7.248029422590970827e-02
-1.483916818430182707e-02
-1.292948923292699080e-02
-7.846245558715708723e-02
-7.728631779005724900e-02
-2.389171920995989892e-02
-1.329411511152024661e-01
5.611559226430103305e-03
-3.772092461019825593e-02
7.464987224702161750e-02
-6.164771296256149613e-02
9.101588704096441607e-02
-1.016059055767890157e-01
6.066881648642037661e-02
2.882978240760592642e-02
-2.064343815599986240e-02
-9.703176124101167699e-02
-3.864000114202364305e-02
2.599625725673353552e-02
3.244357511074332651e-02
-3.111757967626722216e-02
-6.218192269724781562e-02
1.045066442654667832e-02
2.985003049399564609e-02
3.583265873667575759e-03
-4.062665206174567029e-02
-2.369169920546485356e-02
3.912659070942228756e-02
-1.335442089074214030e-02
1.469118328920880102e-02
-4.969557610628860117e-02
-8.897291822238483083e-02
5.106698684527137544e-02
-3.508873925155812229e-02
-5.999933111694576854e-02
-2.446685105875372884e-02
1.520893480132235603e-02
6.821577661429480133e-02
-1.309251170951069958e-02
-7.382527443313272042e-02
-6.811169596238612900e-02
-2.869548922350476355e-03
-5.922054854324147743e-02
9.191688995784830229e-02
-1.667523810472574392e-02
-1.455199176247821448e-02
3.798787298097178883e-02
-7.331775605782220838e-03
3.939290961621575576e-02
-1.223331076522580184e-02
-4.071601681955679640e-03
-9.287579312779377719e-03
3.669672411599998740e-02
5.643329942800871107e-02
8.706921048456676970e-02
5.435472937868903592e-02
3.223673881121550538e-02
-3.912545002331476590e-02
9.413428637523608977e-02
1.892836095010931932e-02
-2.150407191332226117e-02
-2.563319043174394976e-02
-7.314863890927679468e-02
7.447912405645050471e-02
4.838591195827878638e-02
-2.926846837504079243e-02
9.409931460847607843e-02
2.784381924192062471e-02
-1.326677324807001151e-02
-1.062588233303150831e-02
-7.939323980124157049e-03
2.235249198281041502e-02
3.743967593066208077e-02
-8.930587336852680025e-02
7.439996461383003787e-03
-8.948384300636096078e-03
-2.674392135699226250e-02
-1.164431158151196972e-02
-7.026285607610334438e-02
-1.197112232456011005e-01
-7.475464148383667573e-02
4.881523421429744686e-02
9.327894567966873995e-02
2.440318129882509610e-02
-1.672124114079390905e-02
-4.673115548572679551e-02
8.265458831876573709e-02
-3.298785626911073660e-02
-1.007979381316994744e-01
-5.562548152408570978e-02
5.601519275948020626e-02
-6.267406615401756309e-02
-5.975228215442609375e-02
8.559173854264410727e-03
7.178723003994415264e-02
1.119436655531760340e-02
3.782622245764850205e-02
-5.621186721508671796e-02
4.977104744641812177e-03
3.871915710694256302e-02
2.336408580889958939e-02
-1.758684627247822721e-02
4.750539965891181077e-02
2.369468481224324199e-02
-6.615093305298246074e-02
-5.397129191688592592e-02
2.505735260953600996e-02
9.691975838497816909e-02
-5.803373420239130859e-02
-3.829669287837524777e-02
6.393623880969694952e-03
1.131280455029430726e-01
3.780652823378594096e-02
-2.052375653494983160e-02
-6.838989121996373599e-02
-3.246824592552013250e-02
-7.638116249752584241e-02
3.035649512573732056e-02
-4.637314176108548770e-03
