-3.184708058834075928e-01
5.117061138153076172e-01
-2.839326858520507812e-01
-5.724056437611579895e-02
-4.258202314376831055e-01
-2.003195732831954956e-01
6.229215115308761597e-02
-1.537625491619110107e-01
-4.904562979936599731e-02
1.741801798343658447e-01
3.631938993930816650e-01
-4.228747189044952393e-01
-8.525414019823074341e-02
-4.562807083129882812e-02
1.461238712072372437e-01
-8.526476472616195679e-02
2.086180746555328369e-01
3.173964917659759521e-01
1.185027509927749634e-02
-1.156174391508102417e-01
5.110748410224914551e-01
-1.697520315647125244e-01
-1.651812046766281128e-01
1.212733313441276550e-01
5.764163658022880554e-02
9.553670138120651245e-02
-1.577574908733367920e-01
-2.665328681468963623e-01
1.576886177062988281e-01
1.428314596414566040e-01
1.281433701515197754e-01
8.993113040924072266e-02
2.530198097229003906e-01
2.063355296850204468e-01
2.324923574924468994e-01
3.504364937543869019e-02
-1.080097779631614685e-01
-1.404134631156921387e-01
3.716306984424591064e-01
5.734625458717346191e-02
-1.213072985410690308e-01
-2.411932051181793213e-01
-4.179298281669616699e-01
-1.315107494592666626e-01
1.417432427406311035e-01
-1.125864386558532715e-01
4.363846406340599060e-02
3.800810277462005615e-01
-1.430867910385131836e-01
-9.978071786463260651e-03
-4.769825935363769531e-01
-4.900597780942916870e-02
-2.488118708133697510e-01
-7.921600341796875000e-02
3.120579570531845093e-02
-2.143695205450057983e-01
2.361437231302261353e-01
2.348314076662063599e-01
-2.583240568637847900e-01
1.399489026516675949e-02
4.534829407930374146e-02
2.010212093591690063e-01
-4.284746646881103516e-01
2.229866683483123779e-01
1.162133738398551941e-01
-3.625143691897392273e-02
-1.106404513120651245e-01
-2.040703743696212769e-01
-1.343128681182861328e-01
-2.505995333194732666e-02
5.446310043334960938e-01
-3.246885836124420166e-01
-5.794604867696762085e-02
8.433771133422851562e-02
9.804835170507431030e-02
-1.918994188308715820e-01
-1.284054368734359741e-01
1.483568549156188965e-01
-4.247531890869140625e-01
-4.636468887329101562e-01
3.699239492416381836e-01
4.629365503787994385e-01
-1.890832930803298950e-01
1.977241039276123047e-01
2.540110647678375244e-01
8.037859946489334106e-02
-7.218319177627563477e-02
1.173150166869163513e-01
4.872314333915710449e-01
-3.456293940544128418e-01
1.205931529402732849e-01
-1.193139404058456421e-01
-4.867341741919517517e-02
3.402277827262878418e-02
6.326805353164672852e-01
-3.152010589838027954e-02
-7.522442936897277832e-02
-1.359576135873794556e-01
-1.125466264784336090e-02
8.520163595676422119e-02
-3.181342780590057373e-01
-8.705100417137145996e-02
4.645250737667083740e-05
2.766254544258117676e-01
-3.476988375186920166e-01
2.389365732669830322e-01
1.428265422582626343e-01
6.839505396783351898e-03
9.418603032827377319e-03
2.936251759529113770e-01
-3.178718984127044678e-01
-1.828442215919494629e-01
-3.925173282623291016e-01
3.013188019394874573e-03
3.076365888118743896e-01
8.242473006248474121e-02
2.628328502178192139e-01
-1.487858146429061890e-01
6.441354751586914062e-02
1.303195059299468994e-01
3.887028992176055908e-02
-4.106927663087844849e-02
-1.919569075107574463e-01
-3.956545144319534302e-03
1.783025823533535004e-02
2.580286934971809387e-03
3.022509999573230743e-02
3.377575799822807312e-02
9.783009439706802368e-02
8.423788100481033325e-02
1.036581024527549744e-01
2.073045819997787476e-01
9.427352994680404663e-02
1.540487855672836304e-01
-1.305400431156158447e-01
2.996854484081268311e-02
1.603120416402816772e-01
-9.797321259975433350e-02
-2.174023389816284180e-01
-2.581277191638946533e-01
7.037362456321716309e-02
-9.505809843540191650e-02
1.748333126306533813e-01
-5.041282624006271362e-02
2.270308732986450195e-01
-2.255732119083404541e-01
1.439010798931121826e-01
2.524843215942382812e-01
1.431190520524978638e-01
1.925412565469741821e-03
1.300107240676879883e-01
5.728250369429588318e-02
1.376916915178298950e-01
2.353053353726863861e-02
-9.650380909442901611e-02
-1.443749666213989258e-01
-1.282827407121658325e-01
2.291949093341827393e-01
4.851711392402648926e-01
-1.767947524785995483e-01
8.676984906196594238e-02
-8.060727268457412720e-02
6.294467300176620483e-02
3.061171770095825195e-01
2.134489715099334717e-01
-9.044589847326278687e-02
-2.767228782176971436e-01
-1.496113389730453491e-01
8.492951840162277222e-02
2.792783975601196289e-01
1.879107654094696045e-01
-1.741381362080574036e-03
-5.272227525711059570e-02
1.915427595376968384e-01
1.648695170879364014e-01
-9.391918033361434937e-02
1.641689240932464600e-01
6.783714890480041504e-02
-2.502201795578002930e-01
2.343356609344482422e-01
-3.314741253852844238e-01
-3.195896744728088379e-02
3.008436262607574463e-01
-2.516078650951385498e-01
-1.939497888088226318e-01
3.605528771877288818e-01
-2.164407446980476379e-02
-1.394557207822799683e-01
-1.255715787410736084e-01
-2.568311989307403564e-03
-4.248333871364593506e-01
7.839673012495040894e-02
-5.883823335170745850e-02
-6.434997171163558960e-02
-3.015664815902709961e-01
5.304326117038726807e-02
7.459239959716796875e-01
-4.949969649314880371e-01
-2.260537147521972656e-01
-2.018509060144424438e-02
-2.839491367340087891e-01
5.605118721723556519e-02
-1.917185448110103607e-02
3.727524355053901672e-02
4.606170654296875000e-01
-9.763268381357192993e-02
1.182346045970916748e-01
-3.716777265071868896e-02
2.343169152736663818e-01
1.091847196221351624e-02
1.005670726299285889e-01
-4.085996747016906738e-01
6.022281199693679810e-02
2.718168199062347412e-01
9.280963987112045288e-02
1.060309261083602905e-01
3.077071309089660645e-01
3.986964523792266846e-01
-1.513440907001495361e-01
7.282835245132446289e-02
9.830516576766967773e-02
-2.209063172340393066e-01
2.309950441122055054e-02
1.370340585708618164e-02
8.313934318721294403e-03
2.066762000322341919e-01
-3.922041356563568115e-01
1.958081871271133423e-01
6.526339799165725708e-02
-4.387411475181579590e-02
-2.670156657695770264e-01
-4.352852702140808105e-02
1.312452927231788635e-02
-1.317002475261688232e-01
2.358140051364898682e-01
-3.603103458881378174e-01
2.757523059844970703e-01
8.476115018129348755e-02
-1.003198698163032532e-02
1.519376188516616821e-01
-2.704773247241973877e-01
-4.163489863276481628e-02
-1.535527259111404419e-01
3.287568986415863037e-01
-2.426860034465789795e-01
-5.541312694549560547e-02
-1.149665340781211853e-01
-7.273104786872863770e-02
-4.722898602485656738e-01
9.441662579774856567e-03
-2.237324565649032593e-01
-2.836573868989944458e-02
-1.535893529653549194e-01
-9.683625400066375732e-02
5.119192972779273987e-02
-4.743900895118713379e-02
-3.910600543022155762e-01
-2.481945753097534180e-01
-1.039823293685913086e-01
1.936571449041366577e-01
1.341499388217926025e-01
-1.280845999717712402e-01
-3.281598687171936035e-01
3.103471994400024414e-01
2.352657318115234375e-01
2.265886217355728149e-01
5.506516620516777039e-02
1.478113234043121338e-01
-1.696080118417739868e-01
-2.354666292667388916e-01
-1.123850345611572266e-01
-7.253479361534118652e-01
-2.167431265115737915e-01
-2.650537192821502686e-01
3.564453125000000000e-01
-3.208395838737487793e-01
2.009950876235961914e-01
-7.258377969264984131e-02
5.431036353111267090e-01
9.939045459032058716e-02
-2.021166384220123291e-01
-3.886400759220123291e-01
-4.762973189353942871e-01
-7.524792104959487915e-02
4.104728996753692627e-01
1.588417887687683105e-01
-2.247980982065200806e-01
4.153688997030258179e-02
-7.132802903652191162e-02
2.616855874657630920e-02
-1.729113906621932983e-01
3.842005729675292969e-01
3.618168532848358154e-01
-1.217237263917922974e-01
-1.147307530045509338e-01
-3.889175355434417725e-01
7.786001265048980713e-02
-8.770425617694854736e-02
-3.430398702621459961e-01
-6.274459362030029297e-01
-1.152034848928451538e-02
1.107309609651565552e-01
1.923656612634658813e-01
7.317319512367248535e-02
-5.690723657608032227e-01
-4.004175066947937012e-01
-5.829602479934692383e-02
-1.212814822793006897e-01
4.813537895679473877e-01
-6.050614267587661743e-02
-1.569373607635498047e-01
-1.444380581378936768e-01
4.036124944686889648e-01
3.466753959655761719e-01
-2.782990932464599609e-01
1.074654385447502136e-01
1.739846467971801758e-01
-2.028330862522125244e-01
4.465347826480865479e-01
3.576045334339141846e-01
3.388710618019104004e-01
-1.634545922279357910e-01
-6.964448094367980957e-02
1.538485735654830933e-01
8.911913633346557617e-02
-4.225017428398132324e-01
-1.357327997684478760e-01
-5.263347625732421875e-01
5.419402197003364563e-02
1.548184752464294434e-01
-2.972406446933746338e-01
6.143381819128990173e-02
-5.441115796566009521e-02
-1.526253223419189453e-01
1.645248830318450928e-01
1.023247167468070984e-01
1.579762697219848633e-01
1.589979827404022217e-01
-9.044343233108520508e-02
-2.182322293519973755e-01
1.479482501745223999e-01
-2.488189041614532471e-01
1.194181740283966064e-01
-1.355260759592056274e-01
-3.288017809391021729e-01
-2.493507713079452515e-01
-1.121681109070777893e-01
5.612457916140556335e-02
-2.162301987409591675e-01
7.756620645523071289e-03
-3.413853049278259277e-01
5.532281398773193359e-01
1.322477757930755615e-01
-7.010681033134460449e-01
1.742911189794540405e-01
1.042375266551971436e-01
1.009044572710990906e-01
-1.335738152265548706e-01
-4.774497449398040771e-02
2.310690134763717651e-01
2.163803130388259888e-01
2.342322468757629395e-01
1.756907850503921509e-01
1.697357594966888428e-01
4.289610385894775391e-01
-5.810518190264701843e-02
-1.197115611284971237e-02
-6.441240757703781128e-02
-3.989299386739730835e-02
4.486671090126037598e-02
-3.897353410720825195e-01
2.411708980798721313e-01
9.287703037261962891e-02
-1.724433451890945435e-01
-6.079453043639659882e-03
6.790654361248016357e-02
4.532295763492584229e-01
2.611600160598754883e-01
-3.041220903396606445e-01
1.635968983173370361e-01
2.507367432117462158e-01
-2.508368790149688721e-01
8.263323456048965454e-03
1.729157567024230957e-01
