-9.493611091173108363e-02
5.077962903503178277e-02
-1.094694160704742271e-03
2.499133749180090531e-03
9.403413846138809415e-03
-4.285177154282605871e-02
1.233583126446048533e-01
4.384791814359108308e-02
-3.169226514421841917e-02
1.629801449669235347e-02
9.682061847458686699e-02
-6.846532077355638179e-02
-1.104994036092738635e-02
-2.435218446277135490e-02
-4.418655852010123369e-02
-1.838280437650070560e-03
2.877386589310990811e-02
9.442865476716084949e-03
5.165279767797886085e-02
-7.606550470713609429e-05
1.349250668518505725e-01
-2.587003040015443608e-02
-4.313490055544817736e-02
-4.204418145373327656e-03
-2.265133456436705522e-02
4.405547841111398522e-02
4.536287584322219041e-02
-3.635314545954353160e-02
2.917048787820128095e-02
-2.862526464650867394e-02
3.068906294633349727e-02
-4.475224219774027838e-03
7.074631203808560975e-02
1.414948303252483441e-02
4.148952745007742152e-03
-2.533564827414782825e-02
2.030166358319598907e-02
-3.827872319752747415e-02
1.908293685718619398e-03
1.165355376584513089e-02
-5.193855721834679529e-02
-1.353257367697216496e-01
-3.029652032207135262e-02
-8.961748551897463777e-02
5.084291569837397912e-02
-7.952955834349172484e-04
3.351747740602254583e-02
-1.831382845049201596e-02
-8.094648508174729154e-03
-8.008870204044850338e-02
-4.281208734468224669e-02
3.105571357198886467e-03
2.751513165289674531e-02
-3.871046917077559241e-02
9.681011522043332651e-02
-2.695899974521165018e-02
1.426280629352661387e-02
-7.553145571845451892e-03
2.201032335190894126e-02
-8.633153208578672744e-03
-1.509072600930965770e-03
-6.822576989441506493e-03
-1.390344226115519666e-01
-3.577588133135325282e-02
6.369223053588415201e-03
-2.155862213861060514e-02
-1.421074258667222659e-02
-4.861638924368338194e-02
3.204373877190425709e-03
2.533586984189702476e-02
9.025612862790052815e-02
-7.221782360204394291e-02
-8.081481569683132693e-02
-1.014683807220373955e-02
3.274630221222103038e-02
2.052407517552513883e-02
-2.035178346518683526e-02
2.427785084001873178e-02
-4.746020787189744738e-02
-8.057969617267397855e-02
4.720234701109889824e-02
3.338233993584073522e-02
-6.131613720777046028e-02
1.133617996475191729e-02
2.137711886695452604e-02
5.779855276392324021e-02
-1.034848279510351340e-02
5.586645763416763291e-03
-4.532335664233842591e-03
1.189730028959894680e-02
7.130991753594935478e-02
2.345221083637860290e-02
4.753890056512013323e-02
-3.311004731469718160e-02
1.480978572462705589e-01
1.148352330367063794e-02
-4.376701605848631015e-03
-7.572706704154542889e-02
1.281983202710414438e-01
3.155965763202391722e-02
3.677504816767828560e-02
8.763996978633444013e-02
-6.417049552234802001e-02
6.197207202954875538e-02
-7.642394004064384516e-02
2.151540071349199168e-02
5.975870135639217012e-02
3.190935125355440216e-02
-2.007472006612434981e-02
-2.444650632502620713e-02
1.511539270683531430e-02
-7.064055036580117741e-02
-1.013433347985602528e-01
-3.066088141431832712e-02
3.194672549005762169e-02
-4.201515686428941576e-02
1.797522735904378416e-02
4.221087975695616418e-03
9.268972821534628148e-02
-5.605678511643100853e-02
-2.478050477862050668e-02
-9.567228625817150375e-03
-4.069460365064719864e-02
5.319878586231519164e-03
5.724573965826870031e-02
-6.896733043714276500e-03
6.512681964155128678e-02
2.795756944859558238e-02
-8.998471599214387384e-02
-5.486098397400280234e-03
4.768637668754812861e-03
4.026559348911082185e-03
-5.637601238674535414e-02
2.595423557326500055e-02
-7.488974208908937003e-02
7.088051295239135817e-03
1.169276182903853240e-01
-3.129881110651985127e-02
-4.310043969913655154e-02
1.995467748813267023e-02
-4.778553218382097095e-02
-1.527028742035528922e-02
6.318074452966269960e-02
1.860930397237270384e-02
2.052110208203943020e-04
-7.065109133361413551e-02
1.933763802045494057e-02
1.270511430354463733e-02
6.249657474818504088e-02
-3.364594898689865499e-02
8.213935712995912297e-02
-5.297941964798567882e-02
3.084390894637669897e-02
-2.400731190403905188e-02
2.457880584233529397e-02
-3.532940503128957632e-02
-1.262749487821346328e-02
5.866883316911834789e-02
1.053852648207961040e-01
8.287395007410562620e-02
5.944398086838068029e-02
5.138130018648846137e-02
3.378602380366190622e-02
5.665080668063164626e-02
9.693567027831288818e-02
1.810003128653953075e-02
-1.257582842190515804e-01
-4.117316484647789293e-02
-2.784940038771701806e-02
8.076258856411937248e-02
-1.164496919411551860e-02
1.840939329210584952e-02
-9.377371778595518584e-03
3.185503101274363147e-02
6.486036635201074263e-02
2.599697614922577560e-02
7.062983968652072897e-02
4.828953124294270427e-02
-8.772021188239903511e-02
4.429314675008835106e-02
-3.467659101482978984e-02
-9.304791998147017573e-02
4.789155470891650994e-03
2.478051106423041425e-02
3.714871078403481856e-04
9.005013662004927866e-02
5.724057288692567524e-02
-6.818109099349941400e-04
-3.557978915910450790e-02
1.129405930706815359e-01
-6.959115522071440685e-02
-1.396717834560569534e-02
3.222459030438316885e-02
4.253037259428905925e-02
3.037118708214901416e-02
1.596004982324714105e-02
3.628256748870995613e-02
-5.199495485323162025e-02
-4.597978959870179655e-02
-3.696321732864005921e-02
-9.248074425717960068e-02
3.549802594544256701e-02
3.670282650985420142e-02
-1.357892879290959571e-03
2.512074798565677725e-02
2.902510172106715150e-02
-5.206857505925986673e-02
-2.987239879363964845e-02
-6.102909854578658644e-02
2.098012917368363012e-02
5.525406873211937547e-02
-6.194956326047407896e-02
5.584968055562632150e-02
2.989925091915962216e-02
-1.417756085197654885e-02
4.597766506255344249e-02
-4.573365768598851473e-03
9.004437900137504669e-02
-9.089394203631879360e-03
6.265555039393672088e-02
-3.204423415653500501e-02
4.971308517471798721e-03
1.339511713101540664e-02
-5.820310090310653467e-02
9.904474382629322241e-03
-2.524747688118634745e-02
-3.845837535706612964e-02
3.519962604355294372e-02
-1.723019558824529993e-02
-2.709001071248992934e-02
-4.997211673036159457e-02
-3.273143360198753349e-02
1.070428288665802551e-02
-2.860953490771800650e-03
6.937833861190731595e-03
-4.184231202027935415e-02
9.317677498455056995e-02
4.611406279752147848e-03
-9.603852517637800207e-03
2.165571281202920834e-02
-8.127194296288133002e-02
-4.649272050950047086e-02
-4.440114609949943891e-02
5.996622705306058065e-02
-7.391613254264359223e-02
4.774713339290301284e-02
5.760393771000249519e-02
3.652848254788147037e-02
-5.544241703296347995e-02
5.311248600970333578e-02
-3.354996143801861758e-03
4.027953968609056246e-02
-1.568201215464917059e-02
-4.228253099568124451e-02
-2.851060883620674599e-02
2.783535833518620620e-02
-8.407834207387333836e-02
-4.626663969238847818e-02
-4.245157933130786626e-02
-2.913817670047763250e-02
5.550296002758154518e-02
7.601126775065658071e-03
6.253819255707629421e-03
7.475814027447988397e-02
3.814182889937683951e-02
9.466480513134281627e-02
3.013329442547111291e-03
2.033925624464345480e-02
-2.044957812691495028e-02
-6.010776641693201666e-02
-3.598096821137799356e-02
-1.157179400926863638e-01
-1.309062364460205907e-01
-4.489858612468389243e-02
6.521677300492122187e-02
-6.048996764149571805e-03
-3.051335186420612959e-03
-8.641518098242056967e-02
5.025564487921277412e-02
8.095009145043107097e-04
6.956807446113824622e-02
-1.606703404665835513e-02
-3.993812421280675679e-02
2.585516807553084329e-02
1.393459060104616787e-02
-5.030306980595626587e-02
4.182920652362458885e-02
-8.934351189003175838e-04
-2.664817633534210389e-02
-5.255079762286101602e-02
2.379988677712914155e-02
3.439899962453517313e-02
1.392613457003913924e-01
-1.867064366804640357e-02
2.901594044462862954e-02
-2.727495221276478657e-02
-6.046320508591691151e-02
-1.108046171123019813e-01
-1.018956576266420999e-01
-1.812635699222984662e-02
-2.791475815952335765e-02
-2.992032028356574405e-02
-2.133997405521288748e-02
-1.305558812640474770e-02
-6.381824994319554301e-02
4.568313709636614289e-03
7.589570366972317461e-02
-2.211526318069811231e-02
7.444956711295681873e-02
-6.196381902374169942e-02
-7.688590722632174246e-02
-6.766286838486082478e-02
4.546196848339597446e-02
5.115930815862056169e-02
-1.843443359057031494e-02
2.778336377004078997e-02
-8.793615401073207050e-02
6.038914803000016568e-02
2.232750465619877389e-02
5.522959256714400633e-02
2.182503457168675706e-02
-1.416049856388573204e-02
1.516347447981402155e-02
5.334681354701246991e-02
7.425111783699318846e-02
-5.806889056038591623e-02
-3.088271630193856893e-02
-6.221066749598430645e-02
-3.487094835874438026e-02
-9.230737142193740433e-03
4.635608077855104397e-02
1.585699292747554156e-03
-6.579357199797843114e-02
-2.313784077111939036e-02
-1.440807538117623706e-03
2.971834792324960436e-02
2.047556598107280051e-02
9.635134741019776849e-02
-6.970583617345596505e-02
8.483682033566400382e-02
5.718837089665334411e-02
3.526777148335275697e-02
-3.806924267617818602e-02
8.125416568666365622e-03
-1.638395135533211866e-02
-1.727404557435455179e-02
3.177989283192299286e-02
1.834405594853170604e-02
-3.935098539145358287e-02
-9.136863758205707176e-02
-5.038362618251618352e-02
8.941617000489371359e-02
-6.895633061980662760e-03
-4.762024892852825819e-02
-7.069719628227730257e-02
5.990777716654133167e-02
2.006258255339516891e-02
-2.501611850885673057e-03
-8.827617407861666765e-02
-1.306368163486042525e-02
2.572147315282254793e-02
-6.038770862533161116e-02
-9.409663628068705432e-02
2.305078821672124426e-02
-3.775773413482884366e-02
-2.190551709233027819e-02
8.252435387952868420e-03
1.782759645347184625e-03
1.339944713053965026e-05
5.427135133691928653e-02
-4.477464961135521615e-02
2.082800955693731373e-02
8.837762382250532317e-03
2.078073705623405081e-04
3.843573773298836899e-02
8.643738175660983791e-03
6.185524139821922673e-02
1.264368818073472595e-02
-1.346308751657932512e-01
3.436242051768510775e-02
-1.934358420742635781e-02
-2.598748880677336295e-03
5.772275459406243231e-02
2.039405576320958702e-02
