-4.703291654586791992e-01
1.919060945510864258e-01
-4.017165675759315491e-02
-5.390141159296035767e-02
-6.136724725365638733e-03
-2.242382168769836426e-01
5.261825919151306152e-01
1.799315810203552246e-01
-1.374760419130325317e-01
1.160221993923187256e-01
5.223047733306884766e-01
-2.393741011619567871e-01
-5.244462937116622925e-02
-9.441707283258438110e-02
-1.961942315101623535e-01
8.456470444798469543e-03
1.999670714139938354e-01
4.681930691003799438e-02
1.628890931606292725e-01
2.683582529425621033e-02
6.511002779006958008e-01
-6.834404170513153076e-02
-1.703939139842987061e-01
-4.185626655817031860e-02
-9.223764389753341675e-02
1.413631886243820190e-01
1.070156246423721313e-01
-2.213478386402130127e-01
1.768943518400192261e-01
-1.250930875539779663e-02
1.320328861474990845e-01
2.663776278495788574e-02
4.251592159271240234e-01
1.625723578035831451e-02
6.476589292287826538e-02
-1.212313398718833923e-01
1.255763880908489227e-02
-9.822448343038558960e-02
-5.607958510518074036e-02
-2.582108974456787109e-02
-2.228258550167083740e-01
-6.041685938835144043e-01
-2.397395819425582886e-01
-3.484723567962646484e-01
1.866538226604461670e-01
-8.673436939716339111e-03
1.381160616874694824e-01
1.064117532223463058e-02
-5.220485106110572815e-02
-3.565638661384582520e-01
-1.379108279943466187e-01
4.595436155796051025e-02
1.718372851610183716e-02
-1.629249304533004761e-01
4.422389864921569824e-01
-1.318325251340866089e-01
-4.175185039639472961e-02
9.351323544979095459e-02
6.721387058496475220e-02
6.738997064530849457e-03
-7.346360012888908386e-03
-2.598308399319648743e-02
-6.558854579925537109e-01
-9.919705241918563843e-02
1.071467474102973938e-01
-1.317896880209445953e-03
-6.240518391132354736e-02
-2.376901209354400635e-01
3.389419242739677429e-02
1.526280939579010010e-01
4.315196275711059570e-01
-3.184023201465606689e-01
-3.349894285202026367e-01
8.124972879886627197e-02
2.006572484970092773e-01
2.080735862255096436e-01
-6.309437006711959839e-02
8.059936016798019409e-02
-1.262371838092803955e-01
-3.338225185871124268e-01
2.515770196914672852e-01
1.318702548742294312e-01
-1.657822430133819580e-01
8.362986147403717041e-02
1.567952781915664673e-01
2.828859090805053711e-01
-3.091744147241115570e-02
8.527267724275588989e-02
-2.320401556789875031e-02
-3.622709773480892181e-03
3.564549982547760010e-01
1.219249814748764038e-01
1.122105568647384644e-01
-1.769804507493972778e-01
6.444596648216247559e-01
1.548648905009031296e-02
-1.051379144191741943e-01
-2.896770238876342773e-01
5.067117810249328613e-01
6.637065857648849487e-02
1.606630831956863403e-01
3.743983507156372070e-01
-3.585779070854187012e-01
3.113133907318115234e-01
-3.166765272617340088e-01
-9.870858490467071533e-02
2.178728878498077393e-01
2.166727036237716675e-01
3.048569709062576294e-02
-2.441982738673686981e-02
6.898156553506851196e-02
-3.124953508377075195e-01
-4.136428833007812500e-01
-1.426054388284683228e-01
1.768518388271331787e-01
-1.100980713963508606e-01
1.384574472904205322e-01
2.707821130752563477e-02
5.397216677665710449e-01
-3.698242604732513428e-01
-5.536045506596565247e-02
-7.822575420141220093e-02
-2.244291305541992188e-01
-4.176828265190124512e-02
2.849075198173522949e-01
-5.535278469324111938e-02
1.754758358001708984e-01
1.827516853809356689e-01
-2.691960334777832031e-01
-1.123445387929677963e-02
5.863757431507110596e-02
-1.121070086956024170e-01
-2.539755702018737793e-01
8.779508620500564575e-02
-3.728264570236206055e-01
-7.767200469970703125e-03
5.697564482688903809e-01
-2.074725627899169922e-01
-2.678381502628326416e-01
-9.708199650049209595e-03
-2.181717008352279663e-01
-1.386653631925582886e-01
3.544208407402038574e-01
6.316104903817176819e-03
-2.589456923305988312e-02
-2.832074165344238281e-01
1.319934427738189697e-01
6.650410592555999756e-02
2.630900740623474121e-01
-1.842892169952392578e-01
3.539131879806518555e-01
-2.421070039272308350e-01
1.033903583884239197e-01
-1.174879968166351318e-01
1.148180216550827026e-01
-1.318110078573226929e-01
-1.272922605276107788e-01
1.799475550651550293e-01
4.477546513080596924e-01
2.866614162921905518e-01
2.471895217895507812e-01
1.987619400024414062e-01
1.977646350860595703e-01
3.283932805061340332e-01
5.351325869560241699e-01
5.701401829719543457e-02
-5.771845579147338867e-01
-2.122858315706253052e-01
-1.009750664234161377e-01
4.228949546813964844e-01
-7.625347375869750977e-02
1.736834496259689331e-01
4.488609731197357178e-02
6.145557761192321777e-02
1.275979727506637573e-01
1.135114133358001709e-01
1.850238889455795288e-01
2.428620010614395142e-01
-3.511348664760589600e-01
2.265610098838806152e-01
-1.613882929086685181e-01
-4.194849431514739990e-01
-8.410044945776462555e-03
1.035787090659141541e-01
1.043024007230997086e-02
3.183917999267578125e-01
2.221353054046630859e-01
-3.698791190981864929e-02
-1.451264917850494385e-01
3.791505098342895508e-01
-3.157255053520202637e-01
-6.902632862329483032e-02
1.212500035762786865e-01
2.229336202144622803e-01
4.688112065196037292e-03
2.310356684029102325e-02
1.053019016981124878e-01
-2.404301464557647705e-01
-1.312299668788909912e-01
-1.801010966300964355e-01
-3.879721760749816895e-01
1.465314477682113647e-01
2.427034974098205566e-01
3.015613183379173279e-02
1.551550030708312988e-01
1.107753887772560120e-01
-3.045988380908966064e-01
-1.636387109756469727e-01
-1.649412214756011963e-01
4.724185168743133545e-02
1.963987052440643311e-01
-2.774404287338256836e-01
2.706295847892761230e-01
5.627383291721343994e-02
-6.646726280450820923e-03
1.754520088434219360e-01
-1.143516674637794495e-01
3.607057929039001465e-01
5.362226814031600952e-02
3.197384178638458252e-01
-2.088683247566223145e-01
-8.552382886409759521e-02
5.113005638122558594e-02
-3.127317726612091064e-01
7.335554063320159912e-02
-3.853237256407737732e-02
-1.667932122945785522e-01
1.436012834310531616e-01
-1.160763651132583618e-01
-6.438422948122024536e-02
-2.591189146041870117e-01
-1.470004320144653320e-01
9.813249111175537109e-02
-1.219717040657997131e-02
6.370843946933746338e-02
-1.959970146417617798e-01
4.413585960865020752e-01
1.814531534910202026e-02
6.173948198556900024e-02
1.004741266369819641e-01
-2.947292029857635498e-01
-1.051710247993469238e-01
-2.011713534593582153e-01
2.217732518911361694e-01
-4.157697260379791260e-01
2.010399997234344482e-01
2.424198091030120850e-01
2.729745805263519287e-01
-2.375344932079315186e-01
2.309713214635848999e-01
-4.890073090791702271e-02
2.279395163059234619e-01
9.681245684623718262e-02
-2.433285117149353027e-01
-6.282276660203933716e-02
1.275186836719512939e-01
-3.044451773166656494e-01
-2.234895080327987671e-01
-2.067942917346954346e-01
-6.432233005762100220e-02
3.650808632373809814e-01
-2.589100599288940430e-02
8.991163223981857300e-02
2.095862627029418945e-01
2.885163724422454834e-01
4.276254475116729736e-01
-1.813500933349132538e-02
5.244312807917594910e-02
-3.129926323890686035e-02
-3.555146753787994385e-01
-1.218317821621894836e-01
-4.871342778205871582e-01
-7.424812316894531250e-01
-2.707853615283966064e-01
3.421970605850219727e-01
-1.167079210281372070e-01
8.471368253231048584e-02
-4.223011136054992676e-01
2.720993757247924805e-01
6.352598220109939575e-02
2.977938652038574219e-01
-7.585939019918441772e-02
-1.574427187442779541e-01
1.235994100570678711e-01
1.266401559114456177e-01
-3.258095979690551758e-01
1.712975353002548218e-01
-5.644396692514419556e-02
-1.351436078548431396e-01
-1.979021728038787842e-01
1.277707517147064209e-01
1.180777624249458313e-01
7.383743524551391602e-01
7.387916557490825653e-03
9.184268116950988770e-02
-3.125770762562751770e-02
-4.248916804790496826e-01
-5.471996068954467773e-01
-5.029165744781494141e-01
-9.749589860439300537e-02
-2.357859015464782715e-01
-1.637946963310241699e-01
-1.331802010536193848e-01
-6.556604802608489990e-02
-2.912647128105163574e-01
-1.676018536090850830e-02
2.941742539405822754e-01
-2.172286659479141235e-01
4.853878319263458252e-01
-4.267999231815338135e-01
-2.742330133914947510e-01
-1.974557638168334961e-01
1.489660888910293579e-01
2.956208586692810059e-01
-6.326874345541000366e-02
1.336962282657623291e-01
-4.339654445648193359e-01
4.784811735153198242e-01
1.040406897664070129e-01
2.310349941253662109e-01
1.047222390770912170e-01
-1.320219188928604126e-01
2.475281804800033569e-02
2.063463479280471802e-01
3.781323730945587158e-01
-1.685145348310470581e-01
9.024301543831825256e-03
-4.010532498359680176e-01
-1.710626855492591858e-02
-1.287309527397155762e-01
1.639670580625534058e-01
9.681151062250137329e-02
-3.150159120559692383e-01
-8.898309618234634399e-02
-3.697219304740428925e-03
2.418246418237686157e-01
5.672843009233474731e-02
2.906633913516998291e-01
-2.685991227626800537e-01
3.752087652683258057e-01
2.504069805145263672e-01
2.046345621347427368e-01
-2.585335373878479004e-01
-4.835494607686996460e-02
-5.353704467415809631e-02
-9.935621917247772217e-02
1.161381900310516357e-01
2.307170331478118896e-01
-1.532201915979385376e-01
-3.802798390388488770e-01
-2.545078992843627930e-01
4.855837225914001465e-01
-5.190961062908172607e-02
-2.431025058031082153e-01
-4.530461728572845459e-01
2.377273887395858765e-01
7.213710248470306396e-02
-7.202517986297607422e-02
-3.694682121276855469e-01
-1.313883960247039795e-01
1.614191830158233643e-01
-2.858936488628387451e-01
-5.259609222412109375e-01
1.479577124118804932e-01
-9.713104367256164551e-02
-1.306938230991363525e-01
3.494522348046302795e-02
6.121205165982246399e-02
-6.718158721923828125e-02
1.624925732612609863e-01
-1.400592625141143799e-01
1.666205376386642456e-01
7.285241782665252686e-02
-1.518492847681045532e-01
1.247189715504646301e-01
1.247675251215696335e-02
2.906225025653839111e-01
6.043563410639762878e-02
-5.381589531898498535e-01
2.125965356826782227e-01
-1.725778542459011078e-02
-7.596839219331741333e-03
3.243578672409057617e-01
9.234914928674697876e-02
