-8.318394584346185117e-02
5.413183672647949723e-02
1.880938551171972353e-02
-4.079016724877052892e-03
-1.636764979184424790e-02
-4.031090642520953476e-02
1.210716475363282918e-01
2.567321144501734723e-02
-4.522704254530356127e-02
3.370107348553805227e-02
1.057250758313669492e-01
-8.946062463982702717e-02
-1.776786000438094419e-04
-2.384046822846409841e-02
-8.283351426977517140e-02
-5.085851186581222434e-03
3.390656497469657360e-02
2.999437061832374574e-02
5.965748055532210659e-02
8.625166436025772862e-04
1.408132037424721095e-01
-1.074577083986107302e-02
-4.292747398903100364e-02
7.446736572106404592e-03
-1.620377672828861998e-02
5.732593644698374263e-02
1.112952176575425153e-02
-3.695560647439654484e-02
2.081027766871096363e-02
-3.325478416848169638e-02
4.849088861059501487e-02
-5.425267701068220427e-02
9.176535181348952075e-02
2.949226519237091101e-02
2.277878407823325999e-02
-8.129214761510889994e-03
2.075141216718752284e-03
-3.021384484838460227e-02
1.035849879662731690e-02
7.983811156177179208e-03
-6.594334116559123771e-02
-1.308932875116669003e-01
-1.188925697777749521e-02
-5.589285153405755546e-02
5.199926035960807102e-02
-5.179059067646599873e-03
9.067213512222827704e-03
7.252333485085648429e-03
5.861556946430437030e-04
-6.372111249140886835e-02
-5.057350317736362955e-02
-3.203440362068288999e-02
-6.164847633801711843e-03
-2.958659372727767689e-02
1.003654561307740639e-01
-5.613004948709741232e-02
1.458804821015898152e-02
2.365179146927121751e-02
3.572273629696284120e-02
8.928444407339549901e-03
2.237534869533405399e-02
1.482259466011292409e-02
-1.049777194962197568e-01
-2.318204348730451558e-03
3.855023290020689192e-02
1.229846545078053417e-02
-1.320478727168015488e-02
-4.123555249515836046e-02
-8.032242927426273132e-03
7.864325337195654519e-02
9.845378803709287086e-02
-4.179992886487152171e-02
-7.705958408575494523e-02
-5.649967492408795693e-03
3.863520569835877244e-02
1.970108796845132862e-02
-6.245964677203126592e-02
1.976070904990735733e-02
-5.002808111683889475e-02
-8.011542170289419340e-02
3.858183107250180710e-02
5.901689972439464610e-02
-5.604717032628317441e-02
1.921076663603998522e-02
3.185252626049250857e-02
5.178845930115126561e-02
-8.848218390392842761e-03
-1.071670275281274773e-02
3.972864553591932968e-02
4.992849223608222808e-04
7.211275878637936343e-02
1.910999475174065057e-02
3.219598123076253260e-02
-3.926519692475869544e-02
1.418589066797964759e-01
-2.660304238486189965e-02
-2.779597593784560033e-02
-5.696915833001963553e-02
1.130613779562575916e-01
1.935490765992282231e-02
7.284224536898403941e-03
8.972065570978744742e-02
-7.471812309335019997e-02
5.477474746729681099e-02
-8.339696523865884614e-02
2.784937394484054713e-03
5.674758061793146180e-02
1.425618536198178070e-02
-1.728980597569599676e-03
5.428349088936630651e-02
-8.998402412954782312e-03
-9.034033298297074188e-02
-9.120596998300502245e-02
-1.857026784419315429e-02
2.973065435286149569e-02
-1.631562717003604002e-02
4.725241024160953957e-02
-1.609748197308136924e-02
8.592172778969368874e-02
-4.101276060467688028e-02
-1.014681499766295278e-02
-2.361879042869755724e-02
-4.274220021090259503e-02
2.388685640621473344e-02
5.932490068558021051e-02
-2.215683596329816665e-02
5.192337421002661546e-02
2.401240245208229387e-02
-8.212860167338198458e-02
-1.792694362640947364e-02
3.108499487463712782e-02
-9.218377081407472598e-03
-3.040297446330255185e-02
-3.105852906722634393e-02
-6.181263407718252945e-02
1.572347072684041752e-02
7.047504871698610784e-02
-5.702113829150591562e-02
-4.857961223551322816e-02
1.370891249979806596e-02
-6.240933384466335748e-02
1.877911473174938154e-03
3.488185540989904160e-02
1.247873730616301351e-02
2.278500264054490743e-02
-7.256229356946539144e-02
2.855352152680686734e-02
2.270340000782524945e-02
6.513104269421844672e-02
-6.153677274622402354e-02
7.330585641752432324e-02
-6.827122961249679212e-02
2.666680315832644906e-06
-1.804716041359940085e-02
3.517128600479352274e-02
-1.197026482716259492e-02
1.160984253423696548e-04
2.681926458576663896e-02
1.003273637448565819e-01
5.035670013976804166e-02
3.183176052840380049e-02
4.826253775201014284e-02
3.722191189324342703e-02
8.186443583375789534e-02
1.325464078019654435e-01
1.395117390489432167e-02
-1.148418491521975143e-01
-1.925766837843535806e-02
-2.787415261855820392e-02
9.005244800435530106e-02
3.789466517003019924e-02
3.725486535115032916e-02
4.931620176171873371e-03
4.046623922047172528e-02
8.018074450045391266e-02
1.624015121585772881e-02
7.767279011625825846e-02
3.355609074068796605e-02
-6.243101841445511391e-02
5.220296339680888242e-02
-2.934156596438262238e-02
-8.877811855713513278e-02
5.578818279342836334e-03
2.674891115178277753e-02
-2.951543302874042735e-02
8.460344508463593649e-02
2.961006674902712937e-02
-6.190693635958349067e-03
-2.318680380495798804e-02
9.308378547045562112e-02
-5.386628278561117478e-02
3.962412118407204753e-02
-9.322607733346109649e-03
3.535363919165154800e-02
-1.215986370562173978e-02
5.436810271556341903e-03
6.680738988902455711e-02
-6.359515953170140345e-02
-4.106593833674034022e-02
-2.227585333912930274e-02
-7.876455963813720762e-02
3.403302985826717197e-02
3.613823962862251250e-03
-1.051066078142321239e-02
2.775305309086071454e-02
5.041250640397483898e-03
-4.058070014576474482e-02
-2.066959869403065322e-03
-4.576947838329341323e-02
-7.104932228138629950e-03
1.663086561891466073e-02
-4.587162360180247617e-02
1.933464728857078527e-02
1.479718879762385864e-02
-2.152137108943870739e-02
1.727465089633147682e-02
3.668810246458167456e-03
6.753804963048222476e-02
7.278031406701751180e-03
4.160144679476191626e-02
-3.734434045404710217e-02
-3.410901445474538024e-02
1.429402178596769074e-03
-6.592841661604328940e-02
5.060870778764297445e-02
-1.983917286740216265e-02
-4.148889245770270157e-02
4.646398842426289338e-02
-3.571951052031252516e-02
-7.215604588688224498e-03
-4.133628992304382715e-02
-2.738878808739844337e-02
2.917427843429123285e-02
2.695372171657207591e-02
8.023072598993607335e-03
-4.032382922119014806e-02
9.447014092305576483e-02
-1.481307648597839262e-02
-2.337747575459175539e-02
1.979593827191088867e-02
-4.986920095173032197e-02
-6.664664579600410033e-03
-4.642754666464767033e-02
4.313165285289946582e-02
-7.962073917295663106e-02
3.392599511055265082e-02
6.894593213783929697e-02
1.964581167670538878e-02
-4.696968716194725724e-02
7.562543594634381361e-02
-1.081041271305157279e-02
7.045466364623151345e-02
-1.183670848546245803e-02
-4.397511304865822646e-02
3.092096429604669454e-03
4.766706528917551144e-02
-8.864585186978247988e-02
-7.329628737915980241e-02
-7.141402209197590667e-02
-3.682822603468612760e-02
5.231861224798940724e-02
-2.459885061604777726e-02
-1.551838943308504488e-03
7.319337755641928955e-02
4.205805334659812322e-02
1.402803697584790177e-01
-9.114364653423308316e-03
1.103147686049501044e-02
-2.650588514245506150e-02
-2.907349506452060889e-02
-2.252252188363692426e-02
-1.068526668974115884e-01
-9.900497252264095494e-02
-5.042450051756273977e-02
7.020162886906709809e-02
-2.721199879098864724e-02
2.246774767106443638e-02
-1.019872637447782754e-01
8.480856247558678229e-02
1.728863527801542677e-02
3.684998608043205809e-02
-1.740500115076064683e-02
-5.409659601900467657e-02
1.445445248970014286e-02
8.590894610093175593e-03
-3.811294819264032796e-02
4.761250930055749286e-02
-2.401004464890502815e-02
-1.971260953693480811e-02
-1.887817199926357728e-02
1.217615174468974180e-02
5.556513494101532336e-02
1.305471482226787105e-01
-1.491627508628272196e-02
2.343779580901474147e-02
-3.583503467209049609e-02
-7.377507401683476573e-02
-1.008403180188317538e-01
-1.141618567469360745e-01
-5.444575762772322497e-02
-3.540873007507526482e-02
-4.381284384912888935e-03
-1.396653818391444500e-02
-1.768450009455422439e-02
-8.913564487051457708e-02
1.955930638852737026e-03
3.495576277685573385e-02
-2.327410815378133310e-02
1.152377369396788837e-01
-5.548956710306670453e-02
-5.941091045771123430e-02
-3.437682282954938190e-02
3.719905252381707633e-02
9.459003611704962233e-02
-2.615978851378879949e-02
5.037939543103313322e-02
-5.755665003109071420e-02
4.856965269112491906e-02
5.068343882696917796e-02
1.164276645807483558e-02
2.485846656826020892e-02
-2.447976924973375296e-02
1.137749145008064549e-03
6.947832639236020680e-02
6.215405447825295832e-02
-8.108308250359820557e-02
-6.515493903762394068e-02
-9.818177926136067990e-02
-1.266685291804439326e-02
-2.012944026091904870e-02
2.923925994927553326e-02
1.882795915957403629e-02
-6.942198195178449216e-02
-1.939063567953657960e-02
-3.505096092601716479e-02
2.092356543515099671e-02
1.245160452102671636e-02
6.527178894094487482e-02
-7.180515817590726879e-02
2.640957946570514706e-02
5.426765078367853240e-02
2.760232104724017616e-02
-5.710796845444322811e-02
-2.507668560038744596e-02
-4.588918324662021736e-02
1.849329262581635505e-03
2.987251304952124806e-02
4.274884209487028741e-02
-7.924675910156632475e-02
-8.212472942877631354e-02
-4.038568668798411115e-02
9.798680846390198096e-02
-3.093754644521874882e-03
-7.592279151642701562e-02
-9.065314471584436096e-02
7.520859865923311405e-02
2.369821574421733176e-02
-4.867436081051281296e-03
-9.470507459747026791e-02
1.404176473928764671e-02
-2.586327753604067414e-03
-5.231663018380142138e-02
-7.214594195371203111e-02
3.716007411582882003e-02
-5.442052240652187067e-02
-3.585078289400796085e-03
-1.114215824534347393e-02
5.068850227902557681e-02
1.799488182985962970e-02
2.056264434461514690e-02
-7.392065728775504968e-03
2.385620660569188686e-02
-1.012805060894617559e-03
-1.047627245999612280e-02
2.574918127446104363e-02
-9.882173331371214061e-04
8.266771000626153831e-02
3.323500290536052920e-02
-9.091266386194164772e-02
5.139468812195011060e-02
5.019453512987109844e-02
-1.315772965503158969e-02
5.137860189902045821e-02
3.298660825859647816e-02
