-2.729092538356781006e-01
1.035787537693977356e-01
3.490794077515602112e-02
-1.227679699659347534e-01
-1.208176016807556152e-01
-2.293723225593566895e-01
3.399144113063812256e-01
4.931483417749404907e-02
9.299883618950843811e-03
2.399527728557586670e-01
3.006161153316497803e-01
-3.064624965190887451e-01
-1.195076014846563339e-02
2.174954861402511597e-02
-1.131589114665985107e-01
-9.392590075731277466e-02
-2.748986333608627319e-02
2.838141918182373047e-01
8.298380672931671143e-02
4.417795240879058838e-01
7.296019792556762695e-01
-7.343655079603195190e-02
-1.755167394876480103e-01
-2.276450991630554199e-01
1.113278716802597046e-01
1.487701982259750366e-01
5.212415754795074463e-02
-2.644321322441101074e-01
-6.048978865146636963e-02
-9.375226497650146484e-02
4.674884676933288574e-02
-1.751968264579772949e-02
1.919645518064498901e-01
7.480220496654510498e-02
1.966546177864074707e-01
1.384809762239456177e-01
-6.437079049646854401e-03
-9.708550572395324707e-02
-2.198499292135238647e-01
9.875454008579254150e-02
-6.834056228399276733e-02
-2.908117175102233887e-01
-2.287304103374481201e-01
-2.709688544273376465e-01
7.689638435840606689e-02
-2.178195416927337646e-01
1.051654294133186340e-02
-1.385605037212371826e-01
6.271027773618698120e-02
-1.925324648618698120e-01
-6.367780566215515137e-01
-8.219248801469802856e-02
4.740437865257263184e-02
-2.133447080850601196e-01
9.795886278152465820e-02
-4.252596795558929443e-01
8.100815862417221069e-02
3.551448583602905273e-01
2.002016454935073853e-02
-2.233345434069633484e-02
-1.355355381965637207e-01
-4.091475158929824829e-03
-5.492843985557556152e-01
-4.825556650757789612e-02
3.555465638637542725e-01
6.772715598344802856e-03
-6.309051811695098877e-02
-3.221091032028198242e-01
-2.241789363324642181e-02
-1.610443890094757080e-01
2.762908637523651123e-01
-1.495204120874404907e-01
-1.871711909770965576e-01
-1.541109681129455566e-01
-5.007047206163406372e-02
8.730061352252960205e-02
-1.495109312236309052e-02
3.008271753787994385e-01
3.533121943473815918e-02
-3.326385915279388428e-01
4.425885677337646484e-01
1.962000578641891479e-01
-2.429226934909820557e-01
2.264450937509536743e-01
5.365248024463653564e-02
4.051288366317749023e-01
-1.135040372610092163e-01
1.318552345037460327e-01
1.932695806026458740e-01
-1.788212060928344727e-01
1.969174891710281372e-01
1.758303493261337280e-01
1.410279721021652222e-01
-1.115997359156608582e-01
6.429988145828247070e-01
-1.083255037665367126e-01
9.601213783025741577e-02
-3.567022085189819336e-01
2.000887244939804077e-01
1.935535073280334473e-01
-6.219289079308509827e-02
8.839303255081176758e-02
-2.134939730167388916e-01
3.354796171188354492e-01
-1.933972835540771484e-01
-3.875276073813438416e-02
3.196366429328918457e-01
2.673317678272724152e-02
-9.422961622476577759e-02
1.808536648750305176e-01
-1.068679764866828918e-01
-2.125310301780700684e-01
-5.203312039375305176e-01
-3.112905323505401611e-01
-7.863926142454147339e-02
-1.343364864587783813e-01
1.840160936117172241e-01
-4.941643029451370239e-02
7.854241132736206055e-02
-3.614077568054199219e-01
-5.440358072519302368e-02
-1.543728709220886230e-01
-1.746671795845031738e-01
4.433699697256088257e-02
-5.340900272130966187e-03
1.427732855081558228e-01
1.018110439181327820e-01
1.558162868022918701e-01
-2.190973311662673950e-01
8.239246904850006104e-02
-8.584988303482532501e-03
-5.879020318388938904e-02
-2.359412610530853271e-01
1.221594363451004028e-01
-1.516565084457397461e-01
3.031716942787170410e-01
3.027550876140594482e-01
-6.905120611190795898e-01
-4.480966627597808838e-01
-4.001172631978988647e-02
-2.359618842601776123e-01
-3.260866552591323853e-02
2.648268938064575195e-01
3.227975219488143921e-03
4.277627766132354736e-01
4.468027129769325256e-02
2.883548736572265625e-01
-1.347182691097259521e-01
-1.634591445326805115e-02
-1.345737557858228683e-02
1.006555482745170593e-01
-3.165241777896881104e-01
3.059295117855072021e-01
2.970224618911743164e-01
7.211273908615112305e-02
-3.294184803962707520e-01
-1.367961615324020386e-01
2.400753200054168701e-01
6.819667816162109375e-01
8.575106412172317505e-02
1.361847016960382462e-02
5.356148257851600647e-02
2.802331745624542236e-01
3.791568279266357422e-01
2.191474139690399170e-01
9.173832088708877563e-02
-5.008032917976379395e-01
-1.158242523670196533e-01
-3.176060020923614502e-01
2.146107852458953857e-01
2.226177789270877838e-02
7.273761183023452759e-02
1.248829662799835205e-01
-1.238833442330360413e-01
2.722695004194974899e-03
-6.730592995882034302e-02
2.436230890452861786e-02
2.435890734195709229e-01
-9.665421396493911743e-02
2.026707082986831665e-01
-4.288334846496582031e-01
-5.561382323503494263e-02
-7.961131632328033447e-03
4.261374101042747498e-02
-1.051665246486663818e-01
1.916822642087936401e-01
7.522797212004661560e-03
1.736063659191131592e-01
-2.713092565536499023e-01
3.145951926708221436e-01
-2.974123060703277588e-01
-5.871855840086936951e-02
2.101209312677383423e-01
2.625774592161178589e-02
-6.952248513698577881e-02
1.817822903394699097e-01
1.810300648212432861e-01
-1.375575065612792969e-01
-2.615455389022827148e-01
-9.500245749950408936e-02
-5.023962855339050293e-01
3.018077909946441650e-01
4.994578287005424500e-02
-2.495788782835006714e-02
8.270955085754394531e-02
5.934240296483039856e-02
8.835530281066894531e-02
-5.769047886133193970e-02
-1.278347671031951904e-01
4.145312607288360596e-01
3.092548251152038574e-01
-1.819294393062591553e-01
3.837578929960727692e-03
-3.267296031117439270e-02
1.144955977797508240e-01
2.229680716991424561e-01
1.905539445579051971e-02
2.728831470012664795e-01
-3.182822763919830322e-01
1.457397639751434326e-01
-2.965997755527496338e-01
-8.243135362863540649e-02
5.912333354353904724e-02
-3.416378796100616455e-02
8.610431849956512451e-02
3.283045813441276550e-02
-3.061002790927886963e-01
1.919884681701660156e-01
-2.406066656112670898e-01
6.363378465175628662e-02
-2.225803881883621216e-01
-2.005754411220550537e-01
2.428528666496276855e-01
2.356489896774291992e-01
-8.173458278179168701e-02
-2.824267745018005371e-01
4.008555710315704346e-01
-1.163417994976043701e-01
-2.497497797012329102e-01
1.477883160114288330e-01
-5.646697282791137695e-01
-6.190222501754760742e-02
-2.731611132621765137e-01
9.190890938043594360e-02
-4.652894437313079834e-01
2.371064722537994385e-01
2.903940081596374512e-01
-1.898498088121414185e-01
-3.689672946929931641e-01
-2.210712134838104248e-01
1.852198094129562378e-01
-5.378965660929679871e-02
-4.837832599878311157e-02
5.650018155574798584e-02
2.292712926864624023e-01
8.719139546155929565e-02
-7.254726290702819824e-01
-1.881978064775466919e-01
-1.377839148044586182e-01
1.808288693428039551e-01
3.405195772647857666e-01
-4.671752452850341797e-03
-3.367673605680465698e-02
6.144699454307556152e-02
1.818620115518569946e-01
3.366528749465942383e-01
1.626660525798797607e-01
-3.571059927344322205e-02
-2.569016814231872559e-01
-1.542477011680603027e-01
-9.321329183876514435e-03
-4.558417201042175293e-01
-1.466819047927856445e-01
-2.828000783920288086e-01
2.475400716066360474e-01
-2.916465401649475098e-01
5.880742147564888000e-02
-2.827962934970855713e-01
1.630134880542755127e-01
4.098176024854183197e-03
1.175951212644577026e-01
-6.210083886981010437e-02
-2.939836382865905762e-01
3.809759393334388733e-02
3.785670995712280273e-01
-7.269338518381118774e-02
-1.706779748201370239e-01
-8.199182897806167603e-02
-1.210582628846168518e-01
2.520148158073425293e-01
1.406029462814331055e-01
2.779131233692169189e-01
3.769476711750030518e-01
-3.845813274383544922e-01
2.739240527153015137e-01
-4.925923049449920654e-01
-1.194063574075698853e-02
-7.161296904087066650e-02
-3.921801149845123291e-01
-2.151360511779785156e-01
-2.585891820490360260e-02
-6.029278412461280823e-02
1.206314191222190857e-01
3.499193862080574036e-02
2.382125109434127808e-01
-1.942499727010726929e-01
1.047667935490608215e-01
-1.513458043336868286e-01
3.940147757530212402e-01
-5.700675398111343384e-02
2.619430124759674072e-01
-1.527673751115798950e-01
-9.850924834609031677e-03
9.249041974544525146e-02
-1.737799942493438721e-01
1.125651076436042786e-01
-2.462929040193557739e-01
3.353802859783172607e-01
1.925612092018127441e-01
3.587535321712493896e-01
4.971342533826828003e-02
1.486990898847579956e-01
-1.259578019380569458e-01
-1.812744885683059692e-02
8.830992132425308228e-02
-1.815195679664611816e-01
-2.003271132707595825e-01
-1.319217979907989502e-01
-3.370385617017745972e-02
3.641673177480697632e-02
-2.611985616385936737e-02
-2.214184403419494629e-01
-2.301770150661468506e-01
-5.498632416129112244e-02
1.484611034393310547e-01
2.587833404541015625e-01
5.164626240730285645e-02
7.096214592456817627e-02
-2.195171117782592773e-01
7.049732655286788940e-02
3.166673481464385986e-01
-1.301500946283340454e-02
2.058946341276168823e-01
-6.108358502388000488e-02
-4.774988815188407898e-02
-2.545374631881713867e-01
3.784542903304100037e-02
2.695361077785491943e-01
1.161903142929077148e-03
-2.212847396731376648e-02
-2.168004773557186127e-02
4.877058267593383789e-01
2.248617447912693024e-02
-2.983358204364776611e-01
-2.662949264049530029e-01
3.609187602996826172e-01
-5.196135491132736206e-02
-1.409498751163482666e-01
-2.995529770851135254e-02
1.422998607158660889e-01
5.936520919203758240e-02
2.599005214869976044e-02
-1.733370274305343628e-01
3.512522280216217041e-01
1.140376329421997070e-01
1.551705598831176758e-01
1.143187731504440308e-01
-6.530935317277908325e-02
5.327643360942602158e-03
1.654109805822372437e-01
-2.037948817014694214e-01
2.408026345074176788e-02
2.378009855747222900e-01
-3.249228373169898987e-02
1.725011877715587616e-02
1.185368150472640991e-01
2.683426737785339355e-01
-1.565828919410705566e-02
-2.438065409660339355e-01
1.277500540018081665e-01
-7.504463940858840942e-02
-6.389617919921875000e-02
-1.155128702521324158e-01
2.293816804885864258e-01
