-1.564887762069702148e-01
1.247840523719787598e-01
1.461357995867729187e-02
-2.328646630048751831e-01
-1.963272094726562500e-01
-5.259337276220321655e-02
3.032045662403106689e-01
-1.099515631794929504e-01
1.113547086715698242e-01
2.878121435642242432e-01
5.062116980552673340e-01
-4.505205154418945312e-01
-1.453212052583694458e-01
7.452302426099777222e-02
-2.076152861118316650e-01
3.892888501286506653e-02
-1.789301261305809021e-02
3.004321455955505371e-01
9.302561730146408081e-02
7.871671020984649658e-02
4.901000261306762695e-01
1.090396717190742493e-01
-3.828500956296920776e-02
-5.554038099944591522e-03
5.157201364636421204e-02
3.122476115822792053e-02
-2.570376992225646973e-01
-1.372595280408859253e-01
2.151596397161483765e-01
-1.152985394001007080e-01
1.943610459566116333e-01
1.536802761256694794e-02
2.554872632026672363e-01
4.024308174848556519e-03
3.508776724338531494e-01
4.710069298744201660e-02
-1.096717864274978638e-01
-9.020737558603286743e-02
1.077278032898902893e-01
1.711572408676147461e-01
7.669775746762752533e-03
-3.400141894817352295e-01
-1.092711165547370911e-01
-4.692764580249786377e-02
-1.096871197223663330e-01
-1.391835957765579224e-01
-9.635441005229949951e-02
-4.837500303983688354e-02
-2.392753064632415771e-01
2.452832907438278198e-01
-4.896325618028640747e-02
-6.584943830966949463e-02
-5.796417221426963806e-02
-8.112610876560211182e-02
1.482123434543609619e-01
-1.527401357889175415e-01
1.075027137994766235e-01
3.802340626716613770e-01
-4.497940838336944580e-02
6.496400386095046997e-02
1.018116474151611328e-01
2.095349282026290894e-01
-4.552101492881774902e-01
1.347899436950683594e-01
2.643644809722900391e-01
1.250286400318145752e-01
-3.005841970443725586e-01
-1.729140728712081909e-01
3.274279087781906128e-02
-1.014036461710929871e-01
2.159553021192550659e-01
-7.554510980844497681e-02
1.403710842132568359e-01
9.844110906124114990e-02
1.129971146583557129e-01
5.416036024689674377e-02
-1.890431791543960571e-01
5.036347508430480957e-01
-2.238487824797630310e-03
-1.659023761749267578e-01
1.338292062282562256e-01
4.142093360424041748e-01
-2.078995555639266968e-01
1.454877257347106934e-01
-1.985470764338970184e-03
2.053547203540802002e-01
1.130237244069576263e-03
5.725662037730216980e-02
-1.395766623318195343e-02
-1.630201339721679688e-01
1.130742803215980530e-01
1.305465698242187500e-01
1.495550870895385742e-01
-2.944991588592529297e-01
2.672521770000457764e-01
1.941255629062652588e-01
-6.810007616877555847e-03
-2.607273682951927185e-02
9.893011301755905151e-02
2.630771100521087646e-01
-2.361544407904148102e-02
1.164460927248001099e-01
-5.135335922241210938e-01
3.662366867065429688e-01
-4.194618463516235352e-01
-1.431039869785308838e-01
1.783668696880340576e-01
-2.906057238578796387e-02
-2.518688328564167023e-02
2.540011405944824219e-01
-2.140412330627441406e-01
-2.267391830682754517e-01
-4.979093968868255615e-01
-1.930243223905563354e-01
8.178137242794036865e-02
-1.057047247886657715e-01
1.595208942890167236e-01
4.621569067239761353e-02
1.844533532857894897e-01
-1.720517873764038086e-01
9.760711342096328735e-02
-3.640960752964019775e-01
-3.843098878860473633e-02
-1.078746169805526733e-01
2.209338545799255371e-01
-8.621168136596679688e-02
1.159226596355438232e-01
-6.076463684439659119e-02
-2.084198594093322754e-02
1.426201611757278442e-01
1.068869233131408691e-01
2.146580815315246582e-01
-3.846164792776107788e-02
-1.795788407325744629e-01
-1.891649216413497925e-01
-7.861182093620300293e-02
2.607937455177307129e-01
-4.541817307472229004e-01
-3.815956711769104004e-01
-1.856712251901626587e-01
-1.314456611871719360e-01
-2.565582469105720520e-02
1.372174173593521118e-01
1.579384505748748779e-01
1.158149018883705139e-01
1.575197651982307434e-02
1.154786348342895508e-01
-3.270126134157180786e-02
2.445523142814636230e-01
2.169709801673889160e-01
-4.386539757251739502e-02
-3.154689967632293701e-01
1.519321352243423462e-01
4.372976720333099365e-02
-4.941987246274948120e-02
-2.983998954296112061e-01
-1.225846633315086365e-02
1.889941543340682983e-01
3.011253476142883301e-01
9.528709948062896729e-02
4.537030309438705444e-02
1.668746322393417358e-01
1.084531024098396301e-01
2.982230186462402344e-01
2.835289537906646729e-01
4.319095239043235779e-02
-3.298535943031311035e-01
-1.371162384748458862e-01
1.881665885448455811e-01
1.731945127248764038e-01
3.461683541536331177e-02
-2.391226291656494141e-01
3.419082164764404297e-01
4.756291583180427551e-02
2.657188773155212402e-01
-1.787790954113006592e-01
3.947597742080688477e-01
2.501819729804992676e-01
7.026812434196472168e-02
1.537204980850219727e-01
2.912514656782150269e-02
-3.619757294654846191e-01
1.078478023409843445e-01
-6.613533198833465576e-02
-2.292037308216094971e-01
4.465208575129508972e-02
-4.574482887983322144e-02
9.952327609062194824e-02
8.101017028093338013e-02
5.578695237636566162e-02
-2.153242230415344238e-01
1.811256408691406250e-01
-1.385330408811569214e-01
-1.035690233111381531e-01
-2.217666655778884888e-01
-2.147543728351593018e-01
5.357882380485534668e-01
-5.693279951810836792e-02
-7.000923901796340942e-02
-7.213731855154037476e-02
-3.475769162178039551e-01
2.876306772232055664e-01
-1.628705412149429321e-01
-3.586843982338905334e-02
2.151783406734466553e-01
2.726753354072570801e-01
-7.484012097120285034e-02
-9.106929600238800049e-02
-8.214615285396575928e-02
-4.526466131210327148e-03
-1.037091016769409180e-01
-1.052463129162788391e-01
3.054723441600799561e-01
-1.853217482566833496e-01
-1.465789694339036942e-02
8.363209664821624756e-02
-1.125097423791885376e-01
1.162562519311904907e-01
3.953796625137329102e-02
1.809486150741577148e-01
-2.184367030858993530e-01
-1.158530563116073608e-01
-7.049763202667236328e-02
-1.152139529585838318e-01
3.957798704504966736e-03
2.400589175522327423e-02
-4.000810384750366211e-01
-1.125210151076316833e-01
-3.176797926425933838e-01
-6.456730514764785767e-02
-6.228712946176528931e-02
-5.328090116381645203e-02
2.040400803089141846e-01
3.617648482322692871e-01
-7.711564004421234131e-02
-2.891173064708709717e-01
2.643673419952392578e-01
-2.354205846786499023e-01
-3.725545108318328857e-01
1.313526630401611328e-01
-2.345919907093048096e-01
-1.213562488555908203e-02
-2.606083154678344727e-01
5.274770408868789673e-02
-4.341509044170379639e-01
6.326752156019210815e-02
9.439263492822647095e-02
1.266814023256301880e-01
-2.137094885110855103e-01
3.131742477416992188e-01
1.387290656566619873e-01
-5.989790707826614380e-02
-2.325506135821342468e-02
-9.214434772729873657e-02
-9.046410769224166870e-02
-3.646206110715866089e-02
-7.728798985481262207e-01
-2.082986533641815186e-01
-1.713040769100189209e-01
-3.199867904186248779e-03
8.810339123010635376e-02
2.670324742794036865e-01
-2.316796630620956421e-01
2.258592694997787476e-01
2.476216554641723633e-01
3.587628304958343506e-01
-2.945280633866786957e-02
-1.451265811920166016e-02
-9.837200492620468140e-02
-2.650377154350280762e-01
1.425246596336364746e-01
-3.534143269062042236e-01
-9.147877991199493408e-02
-5.848349258303642273e-02
1.873745918273925781e-01
-2.346628457307815552e-01
3.628126084804534912e-01
-4.517784714698791504e-01
2.774277627468109131e-01
1.372320652008056641e-01
-1.362846698611974716e-02
-1.384325921535491943e-01
-3.423112034797668457e-01
5.071888491511344910e-02
3.267266601324081421e-02
-1.439950149506330490e-02
7.796636223793029785e-02
-2.769332937896251678e-02
-8.529269695281982422e-02
-3.614282235503196716e-02
-4.490822553634643555e-02
2.497658729553222656e-01
-2.221857756376266479e-01
-1.445961892604827881e-01
1.215588897466659546e-01
-2.766606211662292480e-01
-3.581902384757995605e-01
-2.156566828489303589e-01
-8.029794692993164062e-02
-5.813202857971191406e-01
-1.374781727790832520e-01
-1.330240964889526367e-01
4.886446148157119751e-02
1.552802175283432007e-01
-9.664328396320343018e-02
-8.836077153682708740e-02
-8.109808713197708130e-02
-7.000816985964775085e-03
3.792887628078460693e-01
-1.727180480957031250e-01
1.141752004623413086e-01
-3.176259994506835938e-02
1.294749677181243896e-01
2.560877501964569092e-01
-1.814820617437362671e-02
3.041982054710388184e-01
-3.649405241012573242e-01
-1.193091273307800293e-02
-3.695589303970336914e-02
1.092020720243453979e-01
7.909700274467468262e-02
-7.394628971815109253e-02
-3.990945219993591309e-01
2.068272382020950317e-01
2.003241777420043945e-01
3.029889985918998718e-02
-3.386139571666717529e-01
-2.122174501419067383e-01
-1.444297004491090775e-02
2.051857709884643555e-01
-6.948781758546829224e-02
3.151693046092987061e-01
-1.255429834127426147e-01
-1.529811918735504150e-01
1.432500779628753662e-03
1.157561689615249634e-01
3.298122435808181763e-02
1.506674140691757202e-01
-1.781415939331054688e-01
-2.248131781816482544e-01
1.186011135578155518e-01
-4.545152559876441956e-02
-1.130910739302635193e-01
1.986184418201446533e-01
-1.476767361164093018e-01
-1.037651747465133667e-01
1.356671899557113647e-01
2.853329777717590332e-01
9.020239114761352539e-02
7.340575754642486572e-02
3.363222628831863403e-02
3.760037124156951904e-01
7.564209401607513428e-03
-1.608404368162155151e-01
-2.623525857925415039e-01
1.130146384239196777e-01
2.287634909152984619e-01
3.519552201032638550e-02
1.289156228303909302e-01
4.001300632953643799e-01
-5.961052700877189636e-02
1.166447401046752930e-01
2.698390744626522064e-02
1.649821251630783081e-01
1.613500714302062988e-01
3.044731542468070984e-02
-1.774785816669464111e-01
1.454987227916717529e-01
1.411343812942504883e-01
-2.522128522396087646e-01
-1.669442057609558105e-01
2.966293692588806152e-02
-2.306452579796314240e-02
-8.294822275638580322e-02
-1.205906122922897339e-01
-6.308063864707946777e-02
2.436392456293106079e-01
3.451634943485260010e-02
-6.384297460317611694e-02
3.450060635805130005e-02
1.444034725427627563e-01
-6.209937483072280884e-02
3.457066416740417480e-01
2.207322120666503906e-01
