-1.737997680902481079e-01
3.338620364665985107e-01
-6.183784455060958862e-02
-8.989444375038146973e-02
-3.935225605964660645e-01
-1.329764127731323242e-01
5.943707004189491272e-02
1.336509138345718384e-01
8.433677256107330322e-03
1.709796041250228882e-01
3.786671757698059082e-01
-2.694041430950164795e-01
-1.430790275335311890e-01
2.805738896131515503e-02
-3.018746152520179749e-02
-2.418116927146911621e-01
8.563317358493804932e-02
2.799094319343566895e-01
4.047515243291854858e-02
2.724255323410034180e-01
1.472671329975128174e-01
1.131034344434738159e-01
-3.873378038406372070e-02
-8.867247030138969421e-03
6.500609964132308960e-02
1.217212304472923279e-01
-1.577684730291366577e-01
-1.790447533130645752e-01
1.137858629226684570e-01
1.855823546648025513e-01
1.814672201871871948e-01
2.003372758626937866e-01
4.222756922245025635e-01
9.657222032546997070e-02
-8.445433527231216431e-02
2.345679849386215210e-01
-2.747597694396972656e-01
6.864013522863388062e-02
-1.344826668500900269e-01
1.805555820465087891e-01
-1.927265822887420654e-01
-8.244728296995162964e-02
-1.583493351936340332e-01
2.868496254086494446e-02
-1.154291443526744843e-02
-4.611243009567260742e-01
-3.506363630294799805e-01
1.442449539899826050e-01
1.943749785423278809e-01
1.211581453680992126e-01
-6.587686538696289062e-01
-3.336098790168762207e-01
-1.151076853275299072e-01
-1.119235754013061523e-01
2.967064082622528076e-01
-4.427634775638580322e-01
1.375329196453094482e-01
4.118710458278656006e-01
-1.647603064775466919e-01
-7.631079852581024170e-02
-1.922902651131153107e-02
1.955984830856323242e-01
-7.007250785827636719e-01
-5.498140677809715271e-02
1.760897636413574219e-01
7.478107511997222900e-02
-8.165004849433898926e-02
3.111447580158710480e-02
3.521140664815902710e-02
-9.554828703403472900e-02
4.638473987579345703e-01
-3.580277413129806519e-02
9.928587824106216431e-02
4.015657305717468262e-02
-2.372068352997303009e-02
5.148639902472496033e-02
-1.170747131109237671e-01
1.436526775360107422e-01
-2.203243076801300049e-01
-2.727889418601989746e-01
1.848885118961334229e-01
4.394754022359848022e-02
-2.369215339422225952e-01
-6.266454607248306274e-02
4.533891752362251282e-02
2.001446485519409180e-01
-2.047616615891456604e-02
2.195435762405395508e-01
4.587890505790710449e-01
-2.948258519172668457e-01
2.088509500026702881e-01
1.774525940418243408e-01
-3.856659680604934692e-02
-1.353579014539718628e-01
4.893538653850555420e-01
2.171169966459274292e-01
-2.915819585323333740e-01
-2.949624359607696533e-01
-5.529034137725830078e-02
5.713326856493949890e-03
-2.055327296257019043e-01
-7.478927075862884521e-02
-1.361846774816513062e-01
4.893579781055450439e-01
-1.439430862665176392e-01
-1.901402473449707031e-01
2.859598696231842041e-01
-2.738964855670928955e-01
-3.258263170719146729e-01
2.621489465236663818e-01
-2.446019351482391357e-01
-1.633524298667907715e-01
-5.542191267013549805e-01
1.402521878480911255e-02
3.413545489311218262e-01
3.130182623863220215e-01
2.905724048614501953e-01
7.629788666963577271e-02
-1.732050627470016479e-02
-2.106079086661338806e-02
1.738533005118370056e-02
3.138497844338417053e-02
-9.687624871730804443e-02
-2.179684489965438843e-02
7.786578033119440079e-03
-3.185347914695739746e-01
1.277741193771362305e-01
2.493964731693267822e-01
-3.685660660266876221e-01
-1.938964426517486572e-01
1.629442907869815826e-02
3.365828394889831543e-01
3.413881361484527588e-02
4.264445230364799500e-02
-1.469938158988952637e-01
-2.443042956292629242e-02
2.751438617706298828e-01
-3.643569350242614746e-01
-2.241577953100204468e-01
-5.872218310832977295e-02
-3.233662247657775879e-02
6.683092564344406128e-03
8.132983744144439697e-02
4.050418734550476074e-02
2.483483403921127319e-01
-1.958302408456802368e-01
8.868589997291564941e-02
2.427001595497131348e-01
2.666426897048950195e-01
3.757537901401519775e-02
1.009823679924011230e-01
-2.325092852115631104e-01
-1.365197896957397461e-01
2.522297799587249756e-01
3.086592257022857666e-01
-1.938025802373886108e-01
1.142311841249465942e-03
1.585030704736709595e-01
2.161468565464019775e-01
-3.167200386524200439e-01
-1.532659232616424561e-01
-6.792866438627243042e-02
5.117023587226867676e-01
3.709661066532135010e-01
3.221440911293029785e-01
2.053659968078136444e-02
-3.137927353382110596e-01
8.553021401166915894e-02
9.801462292671203613e-03
1.448288410902023315e-01
1.695437729358673096e-01
1.229566112160682678e-01
1.446343958377838135e-01
1.243751347064971924e-01
1.457910090684890747e-01
-1.275109648704528809e-01
1.693052500486373901e-01
1.409499049186706543e-01
7.063525915145874023e-02
1.095507889986038208e-01
-2.584889233112335205e-01
-1.041756868362426758e-01
5.213476717472076416e-02
6.401407718658447266e-02
-8.476874232292175293e-02
3.690684139728546143e-01
-1.800682842731475830e-01
6.344591081142425537e-02
-1.461821645498275757e-01
7.256567478179931641e-04
-1.647779643535614014e-01
-2.409632876515388489e-02
-1.473549753427505493e-01
-2.459611743688583374e-01
-2.741656601428985596e-01
-1.889910921454429626e-02
4.731015563011169434e-01
-1.419652700424194336e-01
-3.005863428115844727e-01
1.920884996652603149e-01
-3.772117495536804199e-01
2.646620869636535645e-01
2.176018953323364258e-01
-9.849862754344940186e-02
4.571910500526428223e-01
-8.630507439374923706e-02
8.867229521274566650e-02
4.680503159761428833e-03
7.527720928192138672e-02
2.722997069358825684e-01
-7.079169154167175293e-03
-2.161805629730224609e-01
-1.741285771131515503e-01
9.077386558055877686e-02
9.363050758838653564e-02
3.008250296115875244e-01
1.929409652948379517e-01
4.466934204101562500e-01
-1.708400398492813110e-01
2.064794898033142090e-01
-1.314209401607513428e-01
-4.251151382923126221e-01
2.305133193731307983e-01
-1.827086806297302246e-01
1.844434253871440887e-02
2.036126703023910522e-01
-2.207768559455871582e-01
3.149921074509620667e-02
-6.334907561540603638e-02
-5.781096220016479492e-02
-2.613386213779449463e-01
-3.127406165003776550e-02
1.977825909852981567e-01
-1.969041526317596436e-01
2.789966762065887451e-02
-5.103676915168762207e-01
3.933662772178649902e-01
7.007271051406860352e-02
-1.987570077180862427e-01
1.485076844692230225e-01
-2.486211508512496948e-01
1.122576594352722168e-01
-5.005908757448196411e-02
-2.363268285989761353e-02
-2.160463482141494751e-01
5.032901465892791748e-02
8.263117820024490356e-02
9.307772666215896606e-02
-3.614306449890136719e-01
1.370250433683395386e-02
9.425645694136619568e-03
1.651548147201538086e-01
-1.063055917620658875e-01
1.397994011640548706e-01
1.924186050891876221e-01
-1.474901288747787476e-01
-4.137557148933410645e-01
-3.548648059368133545e-01
-1.762438863515853882e-01
3.314290344715118408e-01
6.093753576278686523e-01
2.394497692584991455e-01
-3.100191652774810791e-01
1.299038529396057129e-01
2.855589985847473145e-01
2.393038123846054077e-01
-2.277315258979797363e-01
7.798891514539718628e-02
-2.935833930969238281e-01
-1.724682152271270752e-01
5.601794272661209106e-02
-4.039186537265777588e-01
4.129748791456222534e-02
-4.024959504604339600e-01
1.472546309232711792e-01
-1.354958862066268921e-01
1.959020197391510010e-01
-4.022800922393798828e-01
3.551506102085113525e-01
-5.860956758260726929e-02
-1.550312340259552002e-01
-4.813045263290405273e-01
-2.280924469232559204e-01
1.594919115304946899e-01
6.337416917085647583e-02
-9.446597099304199219e-02
-1.960256248712539673e-01
-1.947920620441436768e-01
-5.856914073228836060e-02
2.089674472808837891e-01
7.848165184259414673e-02
3.603623509407043457e-01
-7.196184247732162476e-02
5.404992029070854187e-03
-1.091631129384040833e-03
-2.419036924839019775e-01
-7.606036216020584106e-02
-8.301931619644165039e-02
-2.055949866771697998e-01
-2.444265782833099365e-01
-7.673695683479309082e-02
7.515446841716766357e-02
1.716262847185134888e-01
3.844728320837020874e-02
1.439352631568908691e-01
-3.848710358142852783e-01
-2.535436749458312988e-01
-2.735051512718200684e-02
1.814008504152297974e-01
1.562194824218750000e-01
2.236624509096145630e-01
-3.045184612274169922e-01
5.097095854580402374e-03
2.564922869205474854e-01
6.815239042043685913e-02
3.095548748970031738e-01
-1.659848690032958984e-01
2.931353636085987091e-02
1.670877337455749512e-01
2.019284069538116455e-01
1.193290110677480698e-03
-9.108108282089233398e-02
-2.095304727554321289e-01
1.487706154584884644e-01
1.627159863710403442e-01
-1.181549429893493652e-01
-3.144926726818084717e-01
-4.037487506866455078e-01
-1.182506680488586426e-01
1.812795251607894897e-01
-3.874581456184387207e-01
1.203307509422302246e-01
-1.429675146937370300e-02
-3.841751813888549805e-02
1.052639409899711609e-01
2.854388356208801270e-01
2.987577021121978760e-01
1.548666656017303467e-01
-2.355687469244003296e-01
-1.689346134662628174e-01
3.446628451347351074e-01
-6.491625308990478516e-02
1.203323155641555786e-02
-3.164441287517547607e-01
-3.894544839859008789e-01
-9.414801001548767090e-02
2.157324999570846558e-01
3.385836184024810791e-01
-1.590011641383171082e-03
1.564203798770904541e-01
-9.938375651836395264e-02
2.489423602819442749e-01
-1.697857379913330078e-01
-4.745138287544250488e-01
-2.221419513225555420e-01
8.143192529678344727e-02
-3.698389232158660889e-02
-1.737274080514907837e-01
2.616909705102443695e-02
2.534210979938507080e-01
1.203221641480922699e-02
2.467613816261291504e-01
-4.174190387129783630e-02
4.463164508342742920e-01
1.719353348016738892e-01
-2.102395519614219666e-03
1.097018271684646606e-01
-2.076290696859359741e-01
1.210524365305900574e-01
2.146150171756744385e-02
-1.156130358576774597e-01
2.067335695028305054e-01
1.879721134901046753e-01
-2.068503946065902710e-01
1.214173734188079834e-01
2.935211174190044403e-02
3.698962330818176270e-01
2.868489027023315430e-01
-4.279126822948455811e-01
1.112802848219871521e-01
-1.906538307666778564e-01
-2.319996356964111328e-01
-1.945574432611465454e-01
2.127819657325744629e-01
