-1.514802188962846921e-02
-2.534816197233020207e-01
-3.129675448092772427e-02
7.421106838238521186e-02
3.587311577531093754e-01
2.156400828717491558e-01
1.489674951070752429e-01
1.080476494969581785e-01
-3.299962251090270970e-01
-2.182706560169103693e-01
-1.486265510696294923e-01
3.795688462507658678e-01
-1.618330842220006283e-01
-3.339853923755536358e-01
-1.828272449035417135e-01
-4.791733583399308827e-02
4.255666032979761870e-01
-1.542389803799021353e-01
-9.720323534337839411e-02
9.732143573996492047e-02
