-3.397590431897310262e-03
3.675431697255970853e-02
-1.317053251389867143e-03
-6.474579629006040060e-02
-1.474383757795616479e-02
-3.455524804498417285e-02
2.884514839827638163e-02
1.017418826933765355e-02
-1.350467234620322463e-02
4.265056071376421842e-02
1.148860064852696428e-01
-5.328831091123482216e-02
-9.769649257638969575e-02
-1.072647138665370516e-02
-4.848621369321238356e-02
5.277662198058043512e-04
5.369694587518916706e-02
9.197989108560684912e-02
7.732232515675931117e-02
2.381756254863818742e-02
8.153160225001818140e-02
4.456415259388760847e-02
-4.949003975514564002e-02
-5.032847035711169453e-02
-6.242303693727083852e-03
3.157711014233618996e-02
-2.517355844583854876e-02
-7.044707025959328316e-03
6.310471268784310916e-02
-6.357824387743378491e-02
8.151594474795989531e-02
8.585913468776991408e-02
2.580913902016284366e-03
2.719461058401118070e-02
3.106567829990415294e-02
3.986502335550273085e-02
-3.910874575329701536e-02
-6.268227439970580628e-02
1.746594005416102907e-02
6.353157865497460755e-02
1.766569171041672531e-03
-1.325261152986667058e-02
-5.059602368510237452e-02
-2.991074547078303308e-02
1.503802419822474357e-03
-3.405524156979895106e-02
-2.740149458338640015e-02
-1.432195798748373688e-02
1.536536079525299345e-02
1.564036924520943381e-02
-2.292305266855970691e-02
-1.278347921142183354e-02
2.742924614395915797e-02
-5.567103074497754128e-02
1.627657922737182211e-02
-8.060067924963108810e-02
-3.185111642835624507e-02
6.728261890721891347e-02
-3.741996333794050944e-02
1.180348771565146483e-02
-3.808741848701136662e-02
6.254529133489310742e-03
-1.151621986759035488e-01
-7.615875870278558668e-03
5.053057923738238366e-02
1.020916274315920337e-02
-7.356412659068371773e-02
-9.460478540591303609e-02
4.404517484111927089e-02
2.344264848061981734e-03
6.048149446053157491e-02
-2.498140835144435981e-02
3.826199753984504959e-02
-1.723877009176002020e-02
4.977648055606970212e-02
3.088413996928230168e-02
-1.838089477691374693e-02
1.027180043348525085e-01
-1.033779065898662516e-02
-9.270285284768362000e-02
4.078894517577678902e-02
8.819973570130142104e-02
-6.530549961073815746e-02
-1.437329881102589191e-02
3.304683069515327448e-02
3.392908763706883185e-02
5.091946947667379438e-03
7.834748648577020969e-02
1.244353001460889521e-02
-1.543025178309871508e-02
7.394265822608218908e-02
5.144000634511318448e-02
-7.147323200661035228e-03
-5.783564199407154049e-02
1.496321824735060702e-01
5.287256651949487352e-02
4.182095055118247029e-02
-3.523488978687024792e-02
8.894635307169530825e-03
1.928006629063357472e-02
1.012174314494225687e-02
-2.221781384397107303e-02
-9.870296546851031749e-02
9.643671314673285533e-02
-9.794632122096202931e-02
-3.180320461173229835e-02
-3.691894684213299985e-03
-2.214512203997945003e-02
1.252085027956801634e-02
3.498479925276749836e-02
-3.383262499336672779e-02
6.758541209042196601e-03
-1.078455638938305428e-01
-5.813302279364605807e-02
-4.145271990398023687e-02
-1.066508448072490782e-02
1.220462390938498350e-02
-7.349392622909142747e-02
5.426827709101725294e-02
-5.704087361461594036e-02
-7.974146858639187194e-03
-6.030203378685099896e-02
-2.914772159427388501e-02
1.277597171154999656e-02
1.698647270188099329e-02
1.834478544846040657e-02
2.530881915050622877e-02
9.552202380537094817e-05
-6.214354319262352377e-02
2.608228194369763969e-02
1.421259903033899805e-02
-9.809719228757252454e-03
1.093123757269298321e-02
-6.871678882924754650e-02
-3.619521076001129545e-02
-3.284196673702263758e-02
4.727814173244027779e-02
-1.224362048261461444e-01
-1.133360255210320022e-01
-9.728559837875298821e-02
-5.285639920581737539e-02
-3.285912224719489405e-02
3.578596122862558876e-02
3.929822108262058522e-02
3.116567819819703739e-02
-2.849870870593470759e-02
5.376560632634263398e-02
-4.209466701278887640e-02
8.486245646408674750e-03
4.079950805350343970e-04
-5.869041450273536353e-02
-6.668396039185733870e-02
2.208803710607023726e-02
5.356379774606681576e-02
7.116877320599387935e-02
-2.437234758393478154e-02
-9.114014056040750655e-02
5.474620802471886170e-03
8.423772422707724583e-02
-1.395098622986318086e-02
1.965064695988871443e-02
5.320499512195945441e-02
2.666052704312862898e-02
1.020664161994642716e-01
3.081784394410591599e-03
1.979532695800025055e-02
-1.127729630306441577e-01
-1.824464412982110262e-02
2.770260250746124035e-03
3.866272343998092276e-02
-2.434513376986447222e-02
1.707920953053042312e-02
2.739985166306560874e-02
8.365172370568562527e-03
3.035671889805345233e-02
-9.348107504660774138e-04
1.195390641174642749e-01
3.043416836184757723e-02
-2.560829506632404662e-02
1.378196621879506679e-02
-1.586995557501104728e-02
-9.158942427134235398e-02
1.847065304863727830e-02
2.725453614636027394e-02
-3.199846246188738780e-02
1.840861316481265386e-02
-8.379878340666352399e-02
-8.837996458427121657e-03
-4.756583436531971153e-03
4.682448621227774596e-03
-8.040044899025855507e-02
5.199093811245230484e-02
-3.284562271486720503e-02
-1.771784984753504294e-02
-2.786192082087520644e-02
1.725006866082586139e-03
5.589029164356007495e-02
3.571848102628918248e-02
-5.201246543185224919e-02
-6.291829622823477339e-03
-4.607329625068284917e-02
5.154653951422476926e-02
8.015575163455211649e-03
-1.550410986846577528e-02
3.321685985387858031e-02
8.219622899216058598e-02
-1.756997305122226863e-02
2.616289677894935439e-02
9.618490112545018816e-03
4.557754286147153860e-02
2.215187529800369953e-02
3.681067210764416703e-02
6.984708309134740611e-02
-3.601292866312306995e-02
-1.787115124898777316e-02
8.840795533728175448e-02
-4.684536753750266624e-03
6.710931089157283480e-02
1.574985827415427767e-02
1.757815448015236787e-02
-5.980112641168115750e-02
-3.354686510522173620e-02
2.593612663456477951e-02
-1.500150021134825234e-02
1.478772502546276714e-02
4.010752258508390455e-02
-2.075415865267835405e-02
7.014376551884082822e-02
-5.961814594271182960e-02
3.788162220215246512e-03
-9.291902519573749797e-03
3.406420866732029484e-02
5.739387276672935218e-02
5.400101358744022889e-02
2.342543011696026495e-02
-5.901136536004704392e-02
3.664492396977601235e-02
-3.312978682280687953e-02
-3.755128522407077951e-02
3.206078169454445320e-02
-1.163971300269148190e-01
4.172019990290240510e-02
-2.106411014971269063e-02
1.071964654549114292e-02
-1.847342383986904854e-02
6.554691985545403610e-02
6.542337085058641533e-02
-7.096499172458895291e-03
-8.913436007371836056e-02
-2.691436608937668520e-02
3.444705973404037919e-02
-2.814258346579326039e-03
1.784224737448119463e-02
-7.839483611286887643e-02
4.483122055328192523e-02
-2.924111663860974944e-02
-1.524577959136415584e-01
-3.049518513057338995e-02
-5.088973803125110967e-02
-4.136208168343451924e-02
1.034262025111348099e-01
6.404981264147656395e-02
-7.773748640781155683e-02
1.210378125058323290e-01
4.476164174284181368e-02
4.873076264485159265e-02
-1.570443091620884676e-02
1.045307792213481281e-02
-4.192619173194402082e-02
-1.066249142518777976e-01
6.261486054271710178e-02
-1.009782337738548003e-01
4.839195615935635957e-03
-2.789600487029335329e-02
4.379288792682146242e-02
-2.732631832071626132e-02
3.418231036995531685e-02
-6.896771391798720008e-02
6.392397995990374560e-02
6.162208272710687634e-02
3.054143132978391281e-02
-5.232189664168616222e-02
-7.826375167324617355e-02
5.093377039096454173e-02
7.250087604836956412e-02
-2.253690004782621381e-02
3.115257324609517139e-02
-1.870406645744332810e-02
-5.111404815998000367e-02
4.808448039134952980e-03
1.345536574958855307e-03
4.958929937903255175e-02
1.316006762650464602e-02
2.817134853884871795e-02
4.813769808985964016e-02
-1.055452379982161487e-01
-2.999433013330963030e-02
-3.242678453480796891e-02
1.395295694857953900e-03
-1.104670012723352746e-01
-3.855061726166214564e-02
-8.573362325735441394e-03
3.961270501446127051e-02
-6.695423213317371405e-03
-1.764411572321237728e-02
-9.591564376958161553e-02
-3.533816854208389480e-02
3.186658536995264079e-02
9.441686046260951148e-02
-5.268611514128247048e-02
-5.245086850576352773e-03
-4.172570656676188872e-02
1.618340678913680495e-03
2.682630136994982456e-02
1.005583602571853349e-02
6.524534882339290409e-02
-1.295651171928191570e-01
3.670383863853771134e-02
-4.213654140277170446e-02
6.714349620494274029e-02
1.980923678392558160e-02
-2.914308440365537267e-02
-1.290727509082011670e-01
1.624728077263942055e-02
3.637167192560354645e-02
2.370869157898511728e-02
-3.440765408936424796e-02
-5.342998616346741891e-02
-5.274536852050350222e-02
6.319419510259460804e-02
-3.450603376442896997e-02
8.713549347063211103e-02
-1.207724450824554929e-01
-4.597797544533335085e-02
-5.578856327436647333e-03
-1.236780291095978743e-02
5.883835851736094434e-03
7.110123364203058127e-02
-1.007269298182611461e-02
-1.939521562529574611e-02
-2.054983942477097911e-02
-5.892616571208290563e-03
-1.115620155228281077e-03
5.423596865261530973e-03
-3.254324419008730552e-04
-4.033708447186268309e-02
5.697703542268247462e-02
1.434467149186343105e-01
1.131763776632922769e-01
5.968530052906541664e-03
-5.547123173036509758e-03
6.758664820900552039e-02
-1.388113810968929444e-04
-4.849089976987657619e-02
-6.472133929978024502e-02
2.305557051687886355e-02
-1.567809094020501323e-03
2.515478445836834276e-02
5.800839131205273724e-02
9.014116120071710703e-02
3.066087041495424437e-02
8.344199384007992132e-03
-2.081705578823252883e-02
3.031636346734702114e-02
8.542751804455673420e-03
-5.878026268986433558e-03
-1.156783951618589081e-02
-5.576394129368214200e-03
4.755241339985115390e-02
-1.000049614904697376e-02
-1.343365314334584067e-02
1.565044850026992701e-02
2.656162184307287247e-02
-2.840403913255083040e-02
-5.625339274782661936e-02
2.233509495941080406e-02
5.984504703186160901e-02
-4.805487116104104062e-02
-1.034100317055969102e-02
-7.677911389277676871e-03
-1.830751856828264496e-02
-6.091115391598746903e-02
6.818195453837780362e-02
7.109779066767074607e-02
