-1.040216907858848572e-01
-2.776259928941726685e-02
6.507097929716110229e-02
-1.395971477031707764e-01
-3.126277625560760498e-01
4.134700819849967957e-02
6.496443748474121094e-01
-2.857726514339447021e-01
1.128050461411476135e-01
3.744602501392364502e-01
6.550660133361816406e-01
-3.978616893291473389e-01
9.229953587055206299e-02
3.219757601618766785e-02
-2.617910690605640411e-02
6.576701253652572632e-02
-1.468237489461898804e-01
2.664062678813934326e-01
-2.201633900403976440e-01
4.103532731533050537e-01
2.914911806583404541e-01
-4.880739375948905945e-03
-1.788907796144485474e-01
-6.883883476257324219e-02
5.772978439927101135e-02
1.427487879991531372e-01
-3.070115745067596436e-01
-3.450848460197448730e-01
4.278764128684997559e-02
-7.936926186084747314e-02
3.198558390140533447e-01
2.576895952224731445e-01
4.121943414211273193e-01
1.613938808441162109e-02
5.923032760620117188e-01
2.950559258460998535e-01
6.663014739751815796e-02
1.315706074237823486e-01
3.827632963657379150e-01
3.549032285809516907e-02
-3.139788657426834106e-02
-4.597523212432861328e-01
-7.981885969638824463e-02
-3.969129621982574463e-01
-6.655239313840866089e-02
-1.809037327766418457e-01
7.028252631425857544e-02
-3.826810792088508606e-02
7.257568836212158203e-02
-7.082433998584747314e-02
-6.635104417800903320e-01
-1.697475016117095947e-01
-2.169411480426788330e-01
5.667297542095184326e-02
3.557652235031127930e-01
-3.738985955715179443e-01
2.546777427196502686e-01
4.378907084465026855e-01
-4.173289518803358078e-03
1.619559340178966522e-02
-1.941246539354324341e-01
6.255111843347549438e-02
-6.725652217864990234e-01
-8.755242079496383667e-02
-3.084782045334577560e-03
-1.240778155624866486e-02
-9.755893796682357788e-02
-3.031952977180480957e-01
2.367907315492630005e-01
2.544120550155639648e-01
3.235352933406829834e-01
-5.965903773903846741e-02
-3.696491420269012451e-01
-9.973591566085815430e-02
-1.402200460433959961e-01
7.038655132055282593e-02
1.568485796451568604e-01
5.645156837999820709e-03
-6.725410372018814087e-02
-4.856426417827606201e-01
-9.597996622323989868e-02
3.834914788603782654e-02
-8.409591764211654663e-02
4.743213355541229248e-01
-3.093889057636260986e-01
2.278849482536315918e-01
-1.197124719619750977e-01
2.412277087569236755e-02
2.879921495914459229e-01
5.575370416045188904e-02
-1.176206767559051514e-01
-8.548111654818058014e-03
2.510545551776885986e-01
-2.807962596416473389e-01
2.361336499452590942e-01
-3.180633485317230225e-02
1.096031367778778076e-01
-5.623766183853149414e-01
-8.482263237237930298e-02
2.172688543796539307e-01
-1.853631138801574707e-01
-2.486470341682434082e-02
2.737737074494361877e-02
4.565559327602386475e-01
-2.483917474746704102e-01
-4.579295516014099121e-01
1.717242002487182617e-01
-1.871555298566818237e-01
3.794636810198426247e-03
1.544665843248367310e-01
-2.993411421775817871e-01
-3.730013072490692139e-01
-4.663815200328826904e-01
-1.345649957656860352e-01
-1.917550154030323029e-02
2.189465761184692383e-01
4.909962415695190430e-01
-1.951153725385665894e-01
-1.786441951990127563e-01
-1.198691949248313904e-01
8.021505922079086304e-02
1.318839788436889648e-01
1.664003580808639526e-01
-1.466151513159275055e-02
-2.003648877143859863e-01
-6.538768857717514038e-02
3.661603033542633057e-01
2.526436150074005127e-01
-8.799467235803604126e-02
-8.383839391171932220e-03
1.406697928905487061e-01
6.020028889179229736e-02
-2.640147507190704346e-01
2.760331630706787109e-01
-9.732589870691299438e-02
2.764913439750671387e-01
3.070181310176849365e-01
-6.122903227806091309e-01
-1.750410795211791992e-01
-4.923021333524957299e-05
-1.226964965462684631e-01
1.533371806144714355e-01
-1.557529270648956299e-01
5.425355955958366394e-02
2.897600829601287842e-01
1.607377380132675171e-01
1.982162594795227051e-01
-8.250997960567474365e-02
-4.103840515017509460e-02
4.533366858959197998e-01
-1.212608292698860168e-01
-4.164138436317443848e-01
4.629518985748291016e-01
-1.989606171846389771e-01
2.491338551044464111e-01
-3.129068315029144287e-01
-1.579321771860122681e-01
2.970238029956817627e-01
8.653286695480346680e-01
4.258833453059196472e-02
-2.657358348369598389e-01
-1.765656098723411560e-02
3.102681338787078857e-01
1.524286568164825439e-01
2.571807205677032471e-01
-3.798314630985260010e-01
-3.391422927379608154e-01
-8.695530891418457031e-02
-1.659619063138961792e-01
2.074936777353286743e-01
-1.773625165224075317e-01
1.598054319620132446e-01
1.200336888432502747e-01
-1.942073181271553040e-02
2.800659239292144775e-01
1.119123548269271851e-01
5.996649712324142456e-02
-2.340824902057647705e-02
1.371334679424762726e-02
2.820370197296142578e-01
3.977020680904388428e-01
-7.770158350467681885e-02
-1.779149770736694336e-01
-1.636754125356674194e-01
-1.569847911596298218e-01
1.140745580196380615e-01
-1.567996740341186523e-01
-1.537272185087203979e-01
4.231258034706115723e-01
-2.080717533826828003e-01
-3.687939345836639404e-01
-9.007346630096435547e-02
1.247569993138313293e-01
-1.783097684383392334e-01
4.891918972134590149e-02
2.271143198013305664e-01
2.667618393898010254e-01
-2.718137502670288086e-01
-2.400440871715545654e-01
-8.362545818090438843e-02
-3.318029046058654785e-01
4.459086954593658447e-01
2.626860439777374268e-01
-1.769172400236129761e-01
2.079381234943866730e-02
3.412460908293724060e-02
8.458148688077926636e-02
8.470778167247772217e-02
1.054119616746902466e-01
2.694565057754516602e-01
-1.098209396004676819e-01
-3.302990198135375977e-01
-2.615063786506652832e-01
8.054964244365692139e-03
-1.158306226134300232e-01
-1.912084668874740601e-01
1.489862352609634399e-01
8.634891360998153687e-02
-2.370939999818801880e-01
-9.045215696096420288e-02
-4.135573208332061768e-01
-3.886782750487327576e-02
-8.623104542493820190e-02
-2.250539809465408325e-01
-9.440681338310241699e-02
-7.920194417238235474e-02
-4.920810759067535400e-01
-3.330577537417411804e-02
-9.176710993051528931e-02
4.683829471468925476e-02
-1.810525357723236084e-01
-1.414992362260818481e-01
-9.381311014294624329e-03
3.943755328655242920e-01
1.542744040489196777e-01
-2.514495849609375000e-01
-9.044174849987030029e-02
-1.308362782001495361e-01
-4.184460043907165527e-01
-6.074117496609687805e-02
-1.868389993906021118e-01
-4.484191536903381348e-02
-4.117942228913307190e-02
1.554908454418182373e-01
-3.951903581619262695e-01
6.992182880640029907e-02
1.064825132489204407e-01
-3.589067757129669189e-01
-1.875389665365219116e-01
1.654535084962844849e-01
1.510314643383026123e-01
-8.949022740125656128e-02
-3.658707141876220703e-01
1.240871325135231018e-01
2.647725939750671387e-01
2.879009544849395752e-01
-7.764057517051696777e-01
-3.696433603763580322e-01
-1.136074513196945190e-01
-2.182940393686294556e-02
-3.421861231327056885e-01
-2.090627998113632202e-01
-3.433309793472290039e-01
6.046695634722709656e-02
4.322715103626251221e-02
1.942001581192016602e-01
4.848272502422332764e-01
2.815516293048858643e-01
1.523301899433135986e-01
-1.778281629085540771e-01
5.786820501089096069e-02
-4.788809120655059814e-01
3.226324915885925293e-02
2.303909696638584137e-02
1.143946573138237000e-01
6.500932388007640839e-03
-7.746785879135131836e-02
-2.593254148960113525e-01
3.370114564895629883e-01
1.150022894144058228e-01
5.035600438714027405e-02
-1.831353008747100830e-01
-2.862064838409423828e-01
1.608981378376483917e-02
-5.394518375396728516e-02
-9.539150446653366089e-02
1.653517335653305054e-01
3.743072450160980225e-01
2.005615715461317450e-05
2.728556096553802490e-01
-3.491979837417602539e-02
2.879409790039062500e-01
5.266812443733215332e-01
-6.093624830245971680e-01
6.939752399921417236e-02
-5.051455497741699219e-01
-1.332006901502609253e-01
-1.215845942497253418e-01
-1.926415711641311646e-01
-1.035083383321762085e-01
1.889975666999816895e-01
-3.708795905113220215e-01
3.098146244883537292e-02
1.432926277630031109e-03
2.744601368904113770e-01
-4.292155206203460693e-01
2.489252984523773193e-01
-1.975927203893661499e-01
3.269584849476814270e-02
-3.927762806415557861e-01
1.234703958034515381e-01
-8.638720959424972534e-02
4.783343896269798279e-02
7.570912688970565796e-02
-2.268928289413452148e-01
-8.382199332118034363e-03
-3.219923079013824463e-01
8.615925163030624390e-02
2.375285327434539795e-01
4.632168412208557129e-01
3.091303110122680664e-01
2.456438243389129639e-01
-1.677685976028442383e-01
1.001855507493019104e-01
5.295724421739578247e-02
-3.469565510749816895e-01
-2.880977988243103027e-01
-1.761006005108356476e-02
-1.608001440763473511e-01
-2.795388735830783844e-02
-4.792734682559967041e-01
-8.740606717765331268e-03
-9.047665446996688843e-02
-7.605148851871490479e-02
1.673594266176223755e-01
1.145887747406959534e-01
1.082966402173042297e-01
-2.835619496181607246e-03
-2.894129157066345215e-01
6.826866418123245239e-02
3.800980448722839355e-01
2.497893385589122772e-02
1.611349135637283325e-01
-2.829685248434543610e-02
-4.119180142879486084e-01
-5.956672877073287964e-02
1.696794331073760986e-01
4.837216343730688095e-03
-1.079724207520484924e-01
3.961148858070373535e-01
4.166881740093231201e-01
7.941564321517944336e-01
-3.690250217914581299e-03
-3.243573904037475586e-01
-3.789537549018859863e-01
3.206324279308319092e-01
-2.528751790523529053e-01
-2.263435125350952148e-01
8.815325796604156494e-02
5.021575465798377991e-02
4.220316112041473389e-01
7.814730703830718994e-02
-4.188650101423263550e-02
3.866111934185028076e-01
4.344750344753265381e-01
1.390381008386611938e-01
5.042230710387229919e-02
2.720030546188354492e-01
7.516809552907943726e-02
1.217934191226959229e-01
-7.559254765510559082e-02
3.238890469074249268e-01
3.498729467391967773e-01
-1.412356644868850708e-01
-2.054816037416458130e-01
-1.366273593157529831e-02
5.089133977890014648e-01
-3.252905979752540588e-02
-4.924187660217285156e-01
7.439398765563964844e-02
2.997996807098388672e-01
-4.366131499409675598e-02
4.244322478771209717e-01
1.158535927534103394e-01
