-5.173790934365225802e-02
4.456599984960294553e-02
-4.714042844444774755e-02
-6.197044802930632432e-04
-6.191489420634462004e-02
-4.674427874415203188e-02
5.502847820521605815e-02
-5.425773520865870975e-02
2.526183382772606220e-02
1.790203202560864543e-02
1.104728874822840518e-01
-4.562174820514963008e-02
-2.453089934800885621e-02
-8.692117285335592899e-03
-8.671626242140630103e-02
-2.503771378948951853e-02
-1.799337280745282736e-02
8.262133076544957155e-02
6.508141219237355973e-03
7.420145737964466137e-02
8.170079892242831932e-02
-2.628591150763882889e-02
-6.754393864358490540e-02
1.006842050549113486e-03
-4.430260551103162164e-02
3.116847798364659125e-02
-3.877156676123750395e-02
-6.705088923761769182e-02
7.724191733802916737e-02
-3.100100366935994167e-02
3.638072090041598317e-02
5.843562573828769285e-02
3.531796458010572071e-02
4.681667958810498131e-02
1.486379341796447611e-03
-5.139763561764536942e-02
-6.041088870670486416e-02
1.066094917454449460e-02
4.887718507774766602e-02
3.484690509572006822e-02
-4.452165817289625849e-02
-1.685073490535260454e-02
-4.880777448081512204e-02
-1.267291093944154269e-02
1.452735393278597326e-02
-2.936203767149444741e-02
-1.310618100643062833e-02
6.813374780073978842e-02
-2.387096787416828278e-02
-1.393703445379370492e-02
-6.162074401657027106e-02
-6.750692238937340550e-02
-3.302509709853840292e-02
-5.757182666407822946e-02
7.106584885339856106e-02
-8.145137955109618688e-02
1.143116051473948118e-02
1.323101187219854688e-02
-2.314554964922843974e-02
-1.617557740772833721e-02
1.169917352195345289e-01
3.089660445146946016e-02
-8.419025466444327033e-02
-3.845785366544268030e-03
6.956599761246180617e-03
2.921972444258155027e-02
-5.032868033775855787e-02
-5.004890449753092441e-02
4.962219351689995533e-02
-8.264103191919188948e-03
1.230956895962278391e-01
-7.748168241011989602e-04
-6.140080383846670264e-02
1.756619758755841379e-02
1.648178075073219312e-02
9.966274000092693170e-05
4.610939400263134452e-02
6.373229534404759034e-02
-3.952484019536485309e-03
-5.837812834010082386e-02
1.010890280929901269e-01
7.388280491462777266e-02
-4.268828174289249905e-02
3.622764141682003475e-02
4.529359248932816884e-02
9.162025388077429944e-02
-1.296833266690436241e-02
7.188211119244117264e-02
6.714684339714231676e-02
-2.323374145518640813e-02
3.302901241056169918e-02
3.157969839238418397e-02
-1.784238240054236355e-02
-6.940972989745368416e-02
7.699974829166432444e-02
5.744714428660412792e-02
2.841023965543277956e-03
-8.127061297436952159e-02
8.294460514195690914e-02
4.415457462942559697e-02
-1.910944154553099669e-02
-4.312663966739746502e-02
-6.609983366302513152e-02
1.359893070499100243e-01
-7.445109521651252504e-02
-4.107794838430457729e-02
1.525038269092868562e-02
-1.647642151805863570e-02
-1.069719909261891266e-03
8.391848353798601889e-02
-3.172533980719308144e-02
-5.898370115106875422e-02
-8.992142491259277892e-02
3.050215809964769778e-02
-1.015415009392181241e-03
2.525182025508410089e-02
5.757762282782325630e-02
-1.616059886443434526e-02
1.881822527963112127e-02
2.688418108401753950e-02
-5.308226517938496002e-03
-3.800550029255454071e-02
-1.385992465348841358e-02
-1.540695591633444057e-02
9.317191900244475855e-02
-2.652367028100097515e-02
6.283875764878586734e-02
1.012422372904979266e-02
-3.177022764773911739e-02
3.391581522297950485e-02
6.903418081447321164e-02
4.132580094812259019e-02
9.212005523720539699e-03
-1.787018555348893548e-02
-5.075518309342577639e-02
-6.193455269103698146e-03
2.033780327574015445e-02
-7.835144917765518580e-02
-1.263633605388271575e-01
-8.521727480204049909e-02
-4.614345414506239307e-02
3.215872422723603345e-03
1.655103773908492629e-02
1.243726428405185665e-02
7.095897141708705502e-02
-3.891876132946453515e-02
-5.405102755632522869e-03
-3.438658626458750579e-03
1.655344939378802782e-02
-7.787893553204728279e-03
-2.989788925484620011e-02
-6.729116036464080630e-02
2.262224447332360222e-02
4.661328476080952438e-02
-2.567299449979373177e-02
-4.549750275874701183e-02
-5.739707471663232918e-02
1.082899781424345211e-02
1.010423447388222595e-01
-2.355120772061472523e-02
4.154102960973082154e-03
4.893950919886473627e-02
4.530686427062421279e-02
3.847734488745924858e-02
8.843980530331810308e-02
-8.282999607379468859e-03
-9.610138481457869419e-02
-3.970032178356487640e-02
5.408047432107582903e-02
6.074510684114303727e-02
-4.922820799081763926e-02
-3.068175042411977471e-02
9.411050156035630221e-02
2.753505135841100709e-02
4.294180075654369794e-02
6.353949780199738377e-03
3.101340841556102929e-02
5.876655494235581874e-03
-3.611262272577831639e-02
1.004941737473693114e-01
-6.594404042785242948e-02
-5.262938868394444886e-02
2.414995860387685392e-02
2.072174280070254726e-02
-3.642743156277582911e-02
7.109726010120880069e-02
-1.699176464924304769e-02
-1.981718966350607888e-02
-3.971899375982242825e-02
1.200058495997187056e-03
-4.933513662998908339e-02
4.618970739520678742e-02
-2.777692172142620999e-02
-4.717656400946829837e-02
-4.475702065241328464e-02
5.764724762338654593e-03
7.023376141711096254e-02
-1.010504740462184713e-02
-1.839536134054352290e-02
-1.191073076782790154e-02
-1.164237248266174474e-01
2.572184714846099604e-02
-2.586969882005723739e-02
-2.172643507784262351e-02
1.947283506956209304e-02
9.230104027946779699e-02
4.407297433830369843e-02
2.347188937028408737e-02
-2.122997726816550426e-02
8.353048874651650135e-02
5.436735029121492375e-03
-5.061223494904964343e-02
1.910470357422469276e-02
2.142028293769870570e-02
3.453817574495925136e-02
2.139463371839354228e-02
-3.448635290372505796e-03
8.473815940102454036e-02
-1.360695521720055486e-02
3.373516811959269279e-02
-3.090769157740812928e-02
-1.172341636937230674e-01
-1.171083394924723325e-02
-1.001536132853467556e-02
-4.609846389879648787e-02
-3.937150043056421300e-02
-6.482356483029556860e-02
9.270119916369669658e-03
-6.017348493983828983e-02
-2.635882608695316529e-02
-4.778898093604799779e-02
6.239117638244399272e-02
5.160101679084484749e-02
6.116652003253238157e-02
7.206547204740472445e-02
-7.629473269964795468e-02
8.400778132571866397e-02
-3.198187808281864955e-03
2.053490697831117807e-03
3.607241482663065685e-02
-6.562125759880051146e-02
4.667440390795603994e-02
-3.294481442767892981e-02
3.395376678276587623e-02
-6.984154068293452200e-02
5.671569777828754100e-02
3.325286448716456567e-02
-1.428893634929261948e-02
-1.003504916953340542e-01
6.572503640870474249e-03
1.614967217412348333e-02
-2.429735115649564806e-02
-1.592543436930908204e-02
-5.146441097405308335e-02
2.030867567548317459e-02
1.667341982807628818e-03
-1.208452078421175524e-01
-5.055804184209079788e-02
-3.579913833609121160e-02
5.530722998824491934e-03
2.510745891177366615e-02
1.783184485196703112e-02
-7.910910984349825772e-03
2.186118735110461134e-02
1.544665008012071662e-02
1.109955184871996986e-01
-3.264167984274737866e-02
7.471003831979319831e-02
-5.038904168257798272e-02
-7.754849275514856533e-02
3.314734221987943041e-02
-6.501147932626964721e-02
1.123386480144368711e-02
-8.313517535959978610e-02
5.032843115050685684e-02
-7.487868688633443626e-02
4.943921497662395054e-02
-1.133529732562933573e-01
1.106535653073868197e-01
-8.404097784657874395e-03
-2.446522485308981476e-02
-1.037668693972906009e-01
-7.074404229220945806e-02
4.238217739208452461e-02
5.468547707353644399e-02
-2.848271389015164662e-02
-2.235031803152453742e-02
-1.837904810936713540e-02
-3.367513447307687174e-02
-8.899719494301246148e-04
-1.567624370408467888e-02
1.248823553638717526e-01
4.290511220063580877e-02
-4.162009109238076765e-02
4.890277626714489845e-02
-5.856376942909363031e-02
-6.165649726690328875e-02
-1.916926184679707337e-02
-3.196898349592415534e-02
-1.225290173047171444e-01
-6.541441169874520623e-02
1.356901901827216490e-02
7.270942652218251312e-02
1.068123446758060700e-03
-8.447221174650428044e-02
-1.143904046420780724e-01
2.963670005277622629e-02
-3.181396171717453675e-02
8.180646797124527247e-02
-3.665233841829342726e-02
-4.302454116468022033e-02
-3.018416444476201485e-02
7.272811897958403327e-02
7.665574017040591159e-02
-3.275885246743050899e-02
5.839585135668751148e-02
-1.157825557874203048e-01
-5.099478175622171316e-02
1.759456567872630731e-02
8.970265898674378846e-02
8.632103095906547285e-02
-2.185352398973382584e-02
-2.072676409450051327e-02
2.342457280741497630e-02
2.793831142919017338e-02
-6.045548981123523985e-02
-3.357238398727641071e-02
-5.829554836759210518e-02
-1.434279834442386131e-02
4.783299832797507922e-02
-9.025917945789069252e-02
1.702410778910416062e-02
3.276741358561221368e-02
-2.900419453748067852e-02
4.896591622049698694e-02
1.103973854517808183e-02
6.415065087131760317e-03
6.022683490637014553e-03
-1.472913757675537068e-02
-3.031679009257456231e-02
-1.941788245351416115e-02
-1.770260200643441681e-02
3.555010469297062436e-02
-8.312270575644277112e-03
-4.105870976306370823e-02
-4.340015851814061493e-02
-1.731546400948786799e-02
2.328060572612606488e-02
-1.425902022499258605e-02
5.368210924370677567e-02
-2.851167934801882020e-02
7.054975816045905290e-02
4.498687541096293117e-04
-3.736146389320085109e-02
-6.772816653364341355e-02
6.271724984862796226e-02
2.156225822773600795e-02
-2.344029720570206879e-02
3.519492069414965896e-02
8.749383587947942575e-02
7.959315266640230868e-02
5.590161668107829912e-02
-3.662968285953266401e-02
4.802900628934342331e-02
3.118162346455478559e-02
-8.113619693322112261e-03
2.847462383828137239e-02
-3.438541713261891036e-02
2.475983245507961186e-02
-4.429332072576278034e-02
-4.279324077871830834e-02
1.577411626409500750e-02
4.141849177870714910e-02
-1.936933190172053162e-02
-4.501557461395842841e-02
-3.039301066987892472e-02
5.685355635838579280e-02
1.555817673611462927e-02
-8.612973024728748025e-03
4.106769757174490165e-02
-2.844848477828279890e-02
-2.033674849682542279e-02
2.654995953605536821e-02
1.845998617683382650e-02
