-4.580731391906738281e-01
1.851866543292999268e-01
-2.895304858684539795e-01
-8.342634886503219604e-02
-1.130337864160537720e-01
1.153057143092155457e-01
3.599868714809417725e-01
5.908016860485076904e-02
-2.602929994463920593e-02
2.380349636077880859e-01
9.700659662485122681e-02
-1.953207254409790039e-01
-3.507374599575996399e-02
8.434607088565826416e-02
-3.438724875450134277e-01
4.263959079980850220e-02
-5.857795476913452148e-02
2.620197236537933350e-01
6.544698774814605713e-02
1.880848594009876251e-02
6.549901962280273438e-01
-4.277868568897247314e-01
-2.681142985820770264e-01
-1.940285265445709229e-01
-1.124587431550025940e-01
1.172499582171440125e-01
-1.190975680947303772e-01
-3.528500199317932129e-01
2.199120223522186279e-01
2.085363492369651794e-02
-9.184944629669189453e-02
-3.161949664354324341e-02
1.063856482505798340e-01
3.680751025676727295e-01
8.285424858331680298e-02
-2.760558724403381348e-01
8.222063630819320679e-02
-2.172166109085083008e-01
3.203430473804473877e-01
-3.694990649819374084e-03
-2.598147839307785034e-03
-2.603793442249298096e-01
-3.015406727790832520e-01
-2.441547214984893799e-01
2.265475839376449585e-01
1.210100017488002777e-02
9.646806865930557251e-03
-9.930505603551864624e-02
-3.987885266542434692e-02
-2.561101019382476807e-01
-5.906798243522644043e-01
1.376425027847290039e-01
-4.349198937416076660e-02
-4.648112878203392029e-02
8.664693683385848999e-02
-5.174680948257446289e-01
2.123991101980209351e-01
-4.968890920281410217e-02
1.009776964783668518e-01
2.056709378957748413e-01
1.019447743892669678e-01
2.384268790483474731e-01
-3.604380786418914795e-01
1.035059243440628052e-02
1.267043501138687134e-01
-2.676038444042205811e-01
-2.072592079639434814e-01
-4.512161016464233398e-01
2.553087174892425537e-01
3.536390364170074463e-01
3.529026508331298828e-01
-1.844693124294281006e-01
-5.734729766845703125e-01
1.190847530961036682e-01
6.184391677379608154e-03
-6.285035982728004456e-03
-2.313610613346099854e-01
2.955100238323211670e-01
3.637286275625228882e-02
-6.057691574096679688e-01
2.532561421394348145e-01
3.530387878417968750e-01
6.231656670570373535e-02
3.655936121940612793e-01
1.681880205869674683e-01
3.099038898944854736e-01
1.231748536229133606e-01
1.838932037353515625e-01
1.857920289039611816e-01
2.157887369394302368e-01
2.374997735023498535e-01
-1.863417029380798340e-02
6.970562338829040527e-01
6.536185741424560547e-02
5.981231927871704102e-01
5.013756453990936279e-04
1.040616631507873535e-01
-4.059640467166900635e-01
2.257064357399940491e-02
-1.907829754054546356e-02
4.835527390241622925e-02
-2.501483559608459473e-01
-7.212573289871215820e-02
3.284242749214172363e-01
-3.320685029029846191e-01
6.362713128328323364e-02
1.358446329832077026e-01
-1.971043497323989868e-01
-2.788827121257781982e-01
2.594279348850250244e-01
9.228918701410293579e-02
-1.185152158141136169e-01
-5.250779390335083008e-01
-2.050785869359970093e-01
-9.240955859422683716e-02
1.618470624089241028e-02
7.267666980624198914e-03
-3.361666202545166016e-01
2.793722450733184814e-01
1.457581371068954468e-01
-3.642382323741912842e-01
-1.643059551715850830e-01
-1.844017207622528076e-01
-1.245891302824020386e-01
2.294581234455108643e-01
-2.607247792184352875e-02
3.070728480815887451e-01
1.694743335247039795e-01
-1.497589498758316040e-01
-3.042103648185729980e-01
-9.740455448627471924e-02
1.019499301910400391e-01
-1.824456602334976196e-01
8.493001013994216919e-02
-3.156935274600982666e-01
-1.035983562469482422e-01
3.646927475929260254e-01
-1.906618177890777588e-01
-2.070383727550506592e-01
-1.444607675075531006e-01
-8.636181801557540894e-02
-9.128649532794952393e-02
2.358293086290359497e-01
1.028822660446166992e-01
1.563238501548767090e-01
6.387459486722946167e-02
6.347493827342987061e-02
5.260800570249557495e-02
9.072360396385192871e-02
-2.171819508075714111e-01
3.544156551361083984e-01
-2.327830344438552856e-01
2.282667756080627441e-01
4.614374637603759766e-01
4.288071766495704651e-02
-1.717113703489303589e-01
-2.820442616939544678e-01
3.451073467731475830e-01
9.219412207603454590e-01
-2.801700681447982788e-02
-6.959148496389389038e-02
2.457515597343444824e-01
2.420687973499298096e-01
2.504862844944000244e-01
2.262091785669326782e-01
-7.707533240318298340e-02
-6.933098435401916504e-01
-1.895824223756790161e-01
-3.096914589405059814e-01
3.662841320037841797e-01
-1.022323146462440491e-01
6.498453021049499512e-02
2.235427126288414001e-02
1.811560243368148804e-01
-4.819457232952117920e-02
-8.705828338861465454e-02
1.714220345020294189e-01
8.938118070363998413e-02
-2.498198747634887695e-01
5.062962174415588379e-01
-2.002816051244735718e-01
-2.197532951831817627e-01
-1.806432306766510010e-01
1.384516805410385132e-01
4.887408390641212463e-02
2.517628669738769531e-01
-4.443428665399551392e-02
-4.596044495701789856e-02
1.067132316529750824e-02
1.315968483686447144e-01
-2.423868775367736816e-01
1.644856482744216919e-01
3.475402891635894775e-01
3.163146600127220154e-02
-9.728512167930603027e-02
3.085225224494934082e-01
4.061026871204376221e-01
-2.138525396585464478e-01
1.226021535694599152e-02
-2.907973527908325195e-01
-1.297662407159805298e-01
1.279768496751785278e-01
-3.120171427726745605e-01
-2.031561285257339478e-01
1.304296404123306274e-01
1.879988312721252441e-01
-4.478001594543457031e-01
1.816510409116744995e-02
9.184753149747848511e-02
8.649396896362304688e-02
3.408984243869781494e-01
-3.057828247547149658e-01
-1.269655823707580566e-01
1.077389344573020935e-01
1.979896575212478638e-01
1.163566112518310547e-01
-2.197796478867530823e-03
5.146691799163818359e-01
-2.851002812385559082e-01
1.790261864662170410e-01
-1.011968627572059631e-01
1.669852584600448608e-01
9.588149189949035645e-02
-9.752097725868225098e-02
-2.624986469745635986e-01
-1.260996311902999878e-01
-2.401472330093383789e-01
7.378698140382766724e-02
-1.438504457473754883e-01
2.600127831101417542e-02
-4.471785128116607666e-01
-2.401085942983627319e-01
7.929281890392303467e-02
4.220505356788635254e-01
2.308548800647258759e-02
-4.093486368656158447e-01
4.868250191211700439e-01
1.417728215456008911e-01
-2.258475720882415771e-01
2.068724185228347778e-01
-3.919775485992431641e-01
-5.768439546227455139e-02
-1.812132596969604492e-01
5.040521621704101562e-01
-4.294519424438476562e-01
-5.568969622254371643e-02
7.949587702751159668e-02
3.369496464729309082e-01
-3.493454456329345703e-01
-3.654111176729202271e-02
-6.940428912639617920e-02
-2.045658975839614868e-01
-1.228607818484306335e-01
-3.099611699581146240e-01
-6.644020229578018188e-02
2.648963034152984619e-01
-7.392517924308776855e-01
-1.785750091075897217e-01
-3.971389308571815491e-02
-2.759999334812164307e-01
2.953275740146636963e-01
-1.711964011192321777e-01
-5.429263785481452942e-02
3.095391988754272461e-01
4.562863707542419434e-01
5.858964920043945312e-01
1.521897315979003906e-01
1.194925308227539062e-01
-2.240495756268501282e-02
1.213268712162971497e-01
3.095666766166687012e-01
-4.426378905773162842e-01
-4.007064998149871826e-01
-1.408367455005645752e-01
2.289610356092453003e-01
-1.941307187080383301e-01
1.001385599374771118e-01
-3.546211123466491699e-01
2.652368247509002686e-01
7.466741651296615601e-02
2.243110537528991699e-01
-2.078058421611785889e-01
-1.175282746553421021e-01
3.593028783798217773e-01
1.725768893957138062e-01
1.588230952620506287e-03
9.118444472551345825e-02
-1.273224204778671265e-01
-1.854074299335479736e-01
2.304299548268318176e-02
-2.247931510210037231e-01
-3.670437633991241455e-02
5.200645327568054199e-01
-2.979623079299926758e-01
2.873896956443786621e-01
-4.734168350696563721e-01
-1.193866804242134094e-01
-2.396274507045745850e-01
-3.844387829303741455e-01
-2.065815031528472900e-01
-1.071601063013076782e-01
-1.086276769638061523e-01
9.537361562252044678e-02
-7.676926255226135254e-02
-1.507824510335922241e-01
-4.289093315601348877e-01
2.454865872859954834e-01
7.252916693687438965e-02
3.716877996921539307e-01
-1.143469512462615967e-01
-6.974098831415176392e-02
-2.761724293231964111e-01
7.517665624618530273e-02
1.850111484527587891e-01
-2.008179873228073120e-01
2.236150503158569336e-01
-5.310907959938049316e-01
-8.483061939477920532e-02
2.555756866931915283e-01
2.637040317058563232e-01
2.237609624862670898e-01
-1.307173967361450195e-01
-1.718581020832061768e-01
1.773173511028289795e-01
3.496349975466728210e-02
-1.844248026609420776e-01
-4.449083507061004639e-01
1.884525269269943237e-01
-1.735197603702545166e-01
5.950874090194702148e-02
6.752716004848480225e-02
-3.285270184278488159e-03
-2.972013950347900391e-01
2.670029923319816589e-02
-7.120741158723831177e-02
9.413063526153564453e-02
-2.445126622915267944e-01
1.989879012107849121e-01
5.275355279445648193e-02
2.989664971828460693e-01
3.012523651123046875e-01
1.756352931261062622e-02
2.762994170188903809e-01
-1.224486678838729858e-01
-1.583369672298431396e-01
-2.727496922016143799e-01
2.741232812404632568e-01
7.059480249881744385e-02
3.052666783332824707e-03
-4.929951578378677368e-02
-1.671578735113143921e-02
4.508741497993469238e-01
2.824489958584308624e-02
-3.166211545467376709e-01
-1.881906688213348389e-01
2.701765894889831543e-01
2.323585450649261475e-01
-2.361981868743896484e-01
-5.205380916595458984e-02
-1.274314224720001221e-01
2.784973382949829102e-01
2.069291472434997559e-02
-1.371425837278366089e-01
1.482404321432113647e-01
1.664408296346664429e-01
1.245358809828758240e-01
-7.153090834617614746e-02
9.589953348040580750e-03
3.182647824287414551e-01
-1.585097312927246094e-01
-7.187199592590332031e-02
-1.824893951416015625e-01
1.632080823183059692e-01
7.982527464628219604e-02
6.515421718358993530e-02
1.395066827535629272e-01
3.482112884521484375e-01
-2.274341285228729248e-01
-1.944436877965927124e-01
1.590259820222854614e-01
-3.077690303325653076e-01
-9.156825393438339233e-02
2.051851749420166016e-01
1.032221168279647827e-01
