-9.019965836023205452e-02
-3.356932001672464083e-01
-1.172814925742489689e-01
1.342721839103514780e-01
3.870050537984393579e-01
1.427685890368659838e-01
3.265432758857179322e-03
1.324396585049186607e-02
-3.052477520492106189e-01
-1.963255803566621785e-02
-2.277391691475663948e-01
3.181186127688471754e-01
-3.845840675167828127e-01
-3.726567379170813710e-01
-8.262709025775195892e-02
1.030586725057424241e-01
3.108155343292791639e-01
-9.899603543681463613e-02
-1.295778256409440277e-01
5.476197312543083784e-02
