-2.124073207378387451e-01
2.506835758686065674e-01
-1.503569483757019043e-01
-1.186283528804779053e-01
-1.277486383914947510e-01
-9.425506927073001862e-03
2.712203860282897949e-01
-7.205700036138296127e-03
1.752250343561172485e-01
1.760979890823364258e-01
2.916751503944396973e-01
-2.315847873687744141e-01
-1.424837708473205566e-01
1.409087926149368286e-01
-1.236863061785697937e-01
-5.077696591615676880e-02
-1.145761907100677490e-01
3.183105885982513428e-01
-5.444781854748725891e-02
2.143887877464294434e-01
3.535003066062927246e-01
6.348092108964920044e-03
-3.638432547450065613e-02
2.071589045226573944e-02
-3.629728406667709351e-02
-5.374437570571899414e-02
-1.858508884906768799e-01
-4.500430822372436523e-01
1.265823096036911011e-01
1.136519759893417358e-02
-3.359030932188034058e-02
-4.524759203195571899e-02
3.193860501050949097e-02
5.037669837474822998e-02
2.658293545246124268e-01
-1.117921918630599976e-01
-1.516877412796020508e-01
-8.743841201066970825e-03
2.015443742275238037e-01
1.492432355880737305e-01
-2.471200004220008850e-02
-1.435132026672363281e-01
-2.085929661989212036e-01
-2.023598700761795044e-01
-1.787048205733299255e-02
-1.479128897190093994e-01
1.165152639150619507e-01
1.056547611951828003e-01
-1.443975791335105896e-02
7.414139062166213989e-02
-4.090910851955413818e-01
-2.063462883234024048e-02
-1.111092865467071533e-01
-3.508436381816864014e-01
4.805419966578483582e-02
-4.473845362663269043e-01
2.408984489738941193e-02
2.535109519958496094e-01
-2.172819077968597412e-01
2.730419486761093140e-02
2.770269215106964111e-01
1.127553079277276993e-02
-3.314175009727478027e-01
2.823364548385143280e-02
3.464681506156921387e-01
-8.315736427903175354e-03
-9.368962794542312622e-02
-1.629323363304138184e-01
1.716603636741638184e-01
-5.062355101108551025e-02
4.641385078430175781e-01
-3.048233091831207275e-01
-1.934565305709838867e-01
5.425994098186492920e-02
-2.005214616656303406e-02
-1.081615835428237915e-01
7.608998566865921021e-03
2.135270386934280396e-01
-9.246674925088882446e-02
-2.151615023612976074e-01
2.022839486598968506e-01
4.502545893192291260e-01
-6.862534582614898682e-02
1.399632096290588379e-01
-8.086648769676685333e-03
3.154530227184295654e-01
1.285532712936401367e-01
2.151109874248504639e-01
3.714828789234161377e-01
-2.135467529296875000e-01
1.923131793737411499e-01
-6.119075417518615723e-02
7.108524441719055176e-02
-2.342441976070404053e-01
5.750049352645874023e-01
-6.918272376060485840e-02
-4.505393654108047485e-02
6.381294876337051392e-02
-2.312126308679580688e-01
1.539410352706909180e-01
-7.310381531715393066e-02
-1.095830202102661133e-01
-2.380858808755874634e-01
3.246262967586517334e-01
-2.768801152706146240e-01
7.827877253293991089e-02
4.814587533473968506e-02
-2.294968664646148682e-01
-1.897556185722351074e-01
1.988355070352554321e-01
-6.438080966472625732e-02
-5.732721090316772461e-02
-2.409125417470932007e-01
-8.299133926630020142e-02
1.634138077497482300e-02
-4.056663066148757935e-02
1.448969841003417969e-01
-1.008672192692756653e-01
8.091253042221069336e-02
1.630946621298789978e-02
-2.037712931632995605e-02
-3.876198828220367432e-01
-8.933617174625396729e-02
1.583305150270462036e-01
2.728560268878936768e-01
-3.845094144344329834e-02
1.946230381727218628e-01
7.713701575994491577e-02
-5.043159425258636475e-02
-2.605599537491798401e-02
1.736489236354827881e-01
2.255826070904731750e-02
6.675574928522109985e-02
4.859825596213340759e-02
-1.667955517768859863e-01
-1.538756042718887329e-01
1.291996836662292480e-01
-4.189155697822570801e-01
-4.351176917552947998e-01
-3.371946811676025391e-01
-2.127122879028320312e-01
4.433143138885498047e-02
8.066951297223567963e-03
2.621404454112052917e-02
2.745615839958190918e-01
-3.685777634382247925e-02
4.488841071724891663e-02
-1.529349982738494873e-01
6.075534224510192871e-02
1.486157178878784180e-01
1.629613041877746582e-01
-1.456926465034484863e-01
7.605588436126708984e-02
1.424258947372436523e-01
1.085698790848255157e-02
-3.479012846946716309e-02
-1.360219251364469528e-02
1.309221088886260986e-01
3.370408117771148682e-01
-6.387437134981155396e-02
2.383685857057571411e-02
3.346435129642486572e-01
1.454059779644012451e-01
4.990826547145843506e-01
1.599855571985244751e-01
5.345202237367630005e-02
-4.846952855587005615e-01
-1.720101982355117798e-01
7.597297430038452148e-02
2.546120882034301758e-01
4.123416263610124588e-03
6.976710259914398193e-02
2.102324068546295166e-01
-1.490602046251296997e-01
2.718483842909336090e-02
-1.334366202354431152e-01
1.179872080683708191e-02
-7.710660807788372040e-03
2.313396334648132324e-02
2.976021468639373779e-01
-3.239752650260925293e-01
-4.675569012761116028e-02
1.174491643905639648e-01
-1.828689873218536377e-01
-9.356591105461120605e-02
1.777657121419906616e-01
-1.338220983743667603e-01
-8.388374000787734985e-03
8.351542800664901733e-02
-7.718494534492492676e-02
2.554703038185834885e-03
-1.634444668889045715e-02
1.243481189012527466e-01
-4.964669048786163330e-02
-2.328805774450302124e-01
1.629472374916076660e-01
4.296921193599700928e-01
-2.919030785560607910e-01
6.316564977169036865e-02
7.983347028493881226e-02
-1.797861754894256592e-01
1.937738060951232910e-01
5.325694009661674500e-02
-1.429679803550243378e-02
1.672078818082809448e-01
1.418428719043731689e-01
1.539928317070007324e-01
-8.798091858625411987e-02
9.069848060607910156e-02
2.276049703359603882e-01
1.460587978363037109e-02
-7.355716824531555176e-02
-1.138126179575920105e-01
-1.199210584163665771e-01
5.064490810036659241e-02
6.727214902639389038e-02
1.008806824684143066e-01
2.055739164352416992e-01
-1.636723801493644714e-02
9.773264080286026001e-02
-1.485998332500457764e-01
-1.957179009914398193e-01
-3.361269831657409668e-02
-1.558461785316467285e-01
1.944349855184555054e-01
-1.754286438226699829e-01
-2.400685846805572510e-01
1.334089040756225586e-02
-3.874620497226715088e-01
-9.497747570276260376e-02
-1.905410438776016235e-01
3.711405768990516663e-02
1.430598497390747070e-01
1.748733073472976685e-01
9.569969773292541504e-02
-4.253093898296356201e-01
4.447996020317077637e-01
4.238765686750411987e-02
7.294972240924835205e-02
1.231595575809478760e-01
-6.878824532032012939e-02
2.327182143926620483e-01
-1.300582587718963623e-01
2.888743393123149872e-02
-3.153342902660369873e-01
-8.789312839508056641e-02
1.183211579918861389e-01
7.576519250869750977e-02
-3.521187901496887207e-01
6.796695291996002197e-02
9.645105153322219849e-02
1.402803882956504822e-02
-2.058600634336471558e-01
-1.512557417154312134e-01
1.285133976489305496e-02
6.395731121301651001e-02
-4.603512287139892578e-01
-3.516216278076171875e-01
-1.352018117904663086e-01
1.273087710142135620e-01
2.630387842655181885e-01
1.167796924710273743e-01
-1.053383797407150269e-01
9.681877493858337402e-02
3.945958614349365234e-01
2.903941869735717773e-01
-6.182109937071800232e-02
2.012268900871276855e-01
-6.602849345654249191e-03
-2.371205985546112061e-01
1.440134271979331970e-02
-3.307340741157531738e-01
-1.463633030652999878e-01
-3.142582476139068604e-01
2.759345173835754395e-01
-2.068714797496795654e-01
2.498952001333236694e-01
-5.830037593841552734e-01
2.330305874347686768e-01
3.719336539506912231e-02
-7.944438606500625610e-03
-1.695915460586547852e-01
-1.981084048748016357e-01
1.959353089332580566e-01
1.278273016214370728e-01
-1.897468268871307373e-01
-1.727827042341232300e-01
-1.711056530475616455e-01
6.598374992609024048e-02
1.142031103372573853e-01
-3.040129542350769043e-01
3.557084202766418457e-01
2.470373213291168213e-01
-1.939667910337448120e-01
2.960624694824218750e-01
-3.546869456768035889e-01
-2.558043301105499268e-01
-9.018428623676300049e-02
-2.269849926233291626e-01
-4.327223002910614014e-01
-1.930775940418243408e-01
-2.363143861293792725e-02
2.911608815193176270e-01
-1.094968318939208984e-01
-2.644521296024322510e-01
-5.403868556022644043e-01
8.154504001140594482e-02
8.713164925575256348e-02
3.356097340583801270e-01
-2.283441647887229919e-02
6.630340218544006348e-02
-1.308194994926452637e-01
7.259911298751831055e-02
4.859502315521240234e-01
3.591972962021827698e-02
1.254995316267013550e-01
-1.978203505277633667e-01
2.296479344367980957e-01
3.182484507560729980e-01
1.498261690139770508e-01
4.479078054428100586e-01
-2.862253487110137939e-01
-2.961327731609344482e-01
2.246518135070800781e-01
1.436223983764648438e-01
-2.347502112388610840e-01
-3.364056348800659180e-01
-1.859904974699020386e-01
8.972634561359882355e-03
2.438946813344955444e-01
-2.678568363189697266e-01
2.163390517234802246e-01
-3.376367315649986267e-02
-7.992419600486755371e-02
9.916465729475021362e-02
2.390454858541488647e-01
-4.473170638084411621e-02
6.685817148536443710e-03
-1.854674816131591797e-01
-1.268300265073776245e-01
1.173609644174575806e-01
7.353571057319641113e-02
1.950986385345458984e-01
-1.884578615427017212e-01
-2.846985161304473877e-01
-2.649368643760681152e-01
6.857413798570632935e-02
2.698426246643066406e-01
-3.053225763142108917e-02
7.627698779106140137e-02
2.224937453866004944e-02
3.912615776062011719e-01
-4.307978972792625427e-02
-2.400241792201995850e-01
-1.384077519178390503e-01
5.975545197725296021e-02
1.003592759370803833e-01
-2.172749489545822144e-01
8.294176310300827026e-02
4.030691832304000854e-02
1.861569434404373169e-01
1.998942941427230835e-01
-1.366063058376312256e-01
8.719372749328613281e-02
3.824953138828277588e-01
-1.748754084110260010e-01
6.775405257940292358e-03
5.075157433748245239e-02
1.037917435169219971e-01
-1.001110523939132690e-01
-2.605188190937042236e-01
2.533703148365020752e-01
1.859307885169982910e-01
-9.001819789409637451e-02
-2.029912769794464111e-01
-1.876809597015380859e-01
3.174563944339752197e-01
1.196312382817268372e-01
-1.044326126575469971e-01
1.674236655235290527e-01
1.003700569272041321e-01
-3.562603145837783813e-02
2.005943059921264648e-01
1.392390280961990356e-01
