8.623126333102304475e-02
-2.196685291696630904e-01
-1.956864501283556435e-01
1.624741440162427719e-01
2.669947675639317008e-01
7.071019969024197604e-02
3.429455496136983583e-02
-1.629382006530105675e-01
-3.072688908915442441e-01
-3.357102027304162406e-01
-4.231782042814667411e-01
1.596097376545476398e-01
-2.757044736688994968e-01
-3.585240981461905729e-01
-8.805049108047012518e-02
7.833876255548097300e-02
3.169181745903853487e-01
1.049759441682468208e-01
-1.249226913106962072e-01
-1.357648494472399325e-01
