-4.141139388084411621e-01
4.710342884063720703e-01
-2.940437793731689453e-01
-1.501276344060897827e-02
-2.560687661170959473e-01
-1.062369495630264282e-01
6.359093636274337769e-02
2.697260677814483643e-01
-1.717845350503921509e-02
1.853651925921440125e-02
1.689892560243606567e-01
-1.585571765899658203e-01
-2.067162692546844482e-01
-3.859175369143486023e-02
-1.025346294045448303e-01
-2.165893316268920898e-01
3.725022077560424805e-02
3.396086692810058594e-01
7.486325502395629883e-02
3.744119405746459961e-02
3.694572150707244873e-01
-1.399672627449035645e-01
8.181849867105484009e-02
9.142642468214035034e-02
-2.637602686882019043e-01
2.008344829082489014e-01
-7.777421921491622925e-02
-1.650366038084030151e-01
1.602184772491455078e-01
8.167249709367752075e-02
1.109606325626373291e-01
-7.199858129024505615e-02
4.058913290500640869e-01
2.096814364194869995e-01
4.851970821619033813e-02
-1.319645158946514130e-02
-5.495570227503776550e-02
-5.832102149724960327e-02
1.665067076683044434e-01
1.794655323028564453e-01
1.734634488821029663e-02
-2.222694605588912964e-01
-2.808457314968109131e-01
1.307774800807237625e-02
2.915247082710266113e-01
-1.192347332835197449e-01
-1.419608201831579208e-02
1.446860432624816895e-01
7.672359049320220947e-02
9.047703817486763000e-03
-3.745476901531219482e-01
-1.754136085510253906e-01
-9.676513820886611938e-02
1.571336686611175537e-01
1.425177156925201416e-01
-4.040223062038421631e-01
9.708552807569503784e-02
1.116692572832107544e-01
-1.534313708543777466e-01
9.534997493028640747e-02
-1.261200159788131714e-01
3.517700731754302979e-01
-3.193424940109252930e-01
1.094514280557632446e-01
1.093272641301155090e-01
-6.595014780759811401e-02
-4.936307296156883240e-02
6.966237723827362061e-02
3.168481290340423584e-01
-1.211230307817459106e-01
3.944147527217864990e-01
-2.583559751510620117e-01
-3.151288032531738281e-01
1.310033500194549561e-01
-1.803904771804809570e-01
9.815008938312530518e-02
-9.727358818054199219e-02
6.361737102270126343e-02
-3.081662654876708984e-01
-5.180674791336059570e-01
1.876778155565261841e-01
1.174779385328292847e-01
4.992000758647918701e-03
3.836547210812568665e-02
1.208118572831153870e-01
2.764120399951934814e-01
2.236107736825942993e-01
2.557802796363830566e-01
3.667798042297363281e-01
-1.137143895030021667e-01
2.053060531616210938e-01
1.145457923412322998e-01
8.446811139583587646e-02
2.821966540068387985e-03
6.092844009399414062e-01
1.075522974133491516e-01
-2.572284340858459473e-01
-1.636945754289627075e-01
-1.163391545414924622e-01
6.943434476852416992e-02
-1.493051797151565552e-01
-3.083841800689697266e-01
-1.042205095291137695e-01
4.924517273902893066e-01
-3.280507624149322510e-01
-7.934845238924026489e-02
3.740777373313903809e-01
-1.004264578223228455e-01
-2.326287925243377686e-01
2.660250961780548096e-01
-3.264135122299194336e-01
-4.650156199932098389e-02
-5.017678737640380859e-01
-2.850591763854026794e-02
1.516463309526443481e-01
2.364884763956069946e-01
1.671867519617080688e-01
-9.972164034843444824e-02
-1.309752464294433594e-02
3.319284021854400635e-01
-2.090010046958923340e-01
-1.030530184507369995e-01
-3.570652566850185394e-03
1.838056743144989014e-01
1.458874717354774475e-02
-4.065766930580139160e-01
3.983243703842163086e-01
6.372137367725372314e-02
-2.745862305164337158e-01
-2.162007987499237061e-01
1.490465700626373291e-01
3.214092254638671875e-01
8.442374318838119507e-02
3.087865710258483887e-01
7.877219468355178833e-03
-2.247106879949569702e-01
2.871026396751403809e-01
-2.431513518095016479e-01
-2.679515779018402100e-01
-2.535754442214965820e-01
-1.722175031900405884e-01
-8.993549644947052002e-02
-1.349479705095291138e-01
-1.701855957508087158e-01
3.422215580940246582e-01
-8.975307643413543701e-02
1.373301148414611816e-01
4.924098402261734009e-02
2.759866975247859955e-02
-2.420799434185028076e-01
2.338704019784927368e-01
-3.627806007862091064e-01
4.864265769720077515e-02
4.986932277679443359e-01
7.455128431320190430e-02
-2.021107375621795654e-01
9.084761142730712891e-02
2.746395468711853027e-01
4.023718833923339844e-01
-2.791433632373809814e-01
-2.143857628107070923e-01
8.490281552076339722e-02
3.840826153755187988e-01
4.436789155006408691e-01
2.859733700752258301e-01
-1.543366909027099609e-01
-6.109147667884826660e-01
1.650025397539138794e-01
-1.044511198997497559e-01
1.051082015037536621e-01
-2.556788921356201172e-02
1.167562603950500488e-01
-8.327906578779220581e-02
1.890752166509628296e-01
5.860253050923347473e-02
-1.630344241857528687e-01
7.458689063787460327e-02
-9.048010408878326416e-02
-1.292928308248519897e-01
1.553551256656646729e-01
-3.923033475875854492e-01
-1.521865874528884888e-01
1.759019792079925537e-01
-1.105528846383094788e-01
-4.041086137294769287e-02
1.864612996578216553e-01
1.243000626564025879e-01
5.161071196198463440e-02
-1.441016793251037598e-03
3.248529434204101562e-01
-2.085748612880706787e-01
-1.713012531399726868e-02
8.642889559268951416e-02
-9.958152472972869873e-02
-3.227978348731994629e-01
5.723980069160461426e-02
3.752850294113159180e-01
8.904065191745758057e-02
-2.548537850379943848e-01
1.536712348461151123e-01
-2.544324696063995361e-01
1.766953617334365845e-02
1.252564638853073120e-01
-8.379770070314407349e-02
3.131019473075866699e-01
4.726654291152954102e-02
-1.429510861635208130e-01
-1.522093415260314941e-01
1.039410009980201721e-01
1.747620701789855957e-01
1.899090558290481567e-01
-1.803427040576934814e-01
1.095766760408878326e-02
1.005316376686096191e-01
1.135017275810241699e-01
3.648199439048767090e-01
8.704247325658798218e-02
4.764512777328491211e-01
-3.900886476039886475e-01
2.051692605018615723e-01
-2.134615182876586914e-02
-4.563936293125152588e-01
1.983856782317161560e-04
2.619177848100662231e-02
4.132611304521560669e-02
7.404726929962635040e-03
-3.906427025794982910e-01
1.029104217886924744e-01
-3.515762090682983398e-02
2.240533977746963501e-01
-3.276701569557189941e-01
4.422493278980255127e-02
2.563636898994445801e-01
2.036541402339935303e-01
-7.157857716083526611e-02
-4.676142930984497070e-01
3.278259336948394775e-01
1.077324301004409790e-01
6.661048531532287598e-02
3.312838375568389893e-01
-2.883255779743194580e-01
-1.032724324613809586e-02
-1.431945711374282837e-01
2.017270475625991821e-01
-5.287598967552185059e-01
2.029784768819808960e-02
-1.140990667045116425e-02
1.636720746755599976e-01
-5.308508276939392090e-01
2.176764979958534241e-02
-9.806239604949951172e-02
1.315231323242187500e-01
7.376506924629211426e-02
-1.149116177111864090e-02
-1.058907657861709595e-01
-4.423131048679351807e-02
-5.135641098022460938e-01
-2.231546044349670410e-01
-3.343798965215682983e-02
2.768318951129913330e-01
3.686904609203338623e-01
3.106572628021240234e-01
-1.264186650514602661e-01
1.653423756361007690e-01
1.904161721467971802e-01
2.706979215145111084e-01
-3.089607357978820801e-01
-2.021944522857666016e-02
-2.118547558784484863e-01
7.237948477268218994e-03
-1.743303090333938599e-01
-5.832821726799011230e-01
-1.283863186836242676e-01
-1.503699570894241333e-01
4.737475514411926270e-01
-3.379163742065429688e-01
-1.542785465717315674e-01
-4.313470721244812012e-01
3.353034555912017822e-01
-2.751207947731018066e-01
-2.053337395191192627e-01
-4.017467498779296875e-01
-3.588204085826873779e-01
1.357839703559875488e-01
3.480778262019157410e-02
1.052229665219783783e-03
-3.857620358467102051e-01
-1.656240820884704590e-01
-9.327556192874908447e-02
3.212569653987884521e-02
-1.316023021936416626e-01
-7.172951847314834595e-02
1.364861130714416504e-01
-7.843533158302307129e-02
6.617534160614013672e-02
-2.622649073600769043e-01
-4.476282000541687012e-02
2.438580617308616638e-02
-2.977823615074157715e-01
-5.481091737747192383e-01
-1.268925517797470093e-01
-1.883702352643013000e-02
1.062523648142814636e-01
-7.434638217091560364e-03
-1.945200860500335693e-01
-3.818436861038208008e-01
-5.432343110442161560e-03
-1.203134655952453613e-01
2.366647273302078247e-01
1.254528015851974487e-01
-9.637008607387542725e-02
-1.837500631809234619e-01
-8.924337476491928101e-02
1.805115640163421631e-01
4.999177530407905579e-02
2.278424650430679321e-01
-2.149986028671264648e-01
-3.711664676666259766e-02
2.235506474971771240e-01
2.685617208480834961e-01
8.020717650651931763e-02
-2.635704874992370605e-01
-3.847212344408035278e-02
5.488815903663635254e-01
9.137928485870361328e-02
-1.217702850699424744e-01
-2.737911343574523926e-01
-3.710323870182037354e-01
1.199506595730781555e-02
1.895497143268585205e-01
-2.514362037181854248e-01
9.868441522121429443e-02
1.333666592836380005e-01
-1.604698598384857178e-01
-4.089546576142311096e-02
1.574776470661163330e-01
2.084425538778305054e-01
2.159055769443511963e-01
-9.261292219161987305e-02
-9.771480411291122437e-02
8.724089711904525757e-02
-1.863184198737144470e-02
8.935402333736419678e-02
-3.537770509719848633e-01
-1.847664713859558105e-01
-1.452718377113342285e-01
1.279337555170059204e-01
1.133187785744667053e-01
-1.864264905452728271e-02
-2.067133225500583649e-02
1.266675293445587158e-01
3.102058768272399902e-01
1.166551560163497925e-01
-2.449640929698944092e-01
-8.613286912441253662e-02
8.804886043071746826e-02
4.766952991485595703e-02
-6.167325377464294434e-02
3.196622431278228760e-02
2.589128315448760986e-01
1.929530054330825806e-01
1.350368857383728027e-01
-1.092846691608428955e-01
1.333959847688674927e-01
2.056025266647338867e-01
8.092755079269409180e-02
1.192043498158454895e-01
-2.044303417205810547e-01
-1.328783184289932251e-01
4.845424555242061615e-03
1.807668991386890411e-02
-2.307505346834659576e-02
4.695383906364440918e-01
1.685074865818023682e-01
4.919061064720153809e-02
-3.421287611126899719e-02
3.559316098690032959e-01
1.605019345879554749e-02
-8.612229675054550171e-02
3.266049027442932129e-01
-1.245726570487022400e-01
-2.644874453544616699e-01
-8.956988155841827393e-02
3.844365105032920837e-02
