-7.694904853903770936e-02
-9.220311573814074513e-02
-8.291825493843854589e-02
-1.177171015385372610e-01
2.226826169973970815e-01
-3.891064662385706335e-02
8.100654376569908777e-02
1.236011418165042577e-02
-3.590102174432562299e-01
6.230840148069441420e-02
-2.638848439474435481e-01
4.017910620207529315e-01
-2.249398288724253070e-01
-4.864739584386140736e-01
7.002156844499045395e-04
2.522844235377492625e-02
4.345394641395879942e-01
-2.497127044978835475e-01
5.820303397288128372e-02
-2.694324923108460182e-02
