-5.629653334617614746e-01
3.280546367168426514e-01
7.736160606145858765e-02
1.494460850954055786e-01
1.106421872973442078e-01
-2.244876474142074585e-01
4.940111041069030762e-01
2.855921089649200439e-01
-2.019964903593063354e-01
5.615032464265823364e-02
6.035043597221374512e-01
-3.685682713985443115e-01
-6.957153975963592529e-02
-1.395802199840545654e-01
-1.848237216472625732e-01
2.045270614326000214e-02
2.466420382261276245e-01
8.594375848770141602e-02
3.414500057697296143e-01
-2.466714940965175629e-04
6.865028738975524902e-01
-1.560034602880477905e-01
-1.078863888978958130e-01
-1.558564752340316772e-01
-2.254751920700073242e-01
1.779831945896148682e-01
9.131303429603576660e-02
-1.076155528426170349e-01
1.094382703304290771e-01
-8.719021081924438477e-02
1.723736226558685303e-01
-2.194479480385780334e-02
4.109251797199249268e-01
1.370712928473949432e-02
4.642581567168235779e-02
-1.365137696266174316e-01
7.873895764350891113e-02
-2.132347077131271362e-01
-9.534928202629089355e-02
2.788063883781433105e-02
-3.283674120903015137e-01
-6.670302748680114746e-01
-1.390974968671798706e-01
-5.150404572486877441e-01
3.226060271263122559e-01
-1.749360114336013794e-01
2.408674657344818115e-01
-1.986056566238403320e-02
-2.633348107337951660e-02
-6.381170153617858887e-01
-1.676772534847259521e-01
6.852656602859497070e-02
2.608333230018615723e-01
-1.793368607759475708e-01
2.570547163486480713e-01
-7.304962724447250366e-02
1.840320229530334473e-01
-7.328349351882934570e-02
8.647102862596511841e-02
-1.152564957737922668e-01
5.293934419751167297e-02
-1.422931551933288574e-01
-6.123347878456115723e-01
-1.935013532638549805e-01
1.172521039843559265e-01
-2.538071013987064362e-02
-7.661075890064239502e-02
-1.729180663824081421e-01
4.259514808654785156e-02
3.388736546039581299e-01
2.495293319225311279e-01
-3.766855299472808838e-01
-3.803800344467163086e-01
-7.336996495723724365e-02
2.471096962690353394e-01
8.493026345968246460e-02
-1.192137151956558228e-01
1.752236336469650269e-01
-2.553004622459411621e-01
-4.082284867763519287e-01
1.998178213834762573e-01
3.035025671124458313e-02
-4.184868633747100830e-01
2.473096735775470734e-02
-3.018452040851116180e-02
4.532135725021362305e-01
8.384361863136291504e-03
-9.248109534382820129e-03
-3.688575699925422668e-02
-2.584363520145416260e-02
3.822603225708007812e-01
1.606124043464660645e-01
6.726390123367309570e-02
-3.564200699329376221e-01
5.655663013458251953e-01
1.442223489284515381e-01
2.780935727059841156e-02
-2.546628713607788086e-01
5.563175082206726074e-01
1.565983593463897705e-01
1.353715509176254272e-01
4.120391309261322021e-01
-2.310708761215209961e-01
3.834260404109954834e-01
-2.534905970096588135e-01
6.198694184422492981e-02
2.869080305099487305e-01
1.491693705320358276e-01
-1.197514235973358154e-01
-4.874179512262344360e-02
8.535701781511306763e-02
-5.483158826828002930e-01
-3.352842330932617188e-01
-6.577941775321960449e-02
2.352769076824188232e-01
-1.806850731372833252e-01
1.029307991266250610e-01
1.452227383852005005e-01
4.950777888298034668e-01
-2.079790979623794556e-01
2.447405084967613220e-02
-3.681784123182296753e-02
-1.521652042865753174e-01
2.282548509538173676e-02
3.130914568901062012e-01
-1.872849017381668091e-01
4.146822690963745117e-01
1.038075387477874756e-01
-3.636640906333923340e-01
2.884696982800960541e-02
8.735638111829757690e-02
-2.127694189548492432e-01
-1.786719262599945068e-01
1.393696665763854980e-01
-3.914566338062286377e-01
1.619698703289031982e-01
6.927180290222167969e-01
5.227886512875556946e-02
-2.607033550739288330e-01
8.755008876323699951e-02
-2.421808391809463501e-01
-2.698036283254623413e-02
2.437436878681182861e-01
-1.649360209703445435e-01
-1.107978224754333496e-01
-4.009305536746978760e-01
5.211480706930160522e-02
9.110933169722557068e-03
2.720252275466918945e-01
-6.118697673082351685e-02
2.747344374656677246e-01
-3.489969670772552490e-01
1.258068680763244629e-01
-9.978434443473815918e-02
1.604178398847579956e-01
-1.958620846271514893e-01
-1.151197031140327454e-02
1.738507002592086792e-01
4.977889358997344971e-01
4.249369502067565918e-01
3.483792841434478760e-01
4.065217971801757812e-01
2.034507691860198975e-01
3.799264132976531982e-01
3.681065440177917480e-01
6.240808218717575073e-02
-4.538629055023193359e-01
-2.091334015130996704e-01
-1.860043965280056000e-02
3.554781377315521240e-01
-1.429542154073715210e-02
1.585209071636199951e-01
-8.039251714944839478e-02
1.650139987468719482e-01
4.254940450191497803e-01
1.072736829519271851e-01
3.925156295299530029e-01
2.186899185180664062e-01
-3.408899605274200439e-01
2.182431221008300781e-01
-1.966859102249145508e-01
-4.205294251441955566e-01
1.949739456176757812e-01
-4.776208661496639252e-03
1.205473020672798157e-02
4.572950899600982666e-01
3.429842591285705566e-01
-3.727609664201736450e-02
-1.600843369960784912e-01
3.712607920169830322e-01
-2.695867717266082764e-01
-5.716960877180099487e-02
1.030878573656082153e-01
2.256073951721191406e-01
5.741728097200393677e-02
6.807629764080047607e-02
1.278269290924072266e-01
-2.651333808898925781e-01
-2.858422696590423584e-01
-1.576198786497116089e-01
-4.774935841560363770e-01
2.404011487960815430e-01
2.942137420177459717e-01
-1.097652129828929901e-03
2.789852619171142578e-01
3.674258291721343994e-02
-2.399521321058273315e-01
-1.072158962488174438e-01
-4.482666254043579102e-01
-9.391564875841140747e-02
2.609270811080932617e-01
-2.957553863525390625e-01
3.308976292610168457e-01
1.659407466650009155e-01
-1.618905365467071533e-01
3.576392829418182373e-01
3.914111852645874023e-02
9.244126081466674805e-02
2.877241000533103943e-02
1.940025389194488525e-01
-1.747580915689468384e-01
6.392335519194602966e-03
2.150605246424674988e-02
-2.860398292541503906e-01
4.551216587424278259e-02
-5.814294889569282532e-02
-6.886418163776397705e-02
3.101490437984466553e-02
-5.325936526060104370e-02
-2.085155546665191650e-01
-2.944552898406982422e-01
-1.896501630544662476e-01
2.052154242992401123e-01
-2.541802823543548584e-04
1.275275368243455887e-02
-2.842003107070922852e-01
3.381389975547790527e-01
1.055778004229068756e-03
2.377580851316452026e-03
5.381763353943824768e-02
-4.213828146457672119e-01
-4.056103229522705078e-01
-1.796723157167434692e-01
2.475057989358901978e-01
-4.171013534069061279e-01
1.414636373519897461e-01
2.942660450935363770e-01
9.638068825006484985e-02
-9.905458241701126099e-02
3.687429726123809814e-01
9.407085180282592773e-02
1.527364104986190796e-01
-7.481095194816589355e-02
-8.054102212190628052e-02
-1.884082853794097900e-01
1.072378158569335938e-01
-3.136472105979919434e-01
-1.355499625205993652e-01
-2.388331443071365356e-01
-2.621466815471649170e-01
3.356131613254547119e-01
1.167742162942886353e-01
2.047674171626567841e-02
2.171255648136138916e-01
1.973130851984024048e-01
4.701291918754577637e-01
4.157142713665962219e-02
1.020717769861221313e-01
-5.934305861592292786e-02
-3.025315701961517334e-01
-2.048675566911697388e-01
-5.178543329238891602e-01
-6.633325815200805664e-01
-3.129547834396362305e-01
2.232218086719512939e-01
-4.848332330584526062e-02
6.424949318170547485e-02
-3.682869970798492432e-01
1.984651535749435425e-01
5.541240796446800232e-02
2.784860432147979736e-01
-1.157255098223686218e-01
-1.889424584805965424e-02
-8.990202099084854126e-02
5.362461134791374207e-02
-2.759161591529846191e-01
3.296616971492767334e-01
1.460591703653335571e-02
-6.704181432723999023e-02
-2.851444780826568604e-01
8.261861652135848999e-02
2.310850620269775391e-01
5.648421049118041992e-01
-4.280282184481620789e-03
1.515357494354248047e-01
6.660409271717071533e-03
-3.151024281978607178e-01
-4.529005289077758789e-01
-5.664355754852294922e-01
-1.051346883177757263e-01
-1.040713638067245483e-01
-1.321389526128768921e-01
-2.784340381622314453e-01
-1.528944075107574463e-01
-3.089683055877685547e-01
8.486403524875640869e-02
3.073899149894714355e-01
-6.669138371944427490e-02
3.380094766616821289e-01
-4.751065671443939209e-01
-3.420988321304321289e-01
-2.146058231592178345e-01
3.121891021728515625e-01
3.631488680839538574e-01
2.310641109943389893e-02
1.884420961141586304e-01
-3.715235590934753418e-01
5.604736804962158203e-01
8.440026640892028809e-02
1.293305903673171997e-01
1.450549513101577759e-01
-1.262915879487991333e-01
1.587505340576171875e-01
1.301711797714233398e-01
5.905060172080993652e-01
-2.681075334548950195e-01
-2.668307721614837646e-01
-4.783025681972503662e-01
-9.508101269602775574e-03
-2.158253937959671021e-01
3.191179037094116211e-01
2.537192776799201965e-02
-2.123894393444061279e-01
-1.055970340967178345e-01
3.525033593177795410e-02
2.131920605897903442e-01
5.144608393311500549e-02
3.758995532989501953e-01
-3.362244367599487305e-01
4.280094504356384277e-01
2.170830518007278442e-01
9.955519437789916992e-02
-3.129580318927764893e-01
-1.231702789664268494e-02
-1.700381562113761902e-02
3.557970747351646423e-02
7.407487183809280396e-02
2.341963797807693481e-01
-3.793542981147766113e-01
-5.364006757736206055e-01
-2.474063783884048462e-01
4.339504241943359375e-01
9.126583486795425415e-02
-1.214541271328926086e-01
-2.442149817943572998e-01
2.564632892608642578e-01
9.825166314840316772e-02
-1.394395679235458374e-01
-6.019096374511718750e-01
-1.413484662771224976e-01
6.003848463296890259e-02
-1.556840837001800537e-01
-4.100879430770874023e-01
1.140583157539367676e-01
-3.417996689677238464e-02
-1.015560179948806763e-01
-7.602513302117586136e-03
8.513422682881355286e-03
4.401408135890960693e-02
2.670307457447052002e-01
-2.550455033779144287e-01
1.467366218566894531e-01
2.535944245755672455e-02
-9.478169493377208710e-03
1.991995573043823242e-01
6.855229381471872330e-03
2.263273596763610840e-01
1.167216077446937561e-01
-6.695423126220703125e-01
2.424276173114776611e-01
-1.695058196783065796e-01
4.037639498710632324e-02
3.725059330463409424e-01
1.513727456331253052e-01
