-3.654603064060211182e-01
3.714768886566162109e-01
-1.168256700038909912e-01
-5.828456953167915344e-02
1.425668597221374512e-04
-5.206022784113883972e-02
3.210546374320983887e-01
-1.047970540821552277e-02
6.637787073850631714e-02
2.528796494007110596e-01
1.446750164031982422e-01
-2.017474323511123657e-01
-1.184819862246513367e-01
5.066454038023948669e-02
-4.140477776527404785e-01
-1.756505295634269714e-02
-3.041227348148822784e-02
2.766825258731842041e-01
4.047156125307083130e-02
1.071106716990470886e-01
6.264553070068359375e-01
-2.118094712495803833e-01
-2.022942006587982178e-01
-2.002658545970916748e-01
-7.641404867172241211e-02
5.136646702885627747e-02
-9.272982180118560791e-02
-3.271393179893493652e-01
2.621613144874572754e-01
-7.286231964826583862e-03
9.915322065353393555e-02
-9.719813615083694458e-02
1.576835513114929199e-01
2.386027574539184570e-01
1.234282851219177246e-01
-2.934734225273132324e-01
-2.879859879612922668e-02
-5.829832702875137329e-02
3.597100079059600830e-01
8.684122934937477112e-03
3.656902909278869629e-02
-2.125887572765350342e-01
-3.372519016265869141e-01
-2.225666940212249756e-01
2.467674911022186279e-01
9.500091895461082458e-03
8.284643292427062988e-02
6.950687617063522339e-03
-4.919151216745376587e-02
-2.517573833465576172e-01
-4.897797107696533203e-01
1.264136433601379395e-01
-6.971469521522521973e-02
4.303680360317230225e-02
-6.921102851629257202e-02
-5.953242182731628418e-01
3.089449703693389893e-01
9.959389269351959229e-02
-1.317901760339736938e-01
1.614977568387985229e-01
1.683918833732604980e-01
2.743926942348480225e-01
-5.731598138809204102e-01
2.606594376266002655e-02
1.406760066747665405e-01
-1.036705076694488525e-01
9.936367161571979523e-03
-3.951659202575683594e-01
2.027424275875091553e-01
3.033970594406127930e-01
5.467612743377685547e-01
-2.613033354282379150e-01
-3.283791542053222656e-01
2.380116656422615051e-02
-5.482873320579528809e-02
1.220087613910436630e-02
-1.656987071037292480e-01
3.072940111160278320e-01
2.050753310322761536e-02
-5.194830894470214844e-01
3.217964172363281250e-01
4.049517512321472168e-01
-2.403948921710252762e-03
3.177439570426940918e-01
1.903001666069030762e-01
2.915401458740234375e-01
7.268068939447402954e-02
2.539908587932586670e-01
2.107237279415130615e-01
-6.457477062940597534e-02
3.317095041275024414e-01
-3.121418878436088562e-02
5.636559724807739258e-01
7.852412760257720947e-02
7.125732898712158203e-01
8.210520446300506592e-02
3.233283758163452148e-02
-2.307262271642684937e-01
9.921076893806457520e-02
1.466218382120132446e-01
-5.955823510885238647e-02
-1.187105625867843628e-01
-2.067030519247055054e-01
3.207686245441436768e-01
-2.248982489109039307e-01
2.016484886407852173e-01
1.510270237922668457e-01
-3.686313331127166748e-01
-3.756252825260162354e-01
1.972318589687347412e-01
5.533537827432155609e-03
-2.031470388174057007e-01
-5.194312334060668945e-01
-2.348329275846481323e-01
7.582676410675048828e-02
-2.441192790865898132e-02
1.467240750789642334e-01
-2.337385118007659912e-01
1.520237624645233154e-01
1.259500831365585327e-01
-2.541514039039611816e-01
-2.070687897503376007e-02
-1.551158279180526733e-01
-1.183735504746437073e-01
1.249231547117233276e-01
-3.060407191514968872e-02
2.457233071327209473e-01
2.076981067657470703e-01
-1.062684506177902222e-01
-3.118044435977935791e-01
-7.276815921068191528e-02
1.605796813964843750e-01
-1.991089433431625366e-01
1.206575334072113037e-01
-1.018746420741081238e-01
5.324236676096916199e-02
4.874070882797241211e-01
-3.229557275772094727e-01
-2.038780897855758667e-01
-2.030535340309143066e-01
-3.115304186940193176e-02
-2.436339259147644043e-01
1.712850332260131836e-01
8.600478619337081909e-02
3.245989382266998291e-01
9.318523854017257690e-02
1.551074981689453125e-01
-8.189322799444198608e-02
1.765204370021820068e-01
-8.872903883457183838e-02
2.645968496799468994e-01
-2.441924661397933960e-01
3.567084968090057373e-01
4.016899168491363525e-01
-2.623657137155532837e-02
-2.594269514083862305e-01
-2.632959485054016113e-01
2.943187355995178223e-01
7.729594111442565918e-01
-9.958829730749130249e-03
-1.907981187105178833e-02
1.826555430889129639e-01
2.933443486690521240e-01
2.007715106010437012e-01
2.123361825942993164e-01
-3.867054730653762817e-02
-6.153699159622192383e-01
-2.601507306098937988e-01
-2.858903706073760986e-01
3.472523093223571777e-01
-1.366720348596572876e-01
1.416832506656646729e-01
5.680525302886962891e-02
1.013289690017700195e-01
-9.748359769582748413e-02
-1.249216776341199875e-02
1.464833021163940430e-01
9.363286197185516357e-02
-1.448057144880294800e-01
4.316128194332122803e-01
-3.693052232265472412e-01
-1.627500653266906738e-01
-1.862823665142059326e-01
1.276628375053405762e-01
-3.647810593247413635e-02
1.394257694482803345e-01
2.516772970557212830e-02
-1.427610069513320923e-01
7.194663584232330322e-02
2.044197320938110352e-01
-2.883510589599609375e-01
1.429305374622344971e-01
2.648576200008392334e-01
-1.079074740409851074e-01
-1.248240396380424500e-01
4.136667251586914062e-01
3.869082331657409668e-01
-3.240621685981750488e-01
-1.264174431562423706e-01
-1.953489333391189575e-01
-1.896532773971557617e-01
3.352189064025878906e-02
-3.221567869186401367e-01
-6.877904385328292847e-02
-7.496463134884834290e-03
2.040868401527404785e-01
-2.818477749824523926e-01
-6.383860856294631958e-02
-4.482644610106945038e-03
8.485807478427886963e-02
2.032534778118133545e-01
-3.424940705299377441e-01
5.457296594977378845e-02
1.183125749230384827e-02
1.293957382440567017e-01
2.362960278987884521e-01
1.076920479536056519e-01
4.941511750221252441e-01
-1.177432835102081299e-01
1.563403457403182983e-01
-1.205041408538818359e-01
3.008325397968292236e-02
1.414839178323745728e-01
-1.478062719106674194e-01
-2.319918200373649597e-02
-7.940169423818588257e-02
-4.006554782390594482e-01
6.703537702560424805e-02
-9.399681538343429565e-02
-3.207754343748092651e-04
-4.881918132305145264e-01
-2.401512563228607178e-01
1.701404154300689697e-02
2.871271073818206787e-01
-1.688283979892730713e-01
-3.097619116306304932e-01
4.330092966556549072e-01
1.279545277357101440e-01
-1.322827935218811035e-01
3.703218102455139160e-01
-3.620907068252563477e-01
-3.162599354982376099e-02
-1.580307483673095703e-01
4.431954920291900635e-01
-5.075426697731018066e-01
-9.659202396869659424e-02
1.161325946450233459e-01
1.192404255270957947e-01
-4.274133145809173584e-01
-2.228493243455886841e-02
-2.639577910304069519e-02
-1.815722882747650146e-01
-1.819038391113281250e-01
-1.529836803674697876e-01
-9.729804843664169312e-02
2.759461104869842529e-01
-7.134515047073364258e-01
-1.640046983957290649e-01
-1.059981808066368103e-01
-1.101458594202995300e-01
3.547403812408447266e-01
-1.610799431800842285e-01
-1.837067008018493652e-01
3.945367783308029175e-02
4.114351868629455566e-01
4.738183319568634033e-01
1.238176226615905762e-01
2.410105764865875244e-01
1.372365653514862061e-02
-1.287866681814193726e-01
3.606418892741203308e-02
-5.300311446189880371e-01
-3.389008641242980957e-01
-2.656511068344116211e-01
3.209571242332458496e-01
-2.935637831687927246e-01
1.061500087380409241e-01
-3.348635733127593994e-01
3.211748003959655762e-01
2.464514039456844330e-02
5.124154686927795410e-02
-3.148071169853210449e-01
-2.767426669597625732e-01
4.262343943119049072e-01
3.835607767105102539e-01
1.125180274248123169e-01
-2.311589270830154419e-01
-5.674167349934577942e-02
-1.029950305819511414e-01
9.841510653495788574e-02
-4.647009968757629395e-01
1.074956059455871582e-01
3.766200840473175049e-01
-4.209068119525909424e-01
2.758736312389373779e-01
-4.243112802505493164e-01
-1.003507599234580994e-01
-2.070860862731933594e-01
-4.801135361194610596e-01
-3.772481679916381836e-01
7.867105305194854736e-04
-1.635985970497131348e-01
1.973764151334762573e-01
8.668769150972366333e-02
-1.815672814846038818e-01
-4.845013320446014404e-01
3.096063137054443359e-01
8.486101031303405762e-02
2.376203536987304688e-01
-1.558766961097717285e-01
-1.261536404490470886e-02
-1.981080323457717896e-01
4.954733699560165405e-02
1.356547325849533081e-01
-1.509655267000198364e-01
2.421764433383941650e-01
-4.704475700855255127e-01
-8.298651874065399170e-02
3.884393870830535889e-01
1.662399619817733765e-01
2.822704017162322998e-01
-2.462434582412242889e-02
-1.840255111455917358e-01
1.024376302957534790e-01
4.529515653848648071e-02
-3.956527411937713623e-01
-3.726836442947387695e-01
7.288319617509841919e-02
-1.707582473754882812e-01
1.046993583440780640e-01
-4.767370969057083130e-02
-1.811700463294982910e-01
-8.507308363914489746e-02
-1.720994710922241211e-02
6.120979785919189453e-02
6.936033815145492554e-02
-1.091163605451583862e-01
2.719640173017978668e-02
-4.600140452384948730e-02
8.255291730165481567e-02
3.647924065589904785e-01
7.275123149156570435e-03
3.898130357265472412e-01
-2.081329673528671265e-01
-9.482681006193161011e-02
-3.065962791442871094e-01
8.105861395597457886e-02
1.168065220117568970e-01
-1.468189805746078491e-01
7.397650182247161865e-02
-5.509012192487716675e-02
4.423908293247222900e-01
9.816500544548034668e-02
-3.185009956359863281e-01
-1.567208468914031982e-01
2.247731685638427734e-01
3.359932899475097656e-01
-1.963256895542144775e-01
-3.721107542514801025e-02
2.002882957458496094e-02
1.888857483863830566e-01
5.859497189521789551e-02
-1.461887732148170471e-03
1.693239063024520874e-01
3.763114213943481445e-01
5.915479734539985657e-02
7.849888503551483154e-02
6.699419021606445312e-02
1.970128566026687622e-01
-2.921264767646789551e-01
-5.105519667267799377e-04
-5.317140370607376099e-02
1.948084682226181030e-01
1.475026309490203857e-01
4.107957333326339722e-02
-5.053285509347915649e-03
3.985703587532043457e-01
3.614587336778640747e-02
-2.308234572410583496e-01
8.705947548151016235e-02
-1.961148530244827271e-01
-1.070038229227066040e-01
1.283854395151138306e-01
2.630188167095184326e-01
