-1.987737715244293213e-01
3.987262845039367676e-01
-3.414035439491271973e-01
-2.066622078418731689e-01
-2.312698662281036377e-01
-2.032900899648666382e-01
4.117251932621002197e-01
-1.141236815601587296e-02
-2.531126886606216431e-02
2.033326476812362671e-01
4.194022417068481445e-01
-3.284657299518585205e-01
-9.508484601974487305e-02
1.349283158779144287e-01
-1.100311651825904846e-01
-1.161393076181411743e-01
3.255949616432189941e-01
4.015350043773651123e-01
5.037277936935424805e-03
1.528427600860595703e-01
4.597701132297515869e-01
-3.636586368083953857e-01
-2.358477711677551270e-01
1.097011268138885498e-01
-1.993163824081420898e-01
2.485481500625610352e-01
-2.510845661163330078e-01
-3.273025751113891602e-01
3.531840145587921143e-01
3.065821714699268341e-02
2.170217335224151611e-01
1.641428768634796143e-01
3.449454903602600098e-01
1.255374401807785034e-01
3.169488534331321716e-02
9.840060025453567505e-02
-4.627736285328865051e-02
-1.687893569469451904e-01
2.668924927711486816e-01
2.317537367343902588e-01
-1.053945720195770264e-01
-1.953295171260833740e-01
-3.330768346786499023e-01
-3.855235874652862549e-02
2.325681746006011963e-01
-3.825107812881469727e-01
1.944457441568374634e-01
1.772899031639099121e-01
-1.494722217321395874e-01
-1.153689622879028320e-01
-3.219001293182373047e-01
-7.088796794414520264e-02
-1.950415223836898804e-01
-1.344265192747116089e-01
1.807931363582611084e-01
-3.276103436946868896e-01
2.920519113540649414e-01
3.242326974868774414e-01
-2.269755750894546509e-01
1.023650616407394409e-01
1.077172160148620605e-01
2.195003330707550049e-01
-4.456801712512969971e-01
2.010174691677093506e-01
4.892098158597946167e-02
2.152740024030208588e-02
-2.775989472866058350e-03
-1.568382084369659424e-01
4.808358103036880493e-02
8.066218346357345581e-03
6.583729386329650879e-01
-3.109880387783050537e-01
-2.226205915212631226e-02
-1.372714489698410034e-01
1.809395849704742432e-01
7.653062045574188232e-02
-2.878583967685699463e-02
1.738671660423278809e-01
-2.142450362443923950e-01
-3.529795110225677490e-01
5.542173981666564941e-01
2.081030011177062988e-01
-4.079811275005340576e-01
1.527851670980453491e-01
4.857069253921508789e-02
1.293511837720870972e-01
7.847800850868225098e-02
1.144841089844703674e-01
5.316000580787658691e-01
-3.174681663513183594e-01
2.800644040107727051e-01
2.309594452381134033e-01
1.429199576377868652e-01
-1.203273087739944458e-01
5.425999164581298828e-01
1.962034404277801514e-01
-3.287454843521118164e-01
-2.615165114402770996e-01
-2.859261631965637207e-02
1.525681763887405396e-01
-6.428030133247375488e-02
-1.837324798107147217e-01
-2.064742147922515869e-01
4.201778769493103027e-01
-2.039090991020202637e-01
7.516275346279144287e-02
1.243238747119903564e-01
-1.121937036514282227e-01
-4.977755248546600342e-03
3.783822357654571533e-01
-3.419924974441528320e-01
-9.198600426316261292e-03
-5.781093239784240723e-01
-1.263090968132019043e-01
1.367014199495315552e-01
1.965667456388473511e-01
2.630796134471893311e-01
-2.452540099620819092e-01
2.304464429616928101e-01
1.103595495223999023e-01
5.987403169274330139e-02
1.228183954954147339e-01
-2.667210400104522705e-01
-1.044212877750396729e-01
2.382774800062179565e-01
-9.921241551637649536e-02
3.185393512248992920e-01
1.764632761478424072e-03
-3.847128748893737793e-01
1.278834044933319092e-02
1.078922748565673828e-01
2.375882714986801147e-01
8.100685663521289825e-03
1.201181933283805847e-01
-4.911898449063301086e-02
1.391021162271499634e-01
1.843471527099609375e-01
-5.014567375183105469e-01
-1.382441520690917969e-01
-1.815725564956665039e-01
-3.008314967155456543e-01
-6.271968781948089600e-02
2.269277572631835938e-01
-2.231237888336181641e-01
2.701850533485412598e-01
-2.428160756826400757e-01
3.678523302078247070e-01
2.861832380294799805e-01
3.099748194217681885e-01
-2.059176415205001831e-01
6.610669940710067749e-02
-1.829800307750701904e-01
2.964441180229187012e-01
1.621580682694911957e-02
-5.319976061582565308e-02
-2.638673484325408936e-01
-1.320442706346511841e-01
2.000625729560852051e-01
4.719269275665283203e-01
-1.723688840866088867e-01
-2.055485397577285767e-01
5.291391164064407349e-03
8.964532613754272461e-02
2.419346570968627930e-02
1.019659787416458130e-01
3.648482263088226318e-03
-2.708965539932250977e-01
-8.420483767986297607e-02
-2.340931445360183716e-01
2.710680961608886719e-01
6.196301802992820740e-02
7.085453718900680542e-02
2.300663888454437256e-01
1.500834822654724121e-01
1.821106523275375366e-01
-1.085500121116638184e-01
-7.774715870618820190e-02
-1.267427206039428711e-01
-2.875318937003612518e-02
9.596658498048782349e-02
-5.247838497161865234e-01
-1.057131774723529816e-02
-2.469503879547119141e-02
-2.850331664085388184e-01
-9.072648733854293823e-02
2.965642809867858887e-01
-1.735080331563949585e-01
-3.148119151592254639e-01
-4.520351439714431763e-02
8.440966904163360596e-02
-3.090378940105438232e-01
-3.817830234766006470e-02
-3.540464118123054504e-02
4.051022231578826904e-03
-3.024632036685943604e-01
1.381106376647949219e-01
7.294034957885742188e-01
-5.789189040660858154e-02
-2.253973931074142456e-01
1.050210669636726379e-01
-3.624759316444396973e-01
1.562162190675735474e-01
-1.403882652521133423e-01
5.030917376279830933e-02
1.290193647146224976e-01
2.906175255775451660e-01
6.547635048627853394e-02
1.000565066933631897e-01
-4.034139215946197510e-02
1.577153950929641724e-01
-8.100099861621856689e-02
-1.388405412435531616e-01
1.054565161466598511e-01
4.894805327057838440e-02
2.701995670795440674e-01
2.928528189659118652e-01
3.428662419319152832e-01
3.761320114135742188e-01
3.544973582029342651e-02
2.515923678874969482e-01
9.202469885349273682e-02
-2.650065720081329346e-01
-1.639713905751705170e-02
-7.146079838275909424e-02
-3.298162668943405151e-02
7.852054387331008911e-02
-2.642542421817779541e-01
3.676384389400482178e-01
-1.433477848768234253e-01
-1.776184141635894775e-01
-5.652874708175659180e-01
-1.824385672807693481e-01
2.796314954757690430e-01
3.827567696571350098e-01
-1.817922294139862061e-01
-3.026442527770996094e-01
3.633897602558135986e-01
1.336125433444976807e-01
-3.571831583976745605e-01
2.526096105575561523e-01
-1.951042115688323975e-01
3.182272613048553467e-01
-1.143175885081291199e-01
1.311076581478118896e-01
-4.162299931049346924e-01
2.361756712198257446e-01
5.370236560702323914e-02
-7.807509601116180420e-02
-6.352646946907043457e-01
-1.700562238693237305e-02
-1.866591870784759521e-01
-5.264605581760406494e-02
7.447241246700286865e-02
-2.174416929483413696e-01
-2.340840399265289307e-01
-5.361693911254405975e-03
-3.754502832889556885e-01
-5.248826146125793457e-01
-1.438216716051101685e-01
2.657292783260345459e-01
1.078812554478645325e-01
-3.012453764677047729e-02
-3.803113996982574463e-01
4.638496637344360352e-01
2.243030369281768799e-01
2.761596143245697021e-01
-2.223895937204360962e-01
3.678049445152282715e-01
-1.933321654796600342e-01
-3.010289967060089111e-01
-3.865461796522140503e-02
-8.133221268653869629e-01
5.436880886554718018e-02
-2.647093236446380615e-01
2.269298434257507324e-01
-3.283070027828216553e-01
-8.254148066043853760e-03
-3.077627122402191162e-01
3.386200666427612305e-01
2.412141673266887665e-02
3.856519609689712524e-02
-2.570869624614715576e-01
-4.218479990959167480e-01
1.627416908740997314e-01
2.796242833137512207e-01
1.162434816360473633e-01
-4.662964642047882080e-01
5.302998423576354980e-02
-7.688613235950469971e-02
9.675065428018569946e-02
-2.508059144020080566e-01
4.433674514293670654e-01
8.998918533325195312e-02
-1.447692662477493286e-01
-2.017669565975666046e-02
-3.091692924499511719e-01
6.493337452411651611e-02
-1.550244390964508057e-01
-3.928385376930236816e-01
-5.362902879714965820e-01
-8.205007761716842651e-04
5.100799724459648132e-03
2.837454974651336670e-01
1.420182287693023682e-01
-4.125651121139526367e-01
-3.934766948223114014e-01
6.497299671173095703e-02
-2.137570530176162720e-01
2.254789173603057861e-01
-1.993925869464874268e-01
-3.790610283613204956e-02
-2.294855713844299316e-01
1.503389179706573486e-01
1.506184041500091553e-01
2.568108960986137390e-03
3.004202544689178467e-01
-1.741411089897155762e-01
-1.906823962926864624e-01
4.796401262283325195e-01
2.754001915454864502e-01
1.614494472742080688e-01
-8.425748348236083984e-02
-2.123701721429824829e-01
3.729908168315887451e-01
1.545325666666030884e-02
-2.339958995580673218e-01
-2.589748203754425049e-01
-4.349336028099060059e-01
2.850421518087387085e-02
3.254989981651306152e-01
-2.641059458255767822e-01
1.629214882850646973e-01
-3.821051493287086487e-02
-2.664692103862762451e-01
1.417837589979171753e-01
4.238754138350486755e-02
1.385741680860519409e-01
1.353696882724761963e-01
-1.316819489002227783e-01
5.298505537211894989e-03
3.121010959148406982e-01
-1.020126044750213623e-02
2.451404370367527008e-02
-3.549627363681793213e-01
-3.652660846710205078e-01
-2.687697708606719971e-01
-3.160291165113449097e-02
3.516103029251098633e-01
-1.466311141848564148e-02
-3.411553055047988892e-02
-3.223019838333129883e-02
1.949800401926040649e-01
-1.904247254133224487e-01
-4.492092132568359375e-01
-2.426873892545700073e-01
2.183881253004074097e-01
2.133059203624725342e-01
-2.186644822359085083e-01
-1.663187518715858459e-02
3.608114123344421387e-01
1.773852705955505371e-01
3.606994450092315674e-02
-2.694227360188961029e-02
1.486250609159469604e-01
2.932770848274230957e-01
1.424893736839294434e-02
7.880686223506927490e-02
2.922739833593368530e-02
1.561397463083267212e-01
-5.678915977478027344e-02
-2.131429016590118408e-01
2.578676342964172363e-01
2.507031261920928955e-01
1.162716373801231384e-01
1.362455934286117554e-01
8.737883716821670532e-02
2.997957468032836914e-01
2.032070159912109375e-01
-1.650477647781372070e-01
1.871304586529731750e-02
-1.670471578836441040e-01
-1.424425542354583740e-01
2.482316642999649048e-01
-2.025424502789974213e-02
