-4.240466058254241943e-01
2.787770926952362061e-01
-2.755730748176574707e-01
-7.494316995143890381e-02
9.386707097291946411e-03
-5.943309515714645386e-02
5.218697786331176758e-01
3.706468343734741211e-01
1.123699396848678589e-01
-2.673156559467315674e-02
1.550111025571823120e-01
-9.831442683935165405e-02
-2.172903120517730713e-01
-1.365856081247329712e-01
-2.006978541612625122e-01
-1.533504575490951538e-03
3.995375037193298340e-01
2.414879798889160156e-01
3.623692393302917480e-01
-3.444306552410125732e-01
5.087524056434631348e-01
2.303674444556236267e-02
-2.939508855342864990e-01
-2.490150034427642822e-01
-3.281181156635284424e-01
1.722243726253509521e-01
-1.390654295682907104e-01
-3.531778454780578613e-01
5.404455065727233887e-01
-1.800477504730224609e-02
3.194660246372222900e-01
6.562766432762145996e-02
1.249062269926071167e-01
3.265073299407958984e-01
1.035406738519668579e-01
-4.722050428390502930e-01
-3.100557923316955566e-01
-1.626225411891937256e-01
1.831355690956115723e-01
2.368888445198535919e-02
3.433584421873092651e-02
-1.866991817951202393e-01
-1.721050143241882324e-01
-2.921498119831085205e-01
-8.867160975933074951e-02
-1.904029846191406250e-01
-2.032348513603210449e-01
6.945545226335525513e-02
-3.424646705389022827e-02
-1.770678162574768066e-01
-2.328144460916519165e-01
-8.951056003570556641e-02
1.119760274887084961e-01
-7.447266578674316406e-02
2.545719146728515625e-01
-5.394425988197326660e-01
2.213848531246185303e-01
-1.583616249263286591e-02
-3.685495853424072266e-01
2.087752334773540497e-02
3.199384361505508423e-02
-2.624104171991348267e-02
-6.194931864738464355e-01
-2.040195092558860779e-02
-5.703689157962799072e-02
-1.335958987474441528e-01
-1.096063032746315002e-01
-2.630883455276489258e-01
2.364179342985153198e-01
3.775062263011932373e-01
2.044558376073837280e-01
-2.909734249114990234e-01
-6.386774778366088867e-02
-1.661614477634429932e-01
1.063740700483322144e-01
1.845320165157318115e-01
1.622757464647293091e-01
4.171021282672882080e-02
-1.241384670138359070e-01
-6.636857986450195312e-01
3.156292736530303955e-01
2.030431665480136871e-02
-1.305911689996719360e-01
-6.894182413816452026e-02
3.317775949835777283e-02
3.961874246597290039e-01
6.701023131608963013e-02
8.630160242319107056e-02
2.934309840202331543e-01
4.254548996686935425e-02
2.669645845890045166e-01
3.404248356819152832e-01
2.055468559265136719e-01
-2.789914906024932861e-01
5.168407559394836426e-01
8.761182427406311035e-02
-2.313375845551490784e-02
-1.039770320057868958e-01
-1.276155188679695129e-02
1.137805432081222534e-01
-1.717792302370071411e-01
-1.614186167716979980e-01
-3.331772685050964355e-01
3.159342706203460693e-01
-4.417256116867065430e-01
-2.149690501391887665e-02
2.514106631278991699e-01
1.828257292509078979e-01
-3.141182661056518555e-02
4.204099476337432861e-01
1.149180810898542404e-03
-3.481101244688034058e-03
-2.876291573047637939e-01
-1.898226290941238403e-01
3.233500570058822632e-02
-2.225648760795593262e-01
1.736401468515396118e-01
-2.762728035449981689e-01
4.868857190012931824e-02
-8.344264328479766846e-02
-8.165790885686874390e-02
1.194577068090438843e-01
1.311625689268112183e-01
-2.166938632726669312e-01
5.664684250950813293e-02
2.080656215548515320e-02
3.091018795967102051e-01
-1.292527467012405396e-02
-3.224655687808990479e-01
9.072715044021606445e-02
-1.821483522653579712e-01
8.225768804550170898e-02
1.853557676076889038e-02
6.384816952049732208e-04
4.933759570121765137e-03
1.465363651514053345e-01
4.074074327945709229e-01
-1.353495717048645020e-01
-8.888116478919982910e-02
6.893005967140197754e-02
-4.249375462532043457e-01
-2.006373852491378784e-01
6.005367636680603027e-02
-5.467470735311508179e-02
3.519259393215179443e-01
-1.255542486906051636e-01
-2.145871147513389587e-02
-2.847038805484771729e-01
-1.617411673069000244e-01
-2.091673612594604492e-01
-1.408861428499221802e-01
-6.875059008598327637e-02
-2.878879196941852570e-02
2.787120938301086426e-01
3.100904226303100586e-01
-1.796300336718559265e-02
-2.976716756820678711e-01
2.001048624515533447e-01
5.527529120445251465e-01
3.802213072776794434e-01
-1.812244355678558350e-01
3.655567169189453125e-01
3.742780089378356934e-01
2.225361913442611694e-01
2.888467609882354736e-01
-1.176126599311828613e-01
-2.398295253515243530e-01
-1.674871146678924561e-01
-1.076848357915878296e-01
3.566812872886657715e-01
-2.364318817853927612e-01
-1.501717716455459595e-01
2.438604682683944702e-01
-3.568922877311706543e-01
-3.530542254447937012e-01
9.400111436843872070e-02
1.902401447296142578e-01
4.636748880147933960e-02
-2.295107543468475342e-01
2.533001899719238281e-01
-1.511237621307373047e-01
1.387738734483718872e-01
1.762609183788299561e-01
-2.009798437356948853e-01
-2.394737675786018372e-02
5.528600886464118958e-02
1.458651572465896606e-01
4.843139648437500000e-02
-1.942980736494064331e-01
4.491642117500305176e-01
-5.973537564277648926e-01
7.373067736625671387e-02
-6.586559116840362549e-02
-2.378835827112197876e-01
-2.122623659670352936e-02
1.822008192539215088e-01
9.208820760250091553e-02
9.561538696289062500e-02
2.842918410897254944e-02
-9.525243192911148071e-02
2.697180956602096558e-02
1.833795160055160522e-01
1.356621235609054565e-01
-1.563585102558135986e-01
2.176745831966400146e-01
5.540166497230529785e-01
-2.960364520549774170e-01
1.381898671388626099e-01
2.025842815637588501e-01
-1.408792436122894287e-01
-7.844524830579757690e-02
-2.924306392669677734e-01
-9.115491807460784912e-02
-7.464104890823364258e-02
-7.968927174806594849e-02
3.141204118728637695e-01
-8.315587043762207031e-02
1.815997362136840820e-01
-2.412251979112625122e-01
1.552214622497558594e-01
3.679234683513641357e-01
-2.175080478191375732e-01
1.321739554405212402e-01
-8.559451997280120850e-02
1.396072804927825928e-01
1.673211455345153809e-01
-1.713278144598007202e-01
3.545064330101013184e-01
-1.488046050071716309e-01
-1.234382465481758118e-01
-2.343745529651641846e-01
-2.909032702445983887e-01
1.917512118816375732e-01
2.061936855316162109e-01
-4.461734369397163391e-02
-1.397597193717956543e-01
3.539053201675415039e-01
-1.191183850169181824e-01
5.434207618236541748e-02
3.019270598888397217e-01
-1.270841807126998901e-01
-2.742095589637756348e-01
-7.941696047782897949e-02
3.502246737480163574e-02
-3.921595811843872070e-01
-6.645204871892929077e-02
1.776922196149826050e-01
3.890398144721984863e-01
-5.496283173561096191e-01
1.783497631549835205e-01
-2.516316995024681091e-02
-2.952414751052856445e-02
-2.089166194200515747e-01
5.777282267808914185e-02
2.510334737598896027e-02
2.475179731845855713e-01
-4.358013868331909180e-01
-2.375980019569396973e-01
-4.383174777030944824e-01
-3.011721670627593994e-01
2.243416607379913330e-01
5.274097323417663574e-01
-2.749505043029785156e-01
1.629327833652496338e-01
3.403657078742980957e-01
3.154918253421783447e-01
-4.588123038411140442e-02
3.216660022735595703e-01
-1.377788484096527100e-01
-2.252021133899688721e-01
-1.119876801967620850e-01
-7.688415646553039551e-01
-4.396884143352508545e-01
-5.894902721047401428e-02
4.752208590507507324e-01
-3.052959740161895752e-01
-4.186940379440784454e-03
-4.487802386283874512e-01
1.474173367023468018e-01
1.461463607847690582e-02
2.994838058948516846e-01
-1.914833784103393555e-01
-4.156158566474914551e-01
2.528245449066162109e-01
6.433758139610290527e-01
1.957901865243911743e-01
-2.195852547883987427e-01
-8.892896771430969238e-02
-5.885004624724388123e-02
-4.269931837916374207e-02
9.599619358777999878e-02
4.192859530448913574e-01
3.852747380733489990e-01
-2.239890247583389282e-01
-5.744211375713348389e-02
-1.332556605339050293e-01
2.673274576663970947e-01
-7.364709675312042236e-02
-4.855147600173950195e-01
-4.693542420864105225e-01
-6.903456151485443115e-02
-2.832312285900115967e-01
3.721584081649780273e-01
-1.187464222311973572e-01
-4.052771329879760742e-01
-2.141221463680267334e-01
-7.416523993015289307e-02
3.074299544095993042e-02
1.858028620481491089e-01
-2.672815918922424316e-01
-5.551054477691650391e-01
-1.365497857332229614e-01
2.754821777343750000e-01
9.301363676786422729e-02
-2.656269371509552002e-01
1.778787076473236084e-01
-2.411937713623046875e-01
1.307945847511291504e-01
2.570071518421173096e-01
1.930076777935028076e-01
-3.715701401233673096e-02
4.929613787680864334e-03
1.263963282108306885e-01
3.104024827480316162e-01
1.938199400901794434e-01
-1.912311762571334839e-01
-3.229173421859741211e-01
-1.178312674164772034e-01
9.730866551399230957e-02
1.556797772645950317e-01
6.006809324026107788e-02
1.404560655355453491e-01
-3.781199455261230469e-02
5.335018783807754517e-02
3.337205052375793457e-01
2.340254783630371094e-01
1.943229585886001587e-01
1.349346786737442017e-01
-1.730560064315795898e-01
-1.567397117614746094e-01
1.455994322896003723e-02
1.654807329177856445e-01
2.460144758224487305e-01
-6.704614311456680298e-02
-5.364381670951843262e-01
-1.379622817039489746e-01
-4.604145884513854980e-02
-2.848580479621887207e-02
7.151922583580017090e-02
1.020386591553688049e-01
-1.134538352489471436e-01
4.252670407295227051e-01
3.188639879226684570e-01
-1.988563984632492065e-01
8.274936676025390625e-02
1.054780334234237671e-01
-8.116296678781509399e-02
-2.687458097934722900e-01
-1.215943172574043274e-01
4.231866896152496338e-01
7.616503536701202393e-02
1.603834331035614014e-01
-1.702096462249755859e-01
3.510338813066482544e-02
-2.050687372684478760e-01
-4.633826762437820435e-02
1.204426959156990051e-01
-6.995082646608352661e-02
-6.180536001920700073e-03
3.087432980537414551e-01
-1.355822384357452393e-01
1.264253631234169006e-02
3.758113086223602295e-01
-3.384196385741233826e-02
-2.489256858825683594e-01
-1.303085088729858398e-01
3.641376793384552002e-01
-2.580880224704742432e-01
4.371373355388641357e-02
1.762498915195465088e-01
8.515692502260208130e-02
-1.946879923343658447e-01
3.027100861072540283e-01
2.631636559963226318e-01
