-1.741889715194702148e-01
3.378745913505554199e-01
-1.461967676877975464e-01
-2.219067811965942383e-01
-3.159409761428833008e-02
-3.557156398892402649e-02
2.148492634296417236e-01
-2.688436955213546753e-02
5.225566774606704712e-02
2.372721433639526367e-01
1.896278560161590576e-01
-7.918480038642883301e-02
-1.179761737585067749e-01
6.000272929668426514e-02
-7.525584101676940918e-02
-1.776643842458724976e-01
3.521408885717391968e-02
2.900447845458984375e-01
1.212476640939712524e-01
1.731941848993301392e-01
4.514023065567016602e-01
-1.094704940915107727e-01
-1.784779578447341919e-01
-1.964707374572753906e-01
4.389375448226928711e-03
-2.091936469078063965e-01
-4.961686208844184875e-02
-2.896730303764343262e-01
4.613031074404716492e-02
9.898740053176879883e-02
9.090484678745269775e-02
9.073578752577304840e-03
-1.416162494570016861e-02
-3.794569522142410278e-02
3.054892420768737793e-01
-9.214314073324203491e-02
-4.908514767885208130e-02
-2.061770260334014893e-01
2.194050401449203491e-01
2.753741443157196045e-01
2.214394137263298035e-02
-1.242984160780906677e-01
-2.715567946434020996e-01
-9.421113133430480957e-02
-1.241922229528427124e-01
-1.928400248289108276e-01
3.960755094885826111e-02
-1.727629154920578003e-01
-5.988863110542297363e-02
1.793304681777954102e-01
-4.426341950893402100e-01
-4.001276567578315735e-03
7.154814898967742920e-02
-2.622686028480529785e-01
-7.311955094337463379e-02
-5.484548211097717285e-01
5.522977933287620544e-02
2.292551249265670776e-01
-1.648976802825927734e-01
-7.692123949527740479e-02
1.319952756166458130e-01
6.284704059362411499e-02
-3.450542986392974854e-01
5.173338949680328369e-02
1.770763397216796875e-01
-8.471432328224182129e-02
-3.680641576647758484e-02
-2.042874097824096680e-01
1.714373081922531128e-01
-2.709415256977081299e-01
3.480126261711120605e-01
-3.240570127964019775e-01
-1.667329818010330200e-01
4.079621285200119019e-04
-1.311468780040740967e-01
-9.814429283142089844e-02
-2.511850558221340179e-02
4.789135754108428955e-01
3.886416554450988770e-02
-3.666306734085083008e-01
1.985228210687637329e-01
4.350895881652832031e-01
-1.186174526810646057e-01
2.135162204504013062e-01
8.979892730712890625e-02
3.066886663436889648e-01
8.201435953378677368e-02
2.541341483592987061e-01
2.912332117557525635e-01
-1.081957817077636719e-01
3.007946014404296875e-01
7.467985153198242188e-02
4.347771108150482178e-01
-2.202450782060623169e-01
3.797456324100494385e-01
1.608456075191497803e-01
1.328994184732437134e-01
-6.161268800497055054e-02
-1.784574687480926514e-01
1.851313412189483643e-01
-3.745338693261146545e-02
-1.274510379880666733e-02
-3.717615306377410889e-01
2.590369284152984619e-01
-1.907122433185577393e-01
2.018720209598541260e-01
-5.109794437885284424e-05
-3.094649016857147217e-01
-1.758217811584472656e-01
9.347435086965560913e-02
1.296025700867176056e-02
-8.445710688829421997e-02
-3.328758478164672852e-01
-1.493887156248092651e-01
7.209680974483489990e-03
3.688363358378410339e-02
8.300201594829559326e-02
-1.671536453068256378e-02
2.612058222293853760e-01
-1.190105751156806946e-01
-1.872866600751876831e-02
-2.451957315206527710e-01
-8.056823164224624634e-02
6.500788033008575439e-02
5.059682950377464294e-02
2.270158678293228149e-01
1.535798758268356323e-01
1.590331196784973145e-01
-1.978263407945632935e-01
-2.448129653930664062e-02
8.192753791809082031e-02
2.938396856188774109e-02
-2.008721530437469482e-01
3.197347372770309448e-02
-1.369969099760055542e-01
-1.071667671203613281e-01
2.072135657072067261e-01
-3.757304251194000244e-01
-4.193786680698394775e-01
-1.714664846658706665e-01
-8.237725496292114258e-02
-8.357419073581695557e-02
1.603050231933593750e-01
3.280364349484443665e-02
2.669714987277984619e-01
1.106417253613471985e-01
6.944870203733444214e-02
6.971946358680725098e-02
1.251095384359359741e-01
-9.171155095100402832e-02
2.300445735454559326e-01
-1.334698200225830078e-01
3.023064136505126953e-01
2.636274099349975586e-01
-6.976719200611114502e-02
-2.565871179103851318e-01
8.536970615386962891e-02
2.010001838207244873e-01
5.349218845367431641e-01
2.040322311222553253e-02
-5.008771270513534546e-02
4.384456872940063477e-01
1.435931175947189331e-01
3.475180566310882568e-01
2.988040819764137268e-02
1.480976864695549011e-02
-5.559495091438293457e-01
-1.550007611513137817e-01
2.566247992217540741e-02
2.952589392662048340e-01
7.352745532989501953e-02
1.061824262142181396e-01
7.351556420326232910e-02
-1.515042185783386230e-01
-1.093106716871261597e-01
-1.535185724496841431e-01
1.144748479127883911e-01
1.505703479051589966e-01
-6.747001409530639648e-02
2.810189723968505859e-01
-3.728169202804565430e-01
-2.399985864758491516e-02
3.712912090122699738e-03
-1.998733133077621460e-01
-1.676666438579559326e-01
9.242993593215942383e-02
-5.391860008239746094e-02
-1.428198516368865967e-01
1.838215626776218414e-03
5.914175137877464294e-02
-8.980605006217956543e-02
1.762153208255767822e-01
1.244041398167610168e-01
-7.085702847689390182e-03
-2.052027583122253418e-01
1.102808564901351929e-01
5.023875236511230469e-01
-3.022302985191345215e-01
1.020310521125793457e-01
-1.462158262729644775e-01
-3.394783735275268555e-01
3.017533719539642334e-01
-5.557125806808471680e-02
-5.435172095894813538e-02
2.681469619274139404e-01
1.606477349996566772e-01
1.704050898551940918e-01
-2.339988797903060913e-01
1.065976843237876892e-01
1.411093771457672119e-01
1.358474045991897583e-01
-1.306819021701812744e-01
6.103488057851791382e-02
2.018934674561023712e-02
1.037447527050971985e-01
1.903232932090759277e-01
1.209511905908584595e-01
2.112604528665542603e-01
-1.708569750189781189e-02
1.709404438734054565e-01
-1.526661664247512817e-01
-7.187421433627605438e-04
3.623472526669502258e-02
-2.908684313297271729e-03
1.931216120719909668e-01
-1.149392351508140564e-01
-3.631713092327117920e-01
-2.045845687389373779e-01
-3.769519329071044922e-01
-1.105134561657905579e-01
-2.933075129985809326e-01
-3.344887793064117432e-01
1.784230768680572510e-01
9.620660543441772461e-02
-7.081034779548645020e-02
-3.783326447010040283e-01
5.742685198783874512e-01
1.943350732326507568e-01
-6.725859642028808594e-02
1.775321215391159058e-01
-8.947475254535675049e-02
-4.121677577495574951e-02
-1.416793465614318848e-01
4.989119991660118103e-02
-4.613154530525207520e-01
-9.171433746814727783e-02
5.322065204381942749e-02
1.570815443992614746e-01
-4.126901924610137939e-01
-8.675602078437805176e-02
2.471499145030975342e-01
-1.597366780042648315e-01
-1.827244758605957031e-01
-2.013593763113021851e-01
-1.496896594762802124e-01
1.203199625015258789e-01
-6.573700308799743652e-01
7.178246974945068359e-02
-6.117266044020652771e-02
9.986601024866104126e-02
3.853966593742370605e-01
-3.472144901752471924e-02
-1.417286247014999390e-01
1.905411332845687866e-01
4.180509150028228760e-01
2.803101241588592529e-01
-3.531222045421600342e-02
1.088022142648696899e-01
-7.234784960746765137e-02
-3.161683082580566406e-01
-4.235166311264038086e-02
-3.359021544456481934e-01
-1.059136241674423218e-01
-2.493758648633956909e-01
3.213289976119995117e-01
-2.187948673963546753e-01
2.613195776939392090e-01
-3.725053369998931885e-01
1.262363940477371216e-01
-2.326580137014389038e-02
7.791879028081893921e-02
-1.634889990091323853e-01
-1.433664858341217041e-01
1.664710640907287598e-01
2.022585272789001465e-01
-1.204292103648185730e-01
-2.926038205623626709e-01
-2.968687415122985840e-01
-6.133969873189926147e-02
1.266138255596160889e-01
-2.019435167312622070e-01
1.742271780967712402e-01
1.965005397796630859e-01
-2.983179986476898193e-01
4.212592542171478271e-01
-3.942560553550720215e-01
-3.510914742946624756e-01
-9.261327981948852539e-02
-2.750404477119445801e-01
-3.247998356819152832e-01
7.626111805438995361e-02
-7.529002428054809570e-02
3.052591085433959961e-01
-8.729092776775360107e-03
-2.451505661010742188e-01
-2.695179879665374756e-01
2.108790129423141479e-01
3.468768671154975891e-02
2.019626051187515259e-01
1.379402726888656616e-02
4.242743551731109619e-02
-2.301357984542846680e-01
7.392588257789611816e-02
1.434940844774246216e-01
-5.516778677701950073e-02
1.040731519460678101e-01
-3.243636786937713623e-01
8.995474874973297119e-02
3.424474895000457764e-01
3.155753016471862793e-01
3.491253256797790527e-01
-1.510137766599655151e-01
-3.318468630313873291e-01
3.105731606483459473e-01
1.227131113409996033e-01
-3.781232535839080811e-01
-4.129539728164672852e-01
-2.634446918964385986e-01
7.122521847486495972e-02
2.828950062394142151e-03
-8.420068025588989258e-02
1.884142905473709106e-01
1.326203048229217529e-01
-6.388439238071441650e-02
1.313711106777191162e-01
1.997883170843124390e-01
1.192852854728698730e-02
8.601187914609909058e-02
-2.106438726186752319e-01
1.167767792940139771e-01
8.651525527238845825e-02
-2.792616561055183411e-02
2.091729044914245605e-01
-1.111031770706176758e-01
-4.333066642284393311e-01
-2.195834517478942871e-01
3.851671814918518066e-01
1.388924419879913330e-01
-4.502215981483459473e-02
5.391459912061691284e-03
-1.916902959346771240e-01
3.722225725650787354e-01
-1.670918464660644531e-01
-2.144674211740493774e-01
3.615770861506462097e-02
1.456121653318405151e-01
1.457882225513458252e-01
-1.409939378499984741e-01
7.362417131662368774e-02
4.071743786334991455e-02
7.692366838455200195e-03
2.616276443004608154e-01
-1.566067636013031006e-01
9.585641324520111084e-02
4.301904439926147461e-01
-1.373486667871475220e-01
5.774981528520584106e-02
-1.169291287660598755e-01
1.415560841560363770e-01
-1.748036146163940430e-01
-2.288036793470382690e-01
2.150960713624954224e-01
1.999481618404388428e-01
-7.176637649536132812e-02
-1.366864144802093506e-01
3.714414313435554504e-03
2.585106492042541504e-01
1.689346730709075928e-01
-2.496373802423477173e-01
2.897623367607593536e-02
-1.179583296179771423e-01
-2.305282354354858398e-01
6.293061375617980957e-02
2.336599230766296387e-01
