-9.518560330833300553e-02
4.057835301694896757e-02
6.601747845149782447e-03
1.258088841424639687e-03
-2.451109246107995888e-03
-4.656940197307489482e-02
1.263571911681925231e-01
4.578489356645154551e-02
-3.348456738380430758e-02
2.487007259980882415e-02
9.935397389275567315e-02
-7.433158698631464611e-02
-6.325883757651200485e-03
-2.356461979806481408e-02
-5.168035265455781652e-02
1.600378030302530841e-02
3.707559036191634266e-02
2.117872473791928417e-02
5.910890359291037094e-02
-9.414520173928372579e-03
1.192375559937057100e-01
-1.157759228036643433e-02
-3.788773050433211220e-02
1.939122347162323349e-03
-1.758362464252063995e-02
3.319783484444795846e-02
2.762761543297996558e-02
-4.390486374491667232e-02
3.088527538713268031e-02
-1.117355767907663930e-02
2.382062261023596209e-02
5.951066566462166751e-03
9.239143128281196438e-02
3.067489613514371577e-02
1.144195400118151219e-02
-1.710458034933291099e-02
2.331686388222339174e-02
-3.981055152502506467e-02
6.128067123301595559e-03
1.005420674911497274e-02
-6.313240678719933552e-02
-1.321976246165556534e-01
-2.549702513310651494e-02
-7.367856252345919565e-02
5.216665390764318316e-02
-8.377679712009104959e-04
3.793027460547281765e-02
-1.499729293686007797e-02
-6.880690619508537421e-03
-8.237511547029809089e-02
-2.920817790108827527e-02
-2.029150540728820104e-02
1.190179260096914556e-02
-3.268965306192446463e-02
1.074711066986632491e-01
-2.584888962111642555e-02
2.313508931447023909e-02
9.754428978804087144e-03
2.796202862351310561e-02
6.764568450608032975e-03
5.538719433431777556e-03
-6.990704834292172168e-03
-1.242617258514882306e-01
-2.507763339003716424e-02
1.489121684672828003e-02
7.452441938339044889e-04
-1.626425095622303571e-02
-5.561512295080914964e-02
-8.442367849458029191e-03
1.840868028943182244e-02
9.388352030580088270e-02
-6.876790949485653281e-02
-7.976975103984959570e-02
-4.596005362915221541e-03
3.780347008040887968e-02
1.187634304954262622e-02
-2.927827960861619297e-02
2.211977591599706763e-02
-5.111248434593855527e-02
-8.422005428464118815e-02
3.140539200389515923e-02
3.102507109045985617e-02
-5.765195808544192058e-02
2.224699587460270828e-02
2.182452930557970613e-02
5.304449432415246635e-02
-8.533965540134543989e-03
1.586991649647762764e-02
-3.666260463494731489e-03
3.004815672388600964e-02
5.745587345375782057e-02
1.975317612228293107e-02
3.422890691897891718e-02
-3.762127544602619778e-02
1.426505996904652296e-01
1.116058812188992257e-02
4.783170528353563808e-03
-6.785716797733441774e-02
1.345284137301024086e-01
2.507490913439565719e-02
1.522074676269314156e-02
8.757693644766889607e-02
-6.959831944693160855e-02
6.598621591921267904e-02
-7.579677321266239942e-02
-7.356992124703457111e-04
5.137828150577321284e-02
2.259802640680399349e-02
-1.032960057819924671e-02
-4.211099236895094952e-03
1.196008225108546527e-02
-6.548247572355141155e-02
-7.408384033664888735e-02
-3.462136652251752988e-02
2.613062769179667899e-02
-4.444818595423542101e-02
1.955064377670807929e-02
2.905062666085044681e-03
9.676935334086539386e-02
-5.464025332032904081e-02
-1.830833532894040466e-02
5.836241662152855808e-03
-2.653735411711320019e-02
4.820251446766479937e-03
5.397000612566288380e-02
-2.271097027745607594e-02
5.457252375376787923e-02
2.933984099091875575e-02
-9.407858565816333563e-02
-2.394460481263275056e-03
1.197827329825173516e-02
-2.263510191994778237e-02
-2.976993053377762974e-02
-4.524133043656585786e-04
-7.804174518477649536e-02
3.914505556192415347e-04
1.171275489586792035e-01
-4.014725654966931623e-02
-4.469865377081748414e-02
4.381615401231817031e-04
-6.363294088608523191e-02
-2.715257567203624087e-02
7.500937067051059726e-02
1.325191454680325030e-02
-1.825624243379094652e-02
-7.529067323093524555e-02
2.734000569566195221e-02
1.741591921813150437e-02
4.941612248071492602e-02
-3.310980926448505585e-02
7.255602094034822869e-02
-5.208066997504880169e-02
2.028381139277233430e-02
-3.251977317498246783e-02
1.823039906989924394e-02
-1.221592676608923740e-02
-9.920390817808153947e-03
4.678742273125102713e-02
1.037542212566785055e-01
7.982209875482947081e-02
5.086666506080827349e-02
5.323324014472066712e-02
3.214207150053129125e-02
5.581588391247198355e-02
1.070735877632189859e-01
5.787399650294423707e-03
-1.298735812788830990e-01
-4.314299878286008416e-02
-1.724519765356784251e-02
8.885048580664520190e-02
-1.271852104469495259e-02
1.488787484604334709e-02
-1.604843091476410022e-02
3.299394191541496490e-02
5.300872688613812722e-02
2.848387183767195699e-02
6.162853736623229162e-02
4.801963876937174330e-02
-8.750495061775853678e-02
5.184611835951059844e-02
-2.008517701842149616e-02
-8.806391722030203206e-02
1.115512416698082390e-02
2.991141576979857233e-02
-1.091239669579288640e-02
8.178422998136079813e-02
4.257523240217298693e-02
-1.967089209640801237e-03
-3.869423990067705210e-02
9.254952459432540246e-02
-5.854120825290326513e-02
1.537212595776584791e-03
2.157599348662096045e-02
4.140038634623519759e-02
1.685553180198812173e-02
1.318964275770075079e-02
5.474914941658407669e-02
-5.845324753616992081e-02
-3.181529055000967277e-02
-2.299778003494285308e-02
-8.513247606868142026e-02
3.224941705672732667e-02
3.064809835515992092e-02
-1.119744510772459692e-02
3.766762176790919292e-02
2.484448714447275164e-02
-7.233111232493789899e-02
-1.492737964157040374e-02
-3.670405687172376835e-02
6.328479059014891633e-03
4.171964007340267511e-02
-6.225759332140284180e-02
6.000593734791887651e-02
3.537922231924228028e-02
-7.318254877392856884e-03
3.286788177312835457e-02
4.171033837741129277e-03
8.012908097670930208e-02
-1.903067387439341326e-02
4.377174277678370917e-02
-3.444092937278339650e-02
-7.103125938201253946e-04
1.974301576068119180e-04
-6.745273029740378457e-02
2.450879522169972097e-02
-3.078915734710090113e-02
-4.518409635829249288e-02
3.351098216186117890e-02
-2.327745174845284939e-02
-2.669684044369956266e-02
-4.701631580219145512e-02
-3.994729865656293510e-02
6.816456717711856343e-03
-2.367690422588303659e-02
1.230133851233715034e-03
-4.530649636119680329e-02
6.416267579317383452e-02
3.958065075748255085e-03
-3.249596836973406809e-03
2.040879820304599551e-02
-6.768818382070539152e-02
-2.758385437410370775e-02
-4.877074261277185990e-02
6.705636036774029196e-02
-7.123284194458312513e-02
3.597151008942815753e-02
3.658240125159677864e-02
3.734476658713854064e-02
-5.351574113052955106e-02
6.630714064672262043e-02
-1.836489297639121859e-02
5.358247612757080502e-02
-1.646022284943671199e-02
-4.029589527329312942e-02
-1.182459609161748589e-02
2.896218873607105115e-02
-6.867164010728911416e-02
-5.805756948095506381e-02
-6.389254206313432771e-02
-2.253981783572462511e-02
5.134911467354788539e-02
-5.266288077921379464e-03
4.113895896040146820e-03
7.112878279201811926e-02
5.270776150098126223e-02
9.603749225556798552e-02
-1.050676754010974878e-02
1.700308947178593919e-02
-2.987242679138277582e-02
-5.248448990993600377e-02
-2.205501924745738654e-02
-1.138648543824225673e-01
-1.281904484237644248e-01
-6.726959360182988013e-02
7.493461116535525546e-02
-3.528053137110463786e-03
4.793128578453581708e-03
-8.837675566519354042e-02
6.263381240774980319e-02
-7.494152373239118883e-03
7.308384701525265370e-02
-3.064494476671323492e-02
-2.422026658862961451e-02
1.211914310577316689e-02
6.167747203984723543e-03
-5.768495184821127719e-02
4.506867069692845063e-02
5.934510613207713168e-04
-3.437496037959598960e-02
-5.125861502468605918e-02
9.509579553391982187e-03
3.720779397865982274e-02
1.507509916056959665e-01
-1.803226043594575306e-02
3.283666402735884587e-02
-2.525200737217007593e-02
-7.364759496443228082e-02
-1.031649419048541183e-01
-1.238383481085261750e-01
-3.310761935830611180e-02
-3.669527871465669278e-02
-3.766283424382264877e-02
-2.673480087661805546e-02
-1.570639938348291492e-02
-7.230399949498196588e-02
1.427656863642366844e-03
6.610339597650004284e-02
-1.732128067747872729e-02
9.726821952813403949e-02
-8.747001713555282998e-02
-7.914877518984704541e-02
-5.491276536878573339e-02
6.038705515246019923e-02
6.837087240054613713e-02
-9.536978090430508342e-03
3.573766270323945615e-02
-9.157137473766469027e-02
8.168648418313959048e-02
3.822446950495374945e-02
4.404575594569592328e-02
1.847168873949860818e-02
-2.575386807853672494e-02
3.771453564305083262e-03
5.728758734902786309e-02
9.863248474673737276e-02
-6.702491096757949574e-02
-1.411936603604472054e-02
-8.021495989264630644e-02
-2.701889564463897525e-02
-3.585135867848190938e-02
3.267403337850145056e-02
2.027723086369724592e-02
-7.195690708743250619e-02
-2.156221159470213949e-02
-5.844849939332989047e-03
3.663674428306691599e-02
2.132501757474068727e-02
8.603794204353268360e-02
-6.468012992879915157e-02
8.442588075566011263e-02
4.052918668894273796e-02
4.438658441850504288e-02
-4.605434159949284983e-02
-1.019942779828603152e-02
-2.985222035101232907e-02
-5.217461895779685298e-03
1.963403318012007723e-02
4.121994610777584417e-02
-5.094775336393350673e-02
-8.692500539354029720e-02
-4.005477085049287400e-02
1.238946123270813632e-01
-3.232854788024621100e-03
-6.470891684782277553e-02
-6.000623386553972233e-02
6.233230958440515168e-02
2.290402023661435027e-02
-7.029542465172329210e-03
-7.712655590294172081e-02
-1.961718881714847392e-04
1.643690142968479151e-02
-5.967181758628136573e-02
-9.244234582929108934e-02
2.232660931143676947e-02
-2.967982006429316019e-02
-1.479087188623686051e-02
-2.539116293719600407e-03
1.432724187624520411e-02
1.277655046971172895e-02
5.324524910836486019e-02
-2.205703618502417168e-02
3.368834294127905776e-02
1.982657813270535113e-02
-1.300222045588808302e-03
3.170354973782966296e-02
1.937882571469233539e-02
7.641504951682517865e-02
1.662858308357187745e-02
-1.147182444501130549e-01
4.386058686892915087e-02
-1.057831245449536960e-02
7.632513363702938917e-03
7.647232683725158076e-02
8.878996223601559688e-04
