-1.012623852634157717e-02
7.443047069802806448e-02
8.376478052017998985e-03
-3.152616475394159207e-02
3.089556219876278889e-02
-8.621851310271195059e-04
6.603821316316152434e-02
1.131745413770953758e-02
3.643186956633878704e-02
6.592545859416233667e-02
6.160056754825418701e-02
-4.865529849225896236e-02
-1.280361144232733672e-01
-5.657458553415548388e-03
-6.148094937305352906e-03
1.350659598384369720e-02
1.224724764747976875e-02
7.133935510645286748e-02
3.109266154467886165e-02
3.007474248045531942e-02
1.127045502146687833e-01
2.414856034257222006e-02
-3.501819491546229873e-02
-4.761165527951900789e-02
8.975140556108336665e-02
-4.405703794620209612e-02
-2.346915974995327295e-02
-3.079781397279773153e-02
2.280288838059019163e-02
-2.395070731802698485e-02
1.664881222491504040e-02
-4.048219867220138185e-02
1.997427410179531890e-02
4.346322410795935842e-02
5.248667864875446870e-02
2.977697219238787177e-02
-8.218391305753609821e-02
-3.685589340918123125e-02
5.893778910585451003e-02
1.194904036734329850e-01
1.717809277283558270e-02
-6.251994224711567016e-02
-1.055079525182041206e-01
-1.039872696555761283e-01
-3.545388485426879260e-02
-5.061722657748584514e-02
-1.910053588236855851e-02
1.949993247986378520e-02
2.047225044862580057e-02
3.834569314000024071e-02
-1.154972939906321466e-01
-3.837092545128917287e-02
1.499718743106305714e-02
-7.533451352130198083e-04
5.369025742035851700e-02
-9.945049230135162566e-02
-1.703795631617556136e-02
4.836546129098295843e-02
2.494605494574623442e-03
-3.534694033366905103e-02
4.176951361638327198e-02
-4.803934755578296266e-03
-1.615312628266979411e-01
-1.449078085261766742e-03
1.260400478807031238e-02
-7.012872784738737042e-02
-7.552210873201653518e-02
-4.452050872696725579e-03
-2.440986744625704696e-02
-3.018844533993626442e-02
1.014156898657021938e-01
-6.434845859978920168e-02
6.480888724345847595e-04
-4.557256890233216118e-02
-2.768249574355371653e-02
4.948941373849633646e-03
1.501820728034252914e-02
8.646945712524581329e-02
6.981869170501013404e-03
-3.533435071600447841e-02
-3.618472666712592434e-02
7.994122729855633602e-02
-3.563564524780265391e-02
-4.901458735613196255e-04
-1.469143805703900310e-02
1.881359485929897518e-02
1.128396143787705787e-02
6.458915453908500859e-02
9.065013017318532262e-02
-6.904236202540571521e-02
8.448556974625100191e-02
3.339691541702665550e-02
7.516140450921553195e-02
-2.897451852536987379e-02
1.571606203034421612e-01
7.796629914157576779e-02
2.795191285389598754e-02
-2.947464179477426744e-03
-3.711997461636493828e-02
1.936889147351483070e-02
2.967428082536677225e-02
4.076554291439517946e-02
-3.809704996032369645e-02
1.022337248653188146e-01
-9.805765173389531519e-02
1.540734517940774238e-03
3.791174409267519113e-02
-9.290571692879381546e-03
-4.257702188397289450e-03
2.813440392647643257e-02
-2.197226553250765727e-02
3.234993549561394205e-02
-1.040663457588835439e-01
4.577354810090961817e-03
-3.029074394485484212e-02
4.659294361429578563e-02
8.845101623880406716e-03
-3.799242308996855777e-02
-7.983402801334955542e-03
-7.473004556872872572e-02
2.470651429317539602e-02
-4.675067121323219638e-02
-1.846460627002449728e-02
2.666084367015757184e-02
-4.256931879300725197e-02
2.940426926427473775e-02
8.764980985684137083e-02
-7.654508770440767796e-04
-1.298654003773640035e-02
1.482969827852009120e-02
2.179875668152403759e-02
-1.182089023160478453e-02
6.176790012671574438e-03
-3.702803643879933049e-02
-5.207446597616619682e-02
-2.399314331708576886e-02
6.157333604247945680e-02
-1.039379868577031407e-01
-1.570546948412705757e-01
-6.787414599661777126e-02
-3.038383210154945585e-02
1.190577815251029291e-04
-2.035761699064969621e-02
3.339571236193785569e-02
7.299062606057284130e-02
3.644715190436387947e-02
8.140008020641460729e-02
-4.844284869416939075e-04
3.507735691865273425e-02
-2.499341639387446176e-02
-4.260657103999223455e-02
-2.698156046484523687e-02
-9.984234680495926786e-03
5.587917015526620151e-02
6.429522695050708669e-02
-8.076748553354463900e-02
-6.118139484813747003e-02
3.935325885366545290e-02
9.069703516805927013e-02
2.912153362641997645e-02
3.964072179033974186e-02
8.111134698510244490e-02
1.940558819212057431e-02
8.879632135646842173e-02
1.665746183716378462e-02
6.180720287494766499e-03
-1.316651371754352928e-01
-2.124250116163445973e-02
6.736065554673773340e-03
9.265560177583215262e-02
-1.537412228237091186e-02
-1.512083318701320719e-02
1.033986572613937970e-02
-1.627722212275904690e-02
3.783717944595078875e-02
1.280063795013947417e-02
8.205614153031082214e-02
4.725420284385508513e-02
-1.544198697376989067e-02
3.063994483796852325e-02
-1.935531995059396396e-02
-7.913223113489365954e-03
7.507868385666852107e-02
-1.161415582978634654e-02
-2.838185289705747599e-02
4.475326007968033482e-02
-1.592967366119380987e-02
-2.960483712416374022e-03
-1.307760157736598261e-02
-3.934151579755970109e-03
-2.745885311014164762e-02
5.880265063540899423e-02
-3.441106210740741030e-03
3.641642092363965577e-02
-2.483574540929517002e-02
3.295631418274000413e-02
3.632607502486804446e-02
-5.333540924512211040e-02
-3.216409532997011045e-02
5.242874712323206295e-03
-4.471800348878383902e-02
7.965653492698361593e-02
1.092315637075243206e-02
-3.025737331972990635e-02
9.173976547429066319e-02
4.851739299510920284e-02
4.684811159863041391e-02
-4.677514276909732621e-02
-2.296728585847480561e-02
4.612684468892119805e-02
6.899594532936192959e-02
-6.677412196098089781e-03
2.744108150960193615e-02
7.051715364399194046e-03
2.566372330538100460e-02
5.615165505608492313e-02
5.248639911536619185e-02
1.139223462667045966e-01
-5.341199785511355907e-02
3.921635826135457664e-02
-8.097288242117611778e-02
-3.802666062243689749e-02
4.334226753397241172e-02
-3.672120785359267447e-02
2.873251160986699596e-02
5.967409774257104735e-04
-9.911841371286943259e-02
-1.638304143301102730e-02
-2.024813543917151210e-02
2.248322425910523076e-03
-2.800801414340462273e-02
2.896067808425268481e-02
3.765587196727388647e-02
4.302962890036630961e-02
1.329588176963958715e-02
-7.910905286324898533e-02
5.595866732785469144e-02
1.923078782611515464e-02
-2.309922738694170086e-02
2.993814309421630702e-03
1.716996330499287807e-02
2.533535826488615694e-02
-3.951924507194674863e-02
-1.198271175624043665e-02
-5.525142308672464919e-02
9.070195884793005869e-03
4.049119327818882091e-02
2.719010475689285361e-02
-1.186239350913001617e-01
3.714962992430387995e-02
4.656376952839236943e-02
-3.789307904681218225e-02
-4.934995311572443893e-02
-3.126133340652603732e-02
-6.280966621967743607e-03
2.987358813121052462e-02
-1.313101934634712531e-01
6.212751629234084839e-03
-4.845600180160716808e-02
-8.476744732275566171e-03
4.703890198212491713e-02
7.482392632642301256e-02
-2.277107641948471206e-02
7.671133576409065735e-02
9.711379132557941551e-02
3.167342931200275297e-02
1.342928288700098206e-02
-3.433566991800979327e-03
-2.334966807245680148e-02
-1.113230962097882387e-01
6.173874373279892441e-03
-1.257743283955602420e-01
-5.470957768992077558e-02
-9.210276257855502802e-02
3.700210352484103321e-02
-3.331854345478593021e-02
1.779558733514243277e-02
-5.945007119304976384e-02
3.984109415377681124e-02
-2.271746262329204374e-02
3.712020815058805767e-02
-7.588075360757730314e-02
-5.416219116291378505e-02
7.913237267078645706e-03
-1.049786578166943089e-02
-1.407827537765116328e-02
1.199947314434528754e-02
-1.369133216952368205e-02
2.154216272306945165e-02
4.467736853396093305e-02
-2.936385545928433399e-02
1.783166483421717461e-03
5.121209485812994178e-02
-1.639527367254627402e-02
4.487353728138184644e-02
-9.049386747073939752e-02
-6.392900282788688271e-02
5.543234488009366606e-02
-3.856898370287896449e-02
-8.868409754706724213e-02
-4.233117403817915347e-02
-5.338826936268561973e-02
7.499562351797879611e-02
-5.461383927363348129e-02
-7.099925143284890883e-02
-5.752508397584370214e-02
-1.874492164411237574e-02
-2.824229673755793493e-02
9.345736722457140266e-02
-6.705704778769160969e-03
8.168527326120810991e-03
-6.438060140104409634e-02
-5.253914511961613014e-03
6.256446236219594115e-02
6.032116003748317322e-03
-6.154334900979176702e-03
-5.900884366243747126e-02
2.006171497636720716e-02
6.470626133678780700e-02
2.582135890598709349e-02
1.230422292112644082e-02
-4.626758355772494710e-03
-7.982809765944122449e-02
1.460362034315253361e-02
-5.265736739707404732e-03
-5.497332274935908675e-02
-3.809326741358861484e-02
-7.411667854689564516e-02
-2.529180590147291074e-02
6.976287171808844001e-02
-5.923137346989239618e-03
3.275302617991125015e-02
1.053350363487716044e-03
1.937515974436721661e-02
1.149685088183364026e-02
2.238932580942433470e-02
5.207021282258755129e-02
5.223308525122724588e-02
-6.585989209182270543e-02
-4.351625406859423173e-02
6.050613418038292175e-03
4.027318554250886029e-02
1.767845223026108872e-02
-4.130073966263476948e-02
-3.925508602002199948e-02
-4.993391959422561338e-02
1.926735893161603264e-02
8.319502424531595441e-02
6.064960203811972650e-02
-9.517812876365890074e-03
-1.957549672383109007e-02
1.365495832967339174e-01
1.223445457196930056e-02
-5.135392443790758044e-02
-1.762716669950497791e-02
8.974754693880591591e-03
-1.720947083796969378e-03
-2.281142476412469783e-02
-2.406799811239041312e-02
1.247425795054114828e-02
-2.898597408669337933e-02
7.712378550929936682e-02
-3.071894663493220795e-02
8.278824478181253874e-03
7.528006820173911706e-02
-2.574427138197352832e-02
-1.741108739036441311e-02
-9.407754566124547357e-03
4.386930119959474988e-02
-3.537656379603210804e-02
-7.210035114127105738e-02
1.761867100753965187e-02
7.997559221332820045e-02
-2.945502580463150652e-02
-6.977827082322508867e-02
-1.001397402537121395e-02
5.748026663538855635e-02
-1.225172504698856558e-03
-2.336000903862450739e-02
-1.509465612363983245e-02
1.567690028724549487e-03
-1.091019309833087397e-01
1.568714837048355154e-02
5.526528298902709524e-02
