4.254757771106513764e-01
-1.053605641676710197e-01
1.738151391627669115e-02
2.413938420614285610e-03
-5.775387296659720282e-02
-2.826106562042187687e-01
-1.581617660258969049e-01
-3.834243386778975471e-01
-4.374656741348800781e-01
-2.221570487955600026e-01
2.581247972004713787e-01
2.352041411049080044e-01
-1.403187442727656664e-01
-2.818498307005307124e-01
-7.001542948994712856e-02
1.892989693579804344e-01
1.451090444978345162e-01
-1.196340897501325107e-01
1.186984015575679730e-01
-1.803725690576959972e-02
