7.861943462429267504e-02
-2.437120614686206777e-01
-2.564090229404007437e-01
2.657722919940320172e-01
2.340564619515328182e-01
-7.729950837074858749e-02
1.786808382322321032e-01
8.877282443756810693e-02
-3.205949426722064510e-01
2.517271633866363309e-02
-1.280352298337340822e-01
2.755849807783615213e-01
-1.054173313867651507e-01
-4.978949848612503337e-01
-1.216995858624219939e-01
1.408944561925777050e-01
3.208068464584706292e-01
-2.174929237899047851e-01
1.376047054004264081e-01
-1.972141191044859687e-01
