4.600116121579785333e-01
1.427987620425959781e-01
-2.261588038005420825e-02
1.607213364332595873e-01
1.899154113566730584e-01
-9.341745039981910748e-02
-9.181764654743596391e-03
5.434921134550073363e-02
-3.476101580382709444e-02
-5.117180717066553697e-02
-4.359661521141031115e-01
1.797479939245626712e-01
-1.826961053356108422e-01
9.362301053620923630e-03
2.988853810630495711e-01
6.654347046248432207e-02
3.662995518140896301e-01
-1.902506889699979720e-01
-4.116826184929855970e-01
2.324179860737324646e-02
