-3.394623994827270508e-01
2.242244035005569458e-01
-1.658140718936920166e-01
-1.170066930353641510e-02
6.656412035226821899e-02
-3.139416277408599854e-01
2.463530898094177246e-01
-5.173048377037048340e-02
5.897357314825057983e-02
2.165464460849761963e-01
3.698987960815429688e-01
-1.011361852288246155e-01
-1.448282003402709961e-01
-8.770756423473358154e-02
-3.326036930084228516e-01
-1.964787840843200684e-01
8.536753058433532715e-02
-9.923374280333518982e-03
8.495298773050308228e-02
2.109874635934829712e-01
1.777308881282806396e-01
9.170011430978775024e-02
-3.058975636959075928e-01
4.380283504724502563e-02
-1.323074549436569214e-01
9.303924441337585449e-02
-3.699214458465576172e-01
-1.713913083076477051e-01
3.071646690368652344e-01
-1.006831675767898560e-01
1.727826893329620361e-01
2.138085290789604187e-02
7.358939945697784424e-02
3.539347648620605469e-02
2.942486703395843506e-01
-2.364960759878158569e-01
-4.709235578775405884e-02
-3.489485755562782288e-02
2.005819976329803467e-01
2.154448069632053375e-02
-3.388183936476707458e-02
-1.759319603443145752e-01
-2.547302842140197754e-01
-1.269080936908721924e-01
7.143250107765197754e-02
6.426120176911354065e-03
-1.992757432162761688e-02
2.402811944484710693e-01
-1.587475687265396118e-01
-2.829608321189880371e-01
-2.374287992715835571e-01
-1.008417364209890366e-02
-4.573473334312438965e-02
-3.313774764537811279e-01
8.030868321657180786e-02
-3.511624038219451904e-01
1.268934905529022217e-01
1.326569020748138428e-01
-3.964994102716445923e-03
-6.958756595849990845e-02
1.909855306148529053e-01
1.039187684655189514e-01
-4.916784465312957764e-01
1.278969049453735352e-01
1.562651991844177246e-01
4.434375092387199402e-02
-2.624064385890960693e-01
-8.988425880670547485e-02
2.377446442842483521e-01
1.681219339370727539e-01
4.269123971462249756e-01
-2.688815295696258545e-01
-3.240103721618652344e-01
-5.508304387331008911e-02
1.583136320114135742e-01
-3.349177166819572449e-02
5.020210519433021545e-02
3.604948222637176514e-01
-5.258820950984954834e-02
-3.762928843498229980e-01
6.001481041312217712e-02
7.771876454353332520e-02
-3.845176100730895996e-02
8.732207864522933960e-02
-9.765835106372833252e-02
8.296365290880203247e-02
1.692184507846832275e-01
1.839921027421951294e-01
3.495453000068664551e-01
-1.117119044065475464e-01
3.920323848724365234e-01
-1.171876192092895508e-01
3.707897365093231201e-01
-7.341754436492919922e-02
-4.306820034980773926e-02
2.993589341640472412e-01
8.553712069988250732e-02
-1.643474847078323364e-01
4.236658811569213867e-01
8.833892643451690674e-03
1.219976991415023804e-01
-9.437721967697143555e-02
-3.060782849788665771e-01
6.220393814146518707e-03
-3.288678526878356934e-01
4.843983054161071777e-02
2.966586351394653320e-01
2.897003665566444397e-03
1.656841933727264404e-01
1.587552428245544434e-01
-1.000771895051002502e-01
-9.697020053863525391e-02
-1.727420389652252197e-01
-1.344266533851623535e-01
-9.990329295396804810e-02
-1.418565586209297180e-02
-9.462799876928329468e-02
-1.806152313947677612e-01
2.895922362804412842e-01
-2.399573326110839844e-01
7.473159581422805786e-02
2.260896191000938416e-02
-6.301822513341903687e-02
-1.865245848894119263e-01
5.552787780761718750e-01
-4.474343731999397278e-02
1.110244691371917725e-01
1.896732598543167114e-01
-2.475897669792175293e-01
-1.244810968637466431e-01
1.480194926261901855e-01
-1.317859143018722534e-01
-9.017407894134521484e-02
-8.805307000875473022e-02
-3.381594270467758179e-02
-5.957611277699470520e-02
2.434752881526947021e-01
-2.966932356357574463e-01
-1.048047170042991638e-01
-1.674887537956237793e-01
-5.482262372970581055e-01
-2.195028960704803467e-02
1.549128592014312744e-01
1.107116937637329102e-01
2.698268927633762360e-02
-6.908401101827621460e-02
-8.911041170358657837e-02
3.758385777473449707e-03
1.981325596570968628e-01
1.557926833629608154e-02
3.239165246486663818e-02
-1.968922317028045654e-01
3.500015139579772949e-01
4.459577798843383789e-01
1.608704030513763428e-01
-1.062223836779594421e-01
-7.602655887603759766e-02
1.091752052307128906e-01
4.150422513484954834e-01
2.959356456995010376e-02
-2.985573112964630127e-01
3.683060705661773682e-01
-2.398881316184997559e-02
2.765490114688873291e-01
1.370928250253200531e-02
8.040371537208557129e-02
-3.702961802482604980e-01
-1.387399435043334961e-01
-2.777741663157939911e-02
3.728109300136566162e-01
1.523728370666503906e-01
7.593584246933460236e-03
6.823217123746871948e-02
-2.144064903259277344e-01
2.751740813255310059e-01
1.088490616530179977e-02
2.260919809341430664e-01
2.515636086463928223e-01
-1.970511823892593384e-01
2.469099611043930054e-01
-2.154128700494766235e-01
-9.608440846204757690e-02
9.500439465045928955e-02
8.763609826564788818e-02
9.883591532707214355e-02
2.670047879219055176e-01
6.972271949052810669e-02
-1.006569191813468933e-01
-1.479118317365646362e-01
1.803344190120697021e-01
1.725075244903564453e-01
5.751572549343109131e-02
-1.414526402950286865e-01
6.083036214113235474e-02
-2.697841525077819824e-01
-2.796188555657863617e-02
2.792667746543884277e-01
-1.140153780579566956e-01
-1.901052892208099365e-01
-9.056232869625091553e-02
-4.381086677312850952e-02
4.326137900352478027e-02
1.265115104615688324e-02
-1.847364604473114014e-01
1.768356114625930786e-01
2.127419263124465942e-01
-1.292670518159866333e-01
-9.551128745079040527e-02
-2.593330144882202148e-01
1.930046677589416504e-01
1.676992774009704590e-01
-1.276035904884338379e-01
-2.113328129053115845e-02
-1.967252939939498901e-01
-1.312833651900291443e-02
3.052546381950378418e-01
1.466419994831085205e-01
2.595049515366554260e-02
-2.577316761016845703e-02
-8.867209404706954956e-02
-3.166747689247131348e-01
-1.113632693886756897e-01
7.233756780624389648e-02
-2.471909821033477783e-01
1.071242243051528931e-01
-1.011440530419349670e-01
9.314119070768356323e-02
-5.640980228781700134e-02
-3.522329926490783691e-01
-1.598508059978485107e-01
-2.259133905172348022e-01
-1.197397261857986450e-01
3.136556148529052734e-01
2.136363834142684937e-01
8.905839920043945312e-02
7.574202865362167358e-02
2.242831587791442871e-01
4.417927190661430359e-02
4.526410251855850220e-03
3.438557684421539307e-01
-2.890214323997497559e-02
-1.988384723663330078e-01
-1.733358204364776611e-01
-6.145348027348518372e-02
-4.148867428302764893e-01
-2.299456112086772919e-02
2.697556614875793457e-01
-1.899044960737228394e-02
-2.877637147903442383e-01
4.494807124137878418e-02
-1.565834730863571167e-01
-1.711971759796142578e-01
2.347674667835235596e-01
-8.973341435194015503e-02
1.196875423192977905e-01
-3.172936290502548218e-02
-2.967514395713806152e-01
6.459715217351913452e-02
-3.273349106311798096e-01
-1.594602316617965698e-01
3.186134696006774902e-01
6.183220073580741882e-02
-1.879435032606124878e-01
3.218520879745483398e-01
4.180968403816223145e-01
3.294973075389862061e-01
-1.193467900156974792e-01
5.028371512889862061e-02
-1.137328892946243286e-01
-2.346511334180831909e-01
8.771083503961563110e-02
-3.555448651313781738e-01
7.147660851478576660e-02
-1.700829863548278809e-01
-8.696856908500194550e-03
-2.578665018081665039e-01
2.444603741168975830e-01
-3.111211955547332764e-01
4.223651811480522156e-02
2.347630448639392853e-03
3.506633937358856201e-01
-1.556494832038879395e-02
-2.696351110935211182e-01
5.398044362664222717e-02
5.675204992294311523e-01
-1.664641648530960083e-01
3.598533198237419128e-02
-5.083163827657699585e-02
-1.762096583843231201e-01
2.144763246178627014e-02
-1.314015090465545654e-01
3.739038705825805664e-01
4.643795490264892578e-01
-2.800512313842773438e-01
1.852830648422241211e-01
-3.529352843761444092e-01
1.690601557493209839e-02
-1.307084560394287109e-01
1.591061055660247803e-02
-7.874326780438423157e-03
-1.654475778341293335e-01
-2.926015257835388184e-01
2.071122825145721436e-01
1.762849092483520508e-02
-2.273978143930435181e-01
-9.299622476100921631e-02
4.278239980340003967e-02
1.487942039966583252e-01
1.805149316787719727e-01
-2.707942128181457520e-01
-2.094254493713378906e-01
-2.274141162633895874e-01
3.594957292079925537e-02
2.605633139610290527e-01
-5.253285169601440430e-02
2.378558367490768433e-01
-1.526839006692171097e-02
3.740523755550384521e-01
1.761445701122283936e-01
1.447938978672027588e-01
7.833654433488845825e-02
-1.376252472400665283e-01
1.301306635141372681e-01
2.041306942701339722e-01
-1.975188404321670532e-02
-2.735692560672760010e-01
-5.043671727180480957e-01
-2.161600142717361450e-01
-1.960358917713165283e-01
1.844144314527511597e-01
-9.770303219556808472e-02
3.273037448525428772e-02
-1.007226947695016861e-02
-5.953583866357803345e-03
-1.476680207997560501e-02
7.039355486631393433e-02
1.722893416881561279e-01
3.396887481212615967e-01
-2.475563287734985352e-01
-1.749784946441650391e-01
-9.124967455863952637e-02
-3.261584416031837463e-02
3.456658720970153809e-01
-1.443364620208740234e-01
-3.308176398277282715e-01
8.593685179948806763e-02
-6.203490495681762695e-02
-8.810557425022125244e-02
6.603237241506576538e-02
9.674070030450820923e-02
-9.576044231653213501e-02
4.008039534091949463e-01
-1.066215261816978455e-01
-7.619713246822357178e-02
-6.596569716930389404e-02
1.119156181812286377e-01
-8.628328144550323486e-02
1.969095021486282349e-01
5.049660056829452515e-02
1.296903043985366821e-01
2.201996445655822754e-01
4.544317722320556641e-02
-4.263449013233184814e-01
2.155451625585556030e-01
1.364621818065643311e-01
-3.754638135433197021e-02
-2.545099854469299316e-01
-3.518714010715484619e-02
5.572814494371414185e-03
-1.114887967705726624e-01
1.036991737782955170e-02
2.340545877814292908e-02
1.747480481863021851e-01
-1.110335439443588257e-01
-3.261105157434940338e-03
-2.616075053811073303e-02
2.847533226013183594e-01
-1.192179322242736816e-01
-1.567573249340057373e-01
3.923369199037551880e-02
-7.474939525127410889e-02
-1.037338376045227051e-02
2.361820191144943237e-01
2.018904089927673340e-01
