1.738660465698627366e-01
-1.612530958579752871e-01
-1.111179884464542356e-01
6.054268009926344618e-02
3.218493717663429288e-01
8.753013568510847886e-02
3.104780883528789406e-02
2.335659257300694847e-01
-4.863741793014227932e-01
-3.752838333528712433e-01
-2.755312418333449864e-01
1.792827213591409174e-01
-1.900044491287433690e-01
-1.101754432381520793e-01
-2.899380024391675637e-01
6.031987320083731507e-02
2.285445128266887505e-01
-1.981805759449639381e-01
-9.791922468210822322e-03
2.190557856266390491e-01
