-3.440606526182930086e-02
1.239389005139718836e-01
-1.461074951841786866e-02
-7.135017628770631837e-02
-9.947455953854957011e-02
-8.670414232112109987e-02
6.802578627327084126e-02
-5.824613298292585783e-02
4.394766604485632333e-02
-2.918279854807061258e-02
1.301312877937259860e-01
-8.172488930066704182e-02
-2.783417966708021801e-02
-2.474711525586254304e-02
-2.515036959816206036e-02
-8.878673401536239795e-02
-1.483337248457061198e-02
1.446408202089385642e-01
-1.088871505838492036e-02
1.223094705659770812e-02
6.305896503002565712e-02
-8.718411652608537565e-02
1.174058871176178812e-02
-1.644704807401685745e-02
3.183184027874965544e-02
4.937855545767743520e-02
3.584759622358938552e-02
3.522131682842031403e-02
8.526926796934901354e-02
1.412332740825421144e-02
4.052865543883307775e-02
2.266240724043203092e-02
4.769817711610404264e-03
5.870251428473404615e-02
2.738912833902201749e-02
-2.057384720563615321e-02
-1.596734717354693009e-02
-3.105823115925036501e-02
6.736441229156572841e-02
6.848554453113485374e-02
-4.032479890432104364e-02
-2.969459054746590582e-02
-1.818160151929844662e-02
6.954286517947122319e-03
4.825245508614822709e-02
-1.810226451569043118e-02
-1.921324299247476400e-02
2.168307853693567447e-02
-3.032261279537904614e-02
-2.214426341564191408e-02
-6.601085389688690630e-02
-1.295320068760404640e-02
-1.836497023312945107e-02
-7.906370483732287624e-02
7.377815617895164269e-02
-1.504740596266747610e-01
6.811718158564257497e-02
2.580749090469856843e-02
-3.020387844809099484e-02
-3.855852782855924421e-02
2.196028942536530984e-02
1.455504977628700736e-02
-8.082475880216115349e-02
5.984551088385101775e-02
-4.997963646465033299e-02
-4.229587377938680975e-02
-1.823495456315323004e-02
-4.140363047655027523e-02
-5.088948644366857003e-03
4.152984850187728567e-03
7.290229397481300111e-02
3.954248303339774791e-04
-6.870730179456989439e-02
4.060285975541896158e-02
-3.701778590443720318e-02
-7.207884899704587733e-02
7.510895160035251095e-02
8.503476985137116417e-02
-9.243639930547961625e-02
-5.931733206210350329e-02
8.571886101711956307e-02
4.155721043141091808e-02
-1.888229128260935849e-02
2.825072719656556916e-02
2.612929478402802042e-02
2.687787722496108589e-02
-4.002622447609759798e-02
-1.332579055182042324e-02
7.562649587235135973e-02
-3.182023270776456608e-02
-1.394497261561794890e-02
4.528163809441139442e-02
1.401087047885466938e-02
-3.222844945836984137e-02
8.141843912408290584e-02
8.550301056495504190e-03
1.274277053609182940e-02
6.251238609051467353e-03
-1.643645072802134635e-02
2.547915061212209509e-02
4.345530585191782064e-02
-9.265208377166852041e-04
-3.430675699734370837e-02
1.083833015857530030e-01
-1.610587964116901374e-02
-8.681668224350845217e-03
2.031328070400367780e-02
-4.784476204991432169e-02
-1.079054508565458620e-02
-7.540084652397062437e-03
-3.347337861748357624e-02
-5.801164058860233674e-02
-1.065168636973558292e-01
5.307909187203977558e-03
-2.226872571000261189e-02
-6.856279096999813583e-02
4.705557314332360630e-02
-4.164346590219261679e-02
-1.957818605450372534e-02
7.932311802260746947e-02
-3.943266435091681565e-02
-3.864076529399994991e-02
-9.802166712294066442e-02
-8.418332904935314125e-04
3.710784474352244594e-02
7.145978140633499516e-03
3.283821611079139335e-02
2.717819164410142582e-02
-8.543823596888096283e-02
2.591304653788742765e-02
3.184523935354063168e-02
-7.707458614197580313e-03
4.128297011957954288e-02
-9.684541895398253442e-03
-7.205488405635822324e-02
-1.511014551344385705e-02
-3.276788384636103446e-02
-8.667504326249772517e-02
-8.733500350158286685e-02
-1.090140025038934812e-01
-1.055909252414674177e-01
-3.637432696079093836e-02
7.748604248093293734e-02
6.512877580414382084e-02
8.088986537018648393e-02
1.709175334339389438e-02
3.850951331468803474e-02
2.754401614889749952e-02
3.204881542899040009e-02
1.980027743626039307e-03
4.255274852397521179e-02
-3.512606377302886912e-02
5.865025732068382402e-02
-8.719550230546510225e-03
1.807260024620178582e-02
-4.097354364274281846e-02
-2.498011663823259884e-02
6.201819289727637796e-02
-2.147346078661019168e-03
-9.268986704482696029e-03
2.918062355942449212e-02
4.501197384421836561e-02
-4.278078749803951308e-02
6.727542663766770958e-02
7.642210671910246167e-02
2.586269268890255615e-02
-9.301329214924591859e-02
2.099708282520832553e-02
9.009204343493689912e-03
7.988045313952167603e-02
-6.117510433784218229e-03
7.651361078090651580e-02
4.000911933512672769e-02
1.899957754535144122e-02
4.776657120808626249e-03
-6.177367266056338346e-02
3.909356358819637139e-02
2.410632925878927052e-02
-6.402905003177600252e-02
8.848256185320235723e-02
-2.485647711918211045e-02
-1.129340746883533003e-02
1.604193354405946889e-02
4.704981514706571555e-02
1.743262700804364476e-02
6.568556717389649469e-02
-3.432753672439566028e-02
-7.680185401306088150e-03
-6.339298032587220577e-02
-3.780587300756903246e-02
-5.112567232421753871e-02
2.091063418109292624e-03
1.614575634089934417e-02
-4.787498294478673838e-02
-2.442812169081005555e-02
-5.349006241583548205e-02
8.372002355671694096e-02
1.400258835103641332e-02
-5.599409250218873035e-02
-3.934817748932367687e-02
-3.214749981515381549e-02
2.634294019836118123e-03
-3.758898943579759566e-02
2.770705515799839515e-03
3.723882484925359476e-02
-4.919901229131050900e-03
2.937600908552531753e-02
-1.517002638506416944e-02
-4.936351369409320428e-02
9.071416888797460831e-02
4.092681859060437466e-02
2.604704300945148363e-02
-1.253675046024233831e-02
4.997319162987261254e-02
1.768172903004932781e-02
1.439598083692207250e-02
3.149400730546372817e-02
8.015151396137168427e-02
1.504881441090719736e-03
3.458473771728098195e-02
-5.948433684819961348e-02
-8.490095081309138869e-02
3.465081998950570873e-04
-2.867396567796490908e-02
-6.563908537706715507e-02
6.313820902425078263e-02
-5.433510846505118508e-02
6.370195463401670533e-02
-3.117150227847862234e-02
-4.834376454370498816e-02
-7.865582578232317712e-02
-1.377518327168937009e-03
8.870641969777720570e-02
3.196567648799242267e-02
1.876747048397074333e-02
-1.316600644184671987e-01
9.819464740415928539e-02
1.518481344603062749e-02
7.969544746055174517e-03
9.044285050167966133e-02
-3.688966476404484385e-02
6.946235482672516448e-02
-3.517846096661022409e-02
5.478883327579259221e-03
-5.742462260032291099e-02
3.996488693444982115e-02
2.779488678009173902e-02
3.029492747937565650e-02
-6.250007880278750372e-02
4.138309400480742750e-02
6.157797805712863191e-03
8.778020650648085677e-02
-6.549559336296648104e-02
-9.910717104520731791e-03
4.351114009992548132e-02
-6.303795921862759277e-02
-7.882959592783959912e-02
-2.179432062070327247e-02
-3.140912264989451780e-02
3.183693146927787931e-02
6.646376094051563432e-02
2.473948848646528864e-02
-6.610309201735901615e-04
3.379984441326635419e-02
4.255878268655460990e-03
5.395009540910742502e-02
-1.929460330788910702e-02
4.633611551745839968e-02
-2.888381774038960639e-02
-2.939686894373791728e-02
1.480218715394326749e-02
-3.562843749922102454e-02
-4.557391650286974488e-02
-1.283492165701809740e-01
7.652401066082757664e-02
-2.184530550257823486e-02
-3.074781538453521743e-04
-3.380998100508814802e-02
5.189271641219814213e-02
-5.421359528358499907e-02
-2.543260013144077111e-02
-4.320519932857688761e-02
-1.188241514245188118e-01
-3.372793528206755737e-02
4.071256503799844384e-02
-5.610785657114631883e-03
4.003124912914421407e-03
-3.080124480340249229e-02
-3.675075739706401556e-02
-1.305766596464267779e-02
-4.889933605962818071e-03
3.116103943835991236e-02
7.761726298014601233e-02
2.452385553316537709e-02
-4.129911368662265991e-02
-8.194306355649030871e-02
-1.090794925567590556e-01
-8.205664089122531937e-03
-3.833547988107235266e-02
-2.337864674164912698e-02
-6.747759755597899922e-02
3.694338698360403322e-02
4.632047849382365384e-02
4.683033875988193429e-02
-8.506750343049528096e-02
-1.167692335989722469e-01
-1.270726384644390097e-02
1.068011003714778619e-02
1.195856035022171415e-01
-2.329309384943667113e-02
-3.616450351663789975e-02
2.330984841657971623e-02
4.705205881956382036e-02
2.449336848836652231e-02
4.776978503999362857e-02
6.587973642345179570e-02
-3.806265045003379144e-02
2.877408383953846197e-02
-1.599107028983906206e-02
1.151970144378519287e-02
8.610204822733145968e-02
-5.764692361091949130e-02
-8.689478579960795146e-02
-4.022788026551901708e-02
3.474781035285107872e-02
-5.796054552638148921e-02
-2.149597800048027099e-02
-1.106051669608523608e-01
3.720893306450526183e-02
1.005854063712842833e-01
-5.286124457997020548e-02
5.234205189552376680e-02
-7.090219731045735267e-03
-1.666389158020796513e-02
-1.598628245299042738e-02
5.359142261039905736e-02
3.521509235433437079e-02
2.815461845485150993e-02
-1.207365817372999493e-02
-2.554386797165286022e-02
1.715745374055616460e-02
3.696268142235686199e-02
-1.083254812296921728e-02
-1.621446308749944359e-02
-3.376232872094793447e-02
-4.741991808347488513e-02
-2.308095804893354683e-02
3.676052767500856411e-02
-5.158874171611255513e-03
-1.700141118341922178e-02
-4.568818353795175286e-02
1.079545197451332317e-01
-3.181349596661592338e-02
-5.575044226093418126e-02
3.663538855852312148e-02
9.677077534692667821e-03
2.950117682028241886e-02
-3.288519014189327655e-02
7.264084889224058095e-02
8.638196926608723847e-02
3.581683158155543611e-02
2.246004457970062276e-02
2.424659992868627607e-03
5.598091664991670241e-02
2.245924183718057271e-02
3.112337779285602457e-02
5.447976810463556890e-02
-1.006157832357372495e-02
-1.403823240838830699e-02
-8.093576335427397905e-02
-7.010846954598143332e-02
5.740598495090467289e-03
-1.563398008155346408e-02
2.670793620419271291e-02
-3.240933124439363683e-02
-2.150309393372840452e-02
3.398942901570180253e-02
7.199999421131532407e-02
4.104176960237904126e-02
1.638694827261834644e-02
2.152496830967133221e-02
1.341478479119993447e-02
-2.218405998421159667e-02
8.272283705170506429e-02
