1.950321980871708855e-02
-3.712900473732250184e-02
-1.857155840045523754e-01
-1.291739513426780513e-02
2.708721555208536969e-01
2.655057680034287881e-01
2.198206856714144675e-01
6.634560050949915577e-02
-4.353126257780406405e-01
-1.512617761756963053e-01
-2.238023837117698034e-01
2.769185162167020486e-01
-3.293057734501841360e-01
-3.143289414347029687e-01
-3.975821176215602604e-01
1.312974252780661766e-01
1.657136430073387345e-01
9.063277448458527397e-02
-3.969290109605455585e-02
8.967200121562511617e-02
