-7.308645315804296674e-03
8.186852204836894686e-02
1.146942700968126526e-02
7.786521996719534405e-03
4.150456966020692195e-02
-2.598509576683453656e-02
2.274933784916778265e-02
2.631728882481221277e-02
1.892360198118797285e-02
3.529082996907043773e-02
8.625040856524796018e-02
-6.974636669191203175e-02
-1.036736558279702791e-01
5.919022345676067977e-03
-2.372987293734695954e-02
-2.684707433431940231e-03
2.139170200954919332e-02
8.761857541382538084e-02
-2.146743989222234250e-02
7.564119124947499273e-02
9.739769937681121148e-02
-6.217960667895615356e-03
-6.837470758650095182e-02
5.148059847104710998e-03
7.250434678262702992e-02
1.981244039528916225e-03
-3.762663190100007382e-02
-4.906781817042474986e-02
3.020923935204552352e-02
2.524661466859020806e-02
1.181244501406669527e-02
-6.878694786010834672e-02
4.647648661622916233e-02
3.404956711481128134e-02
4.354238200552225380e-02
2.513991362500256344e-02
-7.395320645944519766e-02
-2.899572209341173303e-03
5.237729140117561993e-02
1.074197486443126404e-01
-2.761041239290233651e-02
-9.573961222444356267e-02
-8.532381974708498629e-02
-5.570563961525392543e-02
3.200690130233333191e-03
-2.428161627413995619e-02
2.894975062632530825e-03
4.304805270079171270e-02
1.864912389123236230e-02
3.208493469651237801e-02
-1.087716089629853777e-01
-4.583074803200386238e-02
-2.831253797774652137e-02
2.288473628583445954e-02
2.303243460503653223e-02
-1.148679976268936892e-01
2.001663812868806000e-02
6.801308054219426524e-02
-1.487611480278124530e-02
-5.808463373071273347e-03
1.377810446380916230e-02
3.892783000079728939e-02
-1.390283262115430685e-01
-1.909365179390209175e-03
-1.926603910918623860e-02
-2.162030661156802425e-02
-4.190232301668870424e-02
-2.170399830163888613e-02
1.218900338092773414e-02
4.454451449768677060e-03
1.141587965477432326e-01
-3.341788853855958558e-02
1.639826288353151904e-02
-4.854006747790030191e-02
-4.461516271346156054e-02
-1.621185580171022669e-02
1.190662572203225050e-02
1.011348760905361743e-01
-2.977890792830782674e-02
-2.648344921521108772e-02
1.707860735348478570e-02
6.957033315255907457e-02
-3.974592090775329323e-02
9.245761339702887258e-03
-1.585399920503707469e-02
3.843363716702517113e-02
1.020784397963745913e-02
7.221388059500306877e-02
1.152949067789046100e-01
-7.996692871509854250e-02
7.210323414101467432e-02
4.574446339372283815e-02
4.984065670726759573e-02
-2.828332444450419939e-02
1.196184887032360339e-01
5.538724936998204451e-02
-1.032529298601528311e-02
-2.963282801470251693e-02
-3.780173463843143622e-02
1.503956851917126122e-02
1.206666154076467198e-02
5.324464832412475340e-02
-5.517175822736616886e-02
1.193024639545769428e-01
-4.719152445329401202e-02
-1.338945092085037057e-02
3.838800337807948132e-02
-5.374873005350000454e-02
-4.066093418923714953e-02
6.474172469990940870e-02
-4.469216557694169305e-03
-1.852621604651735060e-02
-8.312843593361349259e-02
-1.548316736954706563e-02
1.322667431036948608e-02
1.144439421176161008e-02
-1.184553922148590208e-03
-4.834135526466059457e-02
-7.206989323609368225e-02
-4.143801382355735696e-02
3.516701319277972665e-03
-6.837137629541312212e-02
4.835253538548580157e-04
-7.271865080286732744e-03
7.838589166615816603e-03
1.683762413568531263e-02
1.246365608372502765e-01
1.498812421672627258e-02
5.352266328641966777e-04
-5.129281268262014803e-02
3.192758018218756766e-02
9.027219721240577199e-03
-5.243164795888093956e-03
-1.168417456053646303e-02
-3.036351102241196045e-02
-2.408849324649901813e-03
1.017564558158640664e-01
-1.434568857962050525e-01
-1.100287024484223886e-01
-8.747157169680916389e-02
-2.566275486227888314e-02
1.492508163244243152e-02
7.235019233731462655e-03
2.072718642114609877e-02
8.989428813298180887e-02
3.470391736643903269e-02
7.876142125194797450e-02
3.498797291827213107e-02
6.400298990565261859e-02
-7.269812154657584458e-02
-3.516407994198732234e-02
-5.399184781705953368e-02
1.148280553767655823e-02
6.253242084867809136e-02
6.628474233953339512e-02
-5.390160902023938966e-02
-4.856363846189985789e-02
3.105306378280388996e-02
7.157152229144041200e-02
-2.931338099431664290e-02
9.088292224765547739e-03
4.510608724274205172e-02
3.255138893316981280e-02
6.107070490772477378e-02
2.415701478983827560e-02
4.861603281217083405e-02
-1.289669033229070005e-01
-1.291480230299029731e-02
2.121856585362135589e-02
1.168754364358200459e-01
2.014104365469045199e-02
-5.968249869860408653e-03
4.707763069034604647e-02
-1.178946977828951651e-02
3.945091968520306192e-02
2.322037173625713952e-03
8.404346321211872417e-02
1.128652005801816121e-04
-4.924832725736313574e-03
3.197312648974964810e-02
-6.161208869907081748e-02
3.080870378359711493e-03
4.151578827284091444e-02
2.464247566930547785e-03
-2.174200021467854668e-02
5.252940403099459060e-02
-3.187938843758515717e-02
2.430762099023150730e-03
-7.259907687368164463e-03
2.526100404397310217e-03
5.471330678768126718e-04
3.016014479956426533e-02
1.430742544716938867e-02
-1.673780612736000539e-02
-5.534832015427612606e-02
6.897281430697893567e-02
5.363182693095590314e-02
-3.589877659557673406e-02
-1.705751559189670752e-02
-3.532601935562707397e-03
-1.028202854286325157e-01
6.234968973459604352e-02
-1.735141104975812532e-02
-4.451183670165353989e-02
9.966992683764466787e-02
2.050592150721204654e-02
1.999947778047935637e-02
-5.251073900298781905e-02
-4.211376552087116309e-02
3.161396991971607284e-02
6.568838524672759860e-02
3.708025817153298709e-02
2.910925718268689635e-02
3.166794243414735449e-02
2.578359464708538523e-02
5.778116693467067605e-02
5.058727882307056251e-02
5.208598539226902413e-02
-6.210229938026105845e-02
5.032302555723114357e-02
-4.269292727291482820e-02
-8.697383061811786442e-02
2.553041302515550101e-02
-2.858325786746229724e-02
2.392975740112702338e-02
-8.883040778101085333e-03
-9.410182075307314820e-02
-2.549319494531297400e-02
-2.153593431633268537e-02
5.025869524698058088e-02
-7.399189422653235093e-02
6.167495632058744154e-02
2.064113098409012942e-02
3.350168870554612321e-02
-8.762285850236686477e-03
-5.614588792863751260e-02
6.387529507962654007e-02
1.056134662784840271e-02
-4.717590727669216527e-02
4.650631426878441832e-02
1.248023240621675724e-02
3.839389962333471240e-02
-5.671984628798412004e-02
3.964423604670177549e-03
-8.084392608652135603e-02
1.613717644377874252e-02
5.349968805064248684e-02
3.988510291426105052e-04
-8.192807937432980414e-02
8.999603598062951709e-03
4.733233448835072465e-02
-2.958859392789456658e-02
-4.647094379576371254e-02
-3.179102174237424111e-02
3.199629855863994534e-03
2.211278481022140377e-02
-1.655035941677590605e-01
-2.237185217964049108e-02
-2.174134060504613608e-02
-2.443856137558947719e-02
6.453297312308677036e-02
3.850969698119000029e-02
-2.152071430521242806e-02
6.181189617923329993e-02
8.394497317119660462e-02
6.108112569014025051e-02
2.323112582274416971e-02
-2.409100658665009817e-02
-5.112707395249026926e-02
-4.957282720246625196e-02
4.620477118836792407e-03
-1.003687071343796616e-01
-3.688430337150463284e-02
-9.290055438739994176e-02
6.872245658411194058e-02
-8.062633539069888333e-02
1.251590818926625985e-02
-1.289848964938876581e-02
3.555403345830654427e-02
-6.044700463365820092e-02
2.228935023638670826e-02
-8.923680604782086023e-02
-5.148339612569492046e-02
-1.674575993475771810e-02
-9.621188572273866452e-03
-3.128460950893964532e-02
-2.039169531500637303e-02
-1.825307467210328383e-02
-3.827864814931314363e-02
3.582385753865416356e-02
-1.210957815793547478e-02
4.497048060038238287e-02
3.977967122554956769e-02
-6.486191012396652633e-02
4.505222670448178618e-02
-1.149680063446352624e-01
-5.471913654708495528e-02
4.915006466803839569e-02
-7.111112526578404480e-02
-1.103158443434692076e-01
-5.170896862295787377e-02
-3.653638990889245680e-02
4.874851112025264943e-02
-5.426136046368151139e-02
-7.711492363328080468e-02
-4.940830971245155356e-02
-3.044480572257193818e-02
-5.419582291033714361e-02
5.584219805506725198e-02
-3.534019396421320819e-02
3.026509883992124436e-03
-1.014772992215130648e-01
-1.485518925582202110e-02
5.482202165271958527e-02
7.355886137766881085e-03
2.313185194862490968e-02
-6.581428145550667630e-02
2.431789480392252192e-02
8.586044455116270679e-02
3.838055346345135843e-02
1.701261664657332737e-02
-1.486264092007781763e-02
-6.887122392582172015e-02
3.403979019537915762e-02
-8.858219685129762461e-03
-7.467816818466661843e-02
-6.952561266925826045e-02
-4.926436434460629982e-02
-6.240791121982920166e-03
4.324982676245772706e-02
1.693672610888578020e-03
2.268526298455735696e-02
1.218145286270845909e-02
2.610132003384183982e-02
2.036277047032995953e-03
1.772795366997011526e-02
6.387837442432955926e-02
3.837006619518433526e-02
-4.948374665916509263e-02
-4.083829044711027867e-02
1.522948360447526524e-02
-1.503342382678657906e-02
3.887591504850848589e-02
-6.349452011007554464e-02
-3.117248286994058273e-02
-1.390186087794518036e-02
2.088509731707066316e-02
7.856646373969275454e-02
3.587501665178859100e-02
-3.289002237060877076e-02
3.260114047084197372e-03
1.430033963005984399e-01
2.428829635259232428e-02
-5.376939315630840238e-02
4.777469460233462785e-03
4.580045147923246518e-02
2.930018880166843781e-02
-1.578991034340527025e-02
-7.912774254729911666e-03
3.545961655060524131e-02
-1.901186369873855697e-02
2.909284917437723189e-02
-4.827134828742765671e-03
2.447168182742376699e-02
6.919277749792489274e-02
-6.445309212208590044e-02
3.611835136917946687e-04
2.410680747415751800e-03
4.287843329648494822e-02
-2.864667312244031233e-02
-8.822076926454557044e-02
2.180397552608236145e-02
7.802046093129216819e-02
-4.978850730487072163e-02
-2.202975447941062440e-02
-1.069198432761908797e-02
4.775764098141393327e-02
-9.770872281476940605e-04
-1.357890497926275697e-02
-3.971039821712510527e-03
2.886110748994219141e-02
-7.236376069991234949e-02
6.140037500259916924e-03
7.572655208434510288e-02
