1.709226794150005280e-01
-1.619685917799319474e-01
-4.101634347943426684e-02
3.388528231970698856e-01
3.653786464004130097e-01
1.541898859789722631e-01
6.725649024171788393e-02
4.283331165353852082e-02
-1.560043370003066643e-01
-1.362826592307459783e-01
-1.241634049749714419e-01
1.764867191432089866e-01
-1.986223749767234703e-01
-5.434420639384636154e-01
-1.421213827450084066e-01
-1.516292235911276222e-03
3.297845967587290095e-01
-2.679953806916562931e-01
1.072445278586908607e-01
-1.669661599441561173e-01
