-3.803730010986328125e-01
3.240583240985870361e-01
-1.638343036174774170e-01
-1.491589844226837158e-02
1.106008887290954590e-01
-2.664679884910583496e-01
2.430545836687088013e-01
-6.743688136339187622e-04
9.595350176095962524e-02
1.621382981538772583e-01
3.416751921176910400e-01
-1.405504345893859863e-02
-1.762402653694152832e-01
-8.042141795158386230e-02
-3.422893583774566650e-01
-2.082890570163726807e-01
1.299854516983032227e-01
4.805667698383331299e-02
1.371179372072219849e-01
2.285248935222625732e-01
1.546452045440673828e-01
1.534110158681869507e-01
-3.361344337463378906e-01
-1.168752368539571762e-02
-1.996484547853469849e-01
1.060384139418601990e-01
-2.579411566257476807e-01
-1.728371083736419678e-01
2.954146564006805420e-01
-1.503627002239227295e-01
9.712617844343185425e-02
6.486506760120391846e-02
1.599346697330474854e-01
5.923942476511001587e-02
2.963312864303588867e-01
-2.362101078033447266e-01
-4.812948778271675110e-02
-4.471885785460472107e-02
2.365005612373352051e-01
3.935166820883750916e-02
-5.664426088333129883e-02
-1.754159331321716309e-01
-2.627634406089782715e-01
-1.378668248653411865e-01
5.960875004529953003e-02
2.193868532776832581e-02
-3.886535391211509705e-02
2.285033911466598511e-01
-1.170073226094245911e-01
-2.579248249530792236e-01
-3.181770443916320801e-01
4.959616810083389282e-02
-1.415670290589332581e-02
-2.182749211788177490e-01
9.686090797185897827e-02
-3.472842574119567871e-01
1.334977746009826660e-01
1.641185581684112549e-01
-1.470764633268117905e-03
-3.804041445255279541e-02
1.991468369960784912e-01
1.148882657289505005e-01
-6.088753938674926758e-01
8.367908000946044922e-02
2.432792484760284424e-01
7.476328313350677490e-02
-2.434629350900650024e-01
-8.920603990554809570e-02
2.066001445055007935e-01
1.800459325313568115e-01
4.534356892108917236e-01
-2.328722774982452393e-01
-2.371995449066162109e-01
-2.165601775050163269e-02
3.354769200086593628e-02
-9.815061837434768677e-02
5.864576995372772217e-02
3.610019087791442871e-01
-9.213529527187347412e-02
-3.397398293018341064e-01
2.623848617076873779e-03
1.029541045427322388e-01
-8.201740682125091553e-02
7.528848201036453247e-02
-1.307765543460845947e-01
7.842108607292175293e-02
1.157689839601516724e-01
2.442355602979660034e-01
2.826094627380371094e-01
-1.192222237586975098e-01
4.547930061817169189e-01
-5.652542412281036377e-02
3.851873874664306641e-01
-1.003021374344825745e-01
1.523902118206024170e-01
2.656098902225494385e-01
1.101164817810058594e-01
-1.527233123779296875e-01
2.870376408100128174e-01
-8.357502520084381104e-03
1.013426259160041809e-01
-8.419409394264221191e-02
-3.056565821170806885e-01
7.710366696119308472e-02
-3.489391207695007324e-01
1.041091792285442352e-02
1.946632564067840576e-01
-7.903122901916503906e-02
1.625557243824005127e-01
1.900012791156768799e-01
-1.150656044483184814e-01
-9.388498961925506592e-02
-2.476542890071868896e-01
-1.075155511498451233e-01
-5.687708780169487000e-02
-1.325895786285400391e-01
-6.083064526319503784e-02
-2.356374859809875488e-01
1.987648457288742065e-01
-2.357927560806274414e-01
8.622840791940689087e-02
2.438287995755672455e-02
-1.165408343076705933e-01
-1.554313302040100098e-01
4.821178913116455078e-01
-4.363071173429489136e-02
1.064033061265945435e-01
2.268655151128768921e-01
-2.553023099899291992e-01
-1.290790289640426636e-01
6.143525242805480957e-02
-1.314676254987716675e-01
-1.151731088757514954e-01
-1.233024671673774719e-01
-6.869838386774063110e-02
-2.419191598892211914e-02
2.439348250627517700e-01
-2.926172912120819092e-01
-1.727046817541122437e-01
-2.290713042020797729e-01
-5.272920727729797363e-01
-3.985158726572990417e-02
1.949718743562698364e-01
1.452153027057647705e-01
-1.664760150015354156e-02
-8.915144950151443481e-02
-3.144046664237976074e-02
8.690034039318561554e-03
1.912402212619781494e-01
2.963196486234664917e-03
3.453822433948516846e-02
-1.583617478609085083e-01
3.729909360408782959e-01
5.333953499794006348e-01
1.115946769714355469e-01
-1.361849755048751831e-01
-5.295524001121520996e-02
1.574772298336029053e-01
4.205057322978973389e-01
9.967669844627380371e-03
-2.724860906600952148e-01
2.886827290058135986e-01
-8.175694383680820465e-03
3.224695920944213867e-01
2.804803475737571716e-02
6.060222163796424866e-02
-3.633863031864166260e-01
-2.214361578226089478e-01
2.222725888714194298e-03
3.877570033073425293e-01
8.872188627719879150e-02
1.400506868958473206e-02
1.003007963299751282e-01
-1.816533058881759644e-01
1.697864830493927002e-01
2.960430644452571869e-02
2.612196803092956543e-01
2.176767587661743164e-01
-2.404985725879669189e-01
2.002307772636413574e-01
-2.097559422254562378e-01
-1.120546907186508179e-01
8.319653570652008057e-02
1.034586131572723389e-01
8.489686250686645508e-02
2.630662918090820312e-01
5.837231874465942383e-03
-1.107342615723609924e-01
-8.515231311321258545e-02
1.920552104711532593e-01
7.067786157131195068e-02
1.300154179334640503e-01
-5.752805620431900024e-02
4.607940092682838440e-02
-2.886237204074859619e-01
4.890431463718414307e-02
2.361068129539489746e-01
-1.546978652477264404e-01
-1.695600599050521851e-01
-1.219822317361831665e-01
2.106064930558204651e-04
8.899030089378356934e-02
-7.511214166879653931e-02
-1.535829305648803711e-01
1.755118966102600098e-01
2.496319115161895752e-01
-8.439199626445770264e-02
-1.299857646226882935e-01
-1.711175143718719482e-01
1.609588861465454102e-01
1.683079898357391357e-01
-1.189312189817428589e-01
2.687809988856315613e-03
-1.489029824733734131e-01
-2.905058301985263824e-02
2.979572415351867676e-01
9.185634553432464600e-02
8.731892704963684082e-02
-8.861247450113296509e-03
1.325607299804687500e-04
-3.072308301925659180e-01
-5.633105337619781494e-02
6.905663013458251953e-02
-2.780016362667083740e-01
1.152638196945190430e-01
-1.207035034894943237e-01
3.871603310108184814e-02
-4.729856736958026886e-03
-3.575733602046966553e-01
-1.784000247716903687e-01
-2.007508426904678345e-01
-1.304866522550582886e-01
2.853808104991912842e-01
1.770862638950347900e-01
1.039016097784042358e-01
3.873463720083236694e-02
1.108190640807151794e-01
5.351092666387557983e-02
-8.051421493291854858e-03
3.347905278205871582e-01
-2.026653662323951721e-02
-1.361480504274368286e-01
-2.283254265785217285e-01
-4.146987572312355042e-02
-3.180134296417236328e-01
-5.957107245922088623e-02
2.677860260009765625e-01
-4.439574107527732849e-02
-2.535357773303985596e-01
8.812085539102554321e-02
-9.467840194702148438e-02
-1.484619081020355225e-01
1.938899457454681396e-01
-9.028331935405731201e-02
1.126139014959335327e-01
-7.712470740079879761e-02
-3.457947969436645508e-01
7.721363753080368042e-02
-2.532639503479003906e-01
-2.029930651187896729e-01
3.108992874622344971e-01
7.636027038097381592e-02
-1.516983211040496826e-01
2.623063325881958008e-01
4.308179020881652832e-01
4.026145339012145996e-01
-1.770623773336410522e-01
7.000810652971267700e-02
-1.371856927871704102e-01
-2.988531589508056641e-01
9.374959766864776611e-02
-3.473196029663085938e-01
7.637540996074676514e-02
-1.722732037305831909e-01
3.344558179378509521e-02
-3.052240014076232910e-01
2.581228911876678467e-01
-2.261543571949005127e-01
2.516852924600243568e-03
-1.621107198297977448e-02
3.013685643672943115e-01
5.160409957170486450e-03
-1.733840703964233398e-01
8.409760147333145142e-02
6.007422804832458496e-01
-1.284423619508743286e-01
-4.960178583860397339e-02
-1.547525078058242798e-01
-2.681360244750976562e-01
8.153058588504791260e-02
-1.116945445537567139e-01
3.957501947879791260e-01
5.415958166122436523e-01
-3.325953185558319092e-01
2.426849752664566040e-01
-4.331741631031036377e-01
1.031792983412742615e-01
-1.306483000516891479e-01
-2.041056379675865173e-02
-3.802943043410778046e-03
-1.698422729969024658e-01
-2.556498050689697266e-01
2.436816096305847168e-01
-4.477090388536453247e-02
-1.806477904319763184e-01
-1.177155077457427979e-01
1.821464300155639648e-02
1.477975994348526001e-01
2.188227176666259766e-01
-2.469865679740905762e-01
-1.979310810565948486e-01
-1.816902309656143188e-01
7.465179078280925751e-03
2.038427293300628662e-01
-8.917519450187683105e-02
2.590366899967193604e-01
-8.622343838214874268e-02
4.090452492237091064e-01
1.490216702222824097e-01
1.000901982188224792e-01
8.110571652650833130e-02
-2.471327781677246094e-01
6.369934231042861938e-02
1.339729577302932739e-01
6.494855880737304688e-02
-3.109351992607116699e-01
-4.609561860561370850e-01
-1.588086485862731934e-01
-1.500268131494522095e-01
9.731794148683547974e-02
-4.904976487159729004e-02
-1.778001897037029266e-02
-2.688565663993358612e-02
3.767814487218856812e-02
-5.744144320487976074e-02
9.642589092254638672e-02
1.180550605058670044e-01
2.648271918296813965e-01
-2.119607478380203247e-01
-1.366185843944549561e-01
-1.224109828472137451e-01
-5.296796560287475586e-02
3.551144301891326904e-01
-4.109257832169532776e-02
-2.985332012176513672e-01
8.824995160102844238e-02
-1.018991470336914062e-01
2.350883558392524719e-02
1.527180075645446777e-01
1.214461550116539001e-01
-6.002045422792434692e-02
4.840286076068878174e-01
-1.756583154201507568e-02
-6.779205054044723511e-02
-1.665877923369407654e-02
9.799722582101821899e-02
-4.830920696258544922e-02
1.851753294467926025e-01
9.029170870780944824e-02
3.874538466334342957e-02
1.059577465057373047e-01
6.169378757476806641e-03
-4.275117218494415283e-01
2.440858781337738037e-01
1.490704417228698730e-01
-9.148766845464706421e-02
-2.041856497526168823e-01
5.942326039075851440e-03
1.265449356287717819e-02
-1.066136509180068970e-01
-2.556205540895462036e-02
6.468786299228668213e-02
2.247169166803359985e-01
-7.908218353986740112e-02
-4.987441748380661011e-02
-7.123225927352905273e-02
3.544661104679107666e-01
-1.146568357944488525e-01
-1.605860888957977295e-01
3.354611247777938843e-02
-6.460201740264892578e-02
-8.573812991380691528e-02
2.583970427513122559e-01
2.026411592960357666e-01
