-5.968985895439351576e-03
2.876993902537527611e-02
-4.452346908273019377e-02
-4.517675484634017108e-02
-1.119229687623550518e-01
-6.363350628270915410e-02
9.145225970113798897e-02
1.521424235539597936e-02
3.443709537153988049e-03
4.526102114152330547e-02
7.160103426505244617e-02
-3.678830193742302357e-02
-3.740811405442275028e-02
5.989765445399792762e-03
-5.982194683555933090e-02
2.344200419765237950e-02
6.758214766314002420e-02
2.175799063526508495e-02
7.941796336159699654e-02
6.680321619923513046e-03
1.303888821946918852e-01
3.858387426541026732e-02
-7.074325418249385877e-02
-1.693081889386778560e-02
-8.297541971290874410e-03
3.979381064027075199e-02
-6.726075902502906545e-02
-9.689132723075059503e-03
3.503464647277747951e-02
-1.032015421852816757e-02
1.353359176916443633e-02
5.822106610879011074e-02
-1.400939597829541430e-02
3.767662688513320323e-03
4.320915035125202919e-02
2.358686585913900499e-02
-4.099459152395285022e-02
2.431193685313743844e-02
3.866748032446225281e-02
2.777319712537892546e-02
-1.960843091674027358e-02
-7.283697678821214605e-02
-8.871353518119919068e-02
-2.083957941006091968e-02
1.608596708037989681e-02
-9.389740030555336625e-03
-3.875595847082691919e-02
-1.205625488259279461e-02
-2.045328110403079463e-02
4.304350263501548896e-02
-1.861133775811256788e-02
-4.129512905941921247e-02
-1.511563462562987535e-02
-1.655153112468845528e-02
6.864038584278139843e-02
-9.869220096215551574e-02
8.939241891756915387e-03
4.714422274084944381e-02
-3.327329706183749462e-03
-1.360309544464645762e-02
-5.349512515351250580e-02
2.852858206450277836e-02
-1.132864116639071689e-01
-1.809441352234990308e-02
9.716678880281187647e-03
1.114620149875830170e-02
-3.561111392514693108e-02
-1.192647555120971287e-01
5.444346491506601993e-02
5.210636561134494166e-02
5.293610029410561468e-02
-2.280985412122630424e-02
1.543092990220525096e-02
1.739648864100521927e-02
4.712041521139093830e-02
1.910286566958879079e-02
-4.811244439141660473e-02
9.379851774843217527e-02
-1.529136964413629896e-02
-9.390907315025645574e-02
1.329622159375781765e-01
9.208650269357589180e-02
-8.739256205009368617e-02
4.669870971008074217e-02
8.503701516343699363e-02
5.499291472437374539e-02
3.399320447264513999e-03
3.592519768468360741e-02
4.410612179036459135e-02
6.090841742769586772e-03
5.380401158626301611e-02
4.450744453387198846e-02
1.238057555455715497e-02
-5.211572275099687207e-02
7.577862472044268050e-02
5.340263029965040473e-03
1.079731061077012638e-02
-1.017511757820481200e-01
1.471463712159595989e-02
1.474506652673446098e-02
-3.838422601461645434e-02
5.057136376612583403e-03
-6.220921758045896283e-02
7.628672033069781866e-02
-7.995756166725309644e-02
-6.352024488846554073e-02
4.775323365493500810e-02
-4.076746704243970620e-02
-7.144478596959939927e-03
3.002262812902429731e-02
-8.208351550479295322e-02
-1.183855014933022330e-02
-9.183719362757687688e-02
-7.927458479210941489e-02
-1.325538842834173697e-02
1.763964092377131102e-02
-2.173439613766169932e-03
-2.899566822954720638e-02
6.275348632495419965e-02
-3.417382214874713914e-02
2.854369919522998719e-02
2.676265531452295086e-03
-5.127765218053097901e-02
3.214146572688447723e-02
9.508468375108618253e-02
1.265780561625547487e-02
5.239235193276794295e-02
1.590716667983595178e-02
-1.178242804543506821e-03
-5.986975703816043923e-04
9.606042168588539362e-03
5.752888495654703144e-02
3.449296663449111233e-02
-2.851259329198665288e-02
-4.247403108372052073e-03
-9.041967966355922079e-03
7.135600535052440130e-02
-1.504411576637019188e-01
-6.849251896855984567e-02
-9.607295641519320029e-02
-6.728354205014611816e-03
-5.354097090969381356e-02
7.229925186192326381e-02
2.104150758956380846e-02
6.963682852246214083e-02
-3.671293419423420860e-03
3.637754318369137898e-03
-1.919369529734669261e-02
4.277646476531725417e-02
4.246362342056926240e-03
-1.856131917948655036e-02
-4.312633787651533324e-02
5.397567623275888182e-02
2.008879660948676565e-02
-3.102122714641419952e-03
-9.484729471179009774e-03
-8.931836351565583532e-02
3.949165666462121221e-02
5.608018377941766108e-02
-2.698190412218585271e-02
1.368110738475463405e-02
2.863100160089803326e-03
1.853861095944839277e-02
6.635084305487211342e-02
9.079251142919003703e-02
6.103689515070609244e-03
-6.874822224260740411e-02
-2.792312276546758676e-02
8.746115505504995988e-03
7.937677503467586992e-02
-2.052683888954970337e-02
-2.477678862299908039e-02
3.965491387072769131e-02
-1.878703212168481018e-02
3.538466268934388481e-02
2.157652327103862927e-02
7.213457010692295168e-02
1.959102572631715722e-02
2.434701230415455865e-03
4.195727841178011584e-03
-4.114153797046446459e-02
-7.730164311726152315e-02
1.855970599169810484e-02
9.360190398192590883e-03
-3.534888634726142398e-02
9.199793673255338144e-03
-2.943282585824228553e-02
-2.672943535470201706e-02
1.484641927765671145e-02
3.691401349871132470e-02
-1.383603715938221124e-01
1.229666702279484138e-02
-9.918742034165569169e-03
-2.966461102141036005e-02
-3.027341703462762754e-02
1.328549991189491471e-02
1.188613284691963506e-01
1.842315745115355105e-02
-5.909119228176188537e-02
-9.199757896913256586e-03
-9.599453467334843892e-02
2.197666214286256650e-02
-5.106900861899947401e-03
-3.573664335233008721e-02
1.105359037178442992e-02
7.664493908678531031e-02
2.385304834902199703e-02
-1.424117626287138387e-02
9.842756010737679917e-02
2.077198814268294350e-02
7.461861097856354284e-03
6.243301404905975648e-03
7.761895975716455454e-02
-3.953430856917297676e-02
3.780601202627442703e-02
4.101798274688531198e-02
-5.338543163629293903e-02
7.643767697991739329e-02
-1.358592442664424173e-02
2.646878681446023299e-02
-3.942675187529415259e-02
-4.739829981752962523e-02
3.401770394908347483e-02
-3.549412203414254591e-02
-4.367355329064027264e-02
5.050629147846993905e-02
-4.282489292291796756e-02
1.134336020400238954e-01
-6.330965883417870310e-02
-2.988121075356179115e-02
3.994625769937754090e-03
-4.723725423984279082e-02
4.600044332728891322e-02
5.997784061998629596e-02
2.985811387235282575e-03
-5.717274122830031530e-02
4.700336152488658603e-02
-2.791464702478877943e-02
-5.206259813539914488e-02
1.975914363635474999e-02
-2.184088181795436068e-01
-1.985658538260843837e-03
-4.234680390648581927e-02
1.866050420931807813e-02
-3.675974591165174360e-02
5.724688281867412049e-02
9.425909587161233893e-02
-1.077844672130846490e-02
-6.840464576761584592e-02
1.027187892347998684e-02
2.365601664979230263e-03
3.133478076560911041e-02
3.068718669278498040e-02
-6.806629263856832368e-02
-2.708134771739879182e-02
-8.732936802039710858e-03
-1.227257718547335175e-01
-1.330797639880822170e-02
-1.768689171447803896e-02
2.699849458772791283e-02
7.413662071464703629e-02
7.873587113782117008e-02
-2.892407326425073047e-02
9.850725028316811849e-02
6.251204154942387181e-02
8.230519222512536204e-02
1.353548303670270431e-02
1.628994752096042664e-02
-4.395546436146061109e-02
-9.522863474204706913e-02
1.613479203013825497e-02
-9.741118675276137784e-02
1.104897359745842488e-02
-5.240820735709994516e-02
5.389173842944395415e-02
-5.202597617068564773e-02
-1.073273106091654668e-02
-4.665332579395177481e-02
7.529902008806411973e-02
3.212356129386956943e-02
1.160623972441248569e-02
-1.051927297945916412e-01
-7.714574282804509409e-02
3.159303391712873360e-02
6.922744309240726202e-02
3.001589160642990483e-03
1.191057849622510767e-02
2.039563728594910932e-02
6.765840900178221205e-04
3.260285654219898226e-03
5.075899279217731264e-02
5.382166883727808326e-02
3.641967877057900038e-02
-9.267370304857008162e-03
1.874670161387498573e-03
-1.429127485040787571e-01
-3.437405257819847737e-02
-9.395632394096319062e-02
-5.472311069295359050e-03
-9.355233748616802181e-02
-6.526172013482937906e-02
-1.502555304866096814e-02
1.675361704533597992e-02
4.591167571779285195e-02
-6.109362667206467284e-02
-9.080425907897202165e-02
-6.825985403261601754e-03
2.006534359105434373e-02
4.002307194512463862e-02
-5.765771393818861466e-03
-6.147035805898247787e-03
-2.088203291853386184e-02
-1.000186755189548873e-02
2.671055682946404594e-02
-1.078151129024730072e-02
7.833689337091753746e-02
-1.032796451924424402e-01
-1.449954324820672442e-02
-5.874502202196934739e-03
4.920725249745571545e-02
1.615717501070293785e-02
9.389090364707066956e-04
-8.376666230398344126e-02
4.282500350433895292e-02
3.900427230403708673e-02
-5.447375121483619131e-02
-2.386952172835360431e-02
-2.978904113917316479e-02
-3.795696217070454459e-02
2.210265666249279590e-03
-2.418731159169054679e-02
6.774137189977538775e-02
-5.782580908146306431e-02
-3.056288992320630241e-02
3.955053151411000445e-02
-2.799251911192335990e-02
-5.004573612205292545e-03
5.627206205919011578e-02
-2.835839400521650289e-02
-1.460629822678342557e-02
9.877947247007357046e-03
-2.010417393179275355e-02
-1.669106861599426242e-02
7.588650014900551015e-04
-1.414896274115383552e-02
-4.106159085548910515e-02
2.023656591186627496e-02
9.900242738153675059e-02
3.104988399642225408e-02
-7.886290479756915411e-03
3.205323801491438696e-02
5.408008135613971007e-02
5.780340496033260604e-03
-5.184573170687946375e-02
-9.171524833939144472e-02
4.116552763402812204e-02
4.399783656006518023e-02
-1.846496698546901127e-02
2.715179133495916261e-02
1.035763936880427921e-01
7.838450842983456235e-02
3.456031722465871536e-02
-5.567646402099074576e-02
7.966325246770382396e-02
-7.928866766131097490e-04
-2.107832469796139599e-02
3.955018025547864940e-02
-5.536162895827033935e-03
-5.384290697489612851e-03
-9.908327866224838146e-03
-1.295820899043902651e-02
2.670744266150550453e-02
3.414834939318442397e-02
-5.539377888022353411e-03
-2.216369598067757796e-02
3.236989441868626249e-02
5.878961072758566442e-02
-5.018339698159677426e-02
-3.787377567057334526e-02
2.062963285788879664e-03
-2.763462884770407843e-02
1.138931637898494241e-02
6.525849375925248108e-02
4.906010115007581468e-02
