-1.209383005233666958e-01
1.058223181632892140e-01
1.895725830596465644e-04
3.437353897293258988e-03
-3.250482716019036794e-02
-3.208608775954788911e-02
5.549783113645475469e-02
2.135820492498803971e-03
-1.024065915856409159e-03
9.708519139046292365e-03
1.147789928894163008e-01
-7.273379914721288253e-02
-2.013146498705713824e-03
-4.989605421170113797e-02
-5.566577650472205596e-02
-1.159373475328618654e-02
-2.828006200437165746e-02
8.842900412534254739e-02
-4.219942942144006698e-02
2.100505544813248762e-02
7.406776598208654472e-02
-5.519675817844954535e-02
-5.141585678731186437e-02
-1.535929075460945765e-02
1.682934999174421666e-03
7.049339572129459386e-02
-7.707829424511915273e-02
-5.496844790187328106e-02
1.008985333416575897e-01
-1.436617376551838250e-02
6.393442011901943889e-02
5.522040957296179414e-02
7.520736794516200141e-02
4.957439323316433638e-02
1.288081820959272560e-02
-9.000103840167283584e-03
-3.897673986208194385e-02
-2.747751254479773725e-03
4.119906837492922497e-02
6.813059490277986394e-03
-3.986105171267915331e-02
-4.156768654827365517e-02
-5.701085268379064985e-02
-1.308689302136083546e-02
4.447600280520230820e-02
1.171765544466382182e-02
5.455868220737677271e-03
3.919293085408192406e-02
-3.510409159457272832e-02
5.300430511130194665e-03
-1.651437399648750248e-02
-1.566204470972782856e-02
-3.284210027359247414e-02
-2.277107544920752707e-02
7.669229570242112881e-02
-6.003376865409225382e-02
1.218429068071753309e-02
4.752409682408100661e-02
3.229931100315148237e-03
2.503763331124767011e-02
6.119869629822578816e-02
1.004999138994762571e-02
-1.443626497009804222e-01
1.845587030000245266e-02
2.089770314746296903e-02
-5.925377257245317830e-03
-2.028293129904374520e-02
-2.113006241259472208e-03
-4.054630884374378456e-03
-1.150809281553218794e-02
1.317611034938185877e-01
-7.548143422499596286e-03
-3.448484379775240694e-02
4.423769713860590397e-02
5.682897617777121074e-02
4.073995484601806299e-02
6.052345385006234132e-03
5.597386871614188492e-02
-8.600804114224098584e-04
-5.707293214204936516e-02
1.048035064119375581e-01
1.006117169839194359e-01
-1.098563656406470294e-02
2.134455646988416347e-02
5.850994644865806227e-02
4.373683045984221723e-02
-8.296275214050120167e-03
-3.157848492942831511e-03
7.294998007336188361e-02
-2.132926644225012838e-02
-1.023283673412360428e-02
4.526595065817396596e-02
4.337125217349284238e-03
-6.325033817605638098e-02
1.181905916293431169e-01
6.945454621593143141e-02
-8.802511185489110893e-03
-6.094835187386091202e-02
8.436874852732433039e-02
7.021412875178918711e-02
-6.335585010363894119e-03
9.253336324941642196e-03
-4.423962642670982437e-02
1.043313173426072965e-01
-8.525555670896382832e-02
-5.646802818287124243e-02
-3.997942108724298650e-03
2.942061686800625728e-02
2.129070920008279549e-02
8.879819940747632478e-02
-1.958359959185054788e-02
-1.172213307070675004e-01
-1.021543019355747317e-01
-1.905850944271075126e-02
3.357276026430969923e-02
-2.051896208331935312e-02
7.333889771284322900e-02
-4.790725008623619718e-02
2.080840395052066527e-02
3.045468844943901784e-02
-2.098385844361679367e-02
-1.055710980098893345e-02
-5.632587152480697523e-02
-6.129410378906929337e-03
5.116051634557874234e-02
-7.140100666161986603e-03
5.813702680166280001e-02
1.060539736576734948e-02
-5.525689492746969911e-02
3.808558994338770431e-02
5.951551154012400119e-02
6.052779390947525540e-02
-3.236022827503281032e-03
-1.379128114102813607e-02
-3.166993192732282802e-02
1.258614713280887219e-02
2.764603753831712529e-02
-7.104343408208084465e-02
-9.663808138884180665e-02
-2.375665479355867221e-02
-6.853035346376341874e-02
-1.251141573869300923e-02
1.757893168524588337e-02
-1.604487586465175308e-02
4.968244343283492737e-02
-2.706174844193986670e-02
-3.617043597187952209e-03
1.195732671170944041e-02
3.818469831210707932e-02
-7.740285083345366246e-02
6.037254157928993378e-03
-5.003583532893483843e-02
4.275515834331197057e-02
1.349636932264175124e-02
-1.229833761110766394e-02
-4.288807455017937253e-02
-7.510493784562022150e-03
1.437681672528471309e-02
7.237831355410975775e-02
-2.619632012777547633e-02
8.204611380949140831e-03
-4.761217134248777773e-03
1.211062626680523002e-02
2.303413304335633766e-02
8.136772913818131336e-02
1.200642793277516274e-02
-6.451284417956078265e-02
-1.609040874154613748e-02
-3.404471907729886542e-03
8.399877481938165802e-02
-3.443256176777795274e-02
-1.329271702567543477e-02
7.701138988895879500e-02
4.018478625651721731e-02
5.819401293932716102e-02
1.016673093547409978e-02
1.977876973172692718e-02
2.229139067618307254e-02
-5.332387239283553626e-02
8.410302348266661399e-02
-5.660664166139161430e-02
-3.054898198610773302e-02
2.339230286338665407e-02
3.156140863265632143e-03
-4.659932025255632965e-02
1.000260656423766353e-01
-1.211141979139058154e-02
1.909348701662439687e-03
-5.842382302769899560e-02
6.240942356430459470e-02
-7.635814971338920898e-02
4.840815031783647637e-02
-2.203420650607933184e-02
2.471505508204058840e-03
-6.080926865562828049e-02
-2.521691450535688134e-02
5.265484225236671811e-02
-1.270296804396407568e-02
-2.171523143211155638e-02
-3.642461716310846365e-02
-1.132792481995190531e-01
3.329209414151849261e-02
-5.017299596963086666e-02
2.148836896043414540e-04
5.663243708216195854e-02
8.537295137362471698e-02
-4.923567567014703640e-03
-8.931300393455948033e-03
-1.674740012424648372e-02
3.875719358642297496e-02
-1.820971494728582801e-02
-5.110512396765240495e-02
2.911547730620634225e-02
-4.190029581738975197e-03
3.751332953892794198e-02
-3.827670019003669849e-02
-1.033754842655349761e-02
9.893265922471822238e-02
9.059290205091026851e-03
7.232798429922485117e-02
-1.672077762605419377e-02
-9.814130886317710967e-02
-1.955780081579654162e-02
-9.583122961679613888e-03
-2.929537419486697922e-02
7.865137201466738601e-03
-1.088856653016817000e-01
4.191973129798447911e-03
-4.364249330448593395e-02
2.431923017173675053e-02
-6.385004144556305494e-02
2.721080020792336629e-02
1.238260639902421904e-02
7.866666539758507271e-02
6.434536855100574104e-02
-1.088075341663983647e-01
5.634447321741243436e-02
4.203905357310746063e-03
-4.880853631686426358e-02
1.600304218799141268e-02
-3.768031865135242769e-02
5.579036154226416772e-02
-2.947321429464465348e-02
5.207355277958059664e-02
-8.697809894438561507e-02
5.928205090313118375e-02
1.391367014541543962e-02
3.738561066644832676e-02
-8.175666690936461700e-02
8.937378489804215578e-03
-6.492101863078200176e-03
-5.736310378344650638e-04
3.060046881385499948e-02
-2.283320859200478267e-02
-3.331287341321863965e-02
-2.821510706801718879e-02
-9.444424258954305096e-02
-7.769871303593646472e-02
1.173778043605046978e-02
-1.622925541228080687e-03
3.922046766707128901e-02
1.675812528846246097e-02
-1.364041919951060680e-02
3.736531120031141157e-02
4.689446442433609780e-02
8.414031410525267540e-02
-2.624278577352705949e-02
4.772202500712507955e-02
-2.486474896543433045e-03
-7.556953055274651110e-02
1.801632646303237550e-02
-9.622785769812586265e-02
-4.289303198178553815e-03
-7.614762579548926824e-02
6.445438171708646469e-02
-9.773164886011585784e-02
1.263679513964139235e-03
-8.180868051664634544e-02
6.497466542238475307e-02
-4.293696774365823171e-02
2.717529795152754876e-02
-9.141879673536255912e-02
-1.302550374495077823e-01
-9.140530849505340864e-04
1.775249547600016992e-02
-7.385783259411059232e-02
-2.939108533888162150e-03
-4.573451685997343211e-03
-5.695569853100410085e-02
-2.942911244623083039e-02
-1.404140831077609584e-02
7.652556494683838972e-02
6.047689425636831179e-02
-3.263875330743912923e-02
9.444942314751254148e-03
-7.904438981078001913e-02
-4.461814268684828610e-02
-5.937499226048532225e-02
-6.405292873785511931e-02
-1.270362064663574930e-01
2.491507150975192861e-02
3.036925621691370647e-02
6.863656832327254265e-02
2.825029392774906084e-02
-1.027510055814902790e-01
-5.791653098072833267e-02
1.579531825430490963e-02
-4.419708478519743938e-02
1.166909140451190541e-01
-6.827896219089693575e-02
-4.024904329387061358e-02
-1.319680708110399815e-02
5.625523273793416740e-02
7.399453356094533307e-02
-2.709979064806554080e-02
4.371842672897262999e-02
-1.021257149188000979e-01
3.653084376611038814e-03
3.871431641654468625e-02
7.690865110332040233e-02
7.105292953483580143e-02
-4.512776665596194420e-02
1.265472409787322776e-02
4.609636323207309122e-02
3.058839985853359714e-02
-6.094879477130389633e-02
-4.432904809150568087e-02
-1.378568754764022686e-01
-8.058341983939860259e-03
7.647502095379929421e-02
-4.941837589830476440e-02
6.910975726713318446e-02
6.582975526877486543e-03
-4.624099944476135760e-02
4.962671888182635521e-02
1.170842170403426892e-03
-7.823139954728022122e-03
2.798917065462966022e-02
-3.875073466537941325e-02
-1.944028703856575530e-02
-6.901522802178742047e-03
1.834859349321526015e-02
-8.534326717909358762e-03
-2.222444605661881914e-02
-4.216112550318899116e-02
-7.611933404367662859e-02
2.149632098270596366e-03
-4.120779546772627283e-02
-4.732403468062981733e-02
2.900177177592851759e-03
-1.531412024835024713e-02
1.188537030494374730e-01
7.812571650023103845e-03
-8.078362793768896488e-02
-3.160895971267158738e-02
1.416158198912754844e-02
2.756944647823326294e-02
-1.624105258962582968e-02
-2.730336745114952945e-02
6.244325153415457991e-02
-1.380845012751120982e-02
6.298689472428678493e-02
-2.172579722035372640e-02
5.475912182023960628e-02
6.036714292788260966e-02
-5.928293837565898859e-03
5.974299977220381280e-02
2.887517860111649126e-02
1.498584600572156747e-03
-4.052255259661718956e-02
-4.615294002513105343e-02
9.474222197601467332e-03
3.994467880259592457e-02
-2.764429782373993560e-02
-4.827450265913141997e-02
-4.355831930333274593e-02
4.838266693844641558e-02
2.562190898649029450e-02
-2.983206188197408751e-02
5.587016612527243541e-03
-6.200237061664639476e-03
-4.030902234455879807e-02
5.912872786104977907e-02
2.030354783948643341e-02
