-5.142596960067749023e-01
4.758631289005279541e-01
-1.110826134681701660e-01
-3.622590005397796631e-02
5.996983498334884644e-02
5.002016946673393250e-02
4.173602163791656494e-01
9.481005370616912842e-02
1.497475802898406982e-01
2.135850489139556885e-01
3.347542881965637207e-01
-1.452184319496154785e-01
-1.410696208477020264e-01
-1.085874065756797791e-01
-4.584259092807769775e-01
-2.602955996990203857e-01
-9.597842395305633545e-02
1.057188063859939575e-01
-1.001248508691787720e-01
4.173905774950981140e-02
3.609398305416107178e-01
-2.918971180915832520e-01
-9.871783107519149780e-02
-9.180292487144470215e-02
6.037107110023498535e-02
1.278453469276428223e-01
-3.089456632733345032e-02
7.030074298381805420e-02
1.395542919635772705e-01
1.752357557415962219e-02
-1.196471322327852249e-02
1.790792196989059448e-01
3.543879687786102295e-01
2.475750744342803955e-01
1.775159835815429688e-01
-3.899881243705749512e-01
1.637971401214599609e-01
-8.975847065448760986e-02
1.799512654542922974e-01
7.307005673646926880e-02
-8.292041718959808350e-02
-4.530692696571350098e-01
-2.708846628665924072e-01
-1.111263036727905273e-01
2.105525434017181396e-01
1.640814691781997681e-01
-2.610939741134643555e-02
-1.290132850408554077e-02
-1.920184344053268433e-01
-1.774857342243194580e-01
-3.838284611701965332e-01
2.692676186561584473e-01
-2.604404650628566742e-02
-3.650743067264556885e-01
2.081456482410430908e-01
-2.920482754707336426e-01
4.200238585472106934e-01
7.740541547536849976e-02
1.514706313610076904e-01
-3.755522519350051880e-02
3.739747703075408936e-01
-1.867226511240005493e-01
-6.842649579048156738e-01
-9.098215401172637939e-02
-1.005247086286544800e-01
-1.313902586698532104e-01
-5.353401973843574524e-02
7.487092912197113037e-02
-1.497346311807632446e-01
-2.800532802939414978e-02
4.183913171291351318e-01
-4.218475818634033203e-01
-4.514580368995666504e-01
-3.438234925270080566e-01
9.443880617618560791e-02
-8.838754892349243164e-02
-2.183612287044525146e-01
1.435467004776000977e-01
-2.765901684761047363e-01
-3.158980906009674072e-01
-9.529121220111846924e-02
1.600439995527267456e-01
-2.727268338203430176e-01
1.494842320680618286e-01
1.199872866272926331e-01
2.710444629192352295e-01
2.255384027957916260e-01
1.008859253488481045e-03
3.140339851379394531e-01
4.741011932492256165e-02
3.952108025550842285e-01
-2.094302177429199219e-01
1.413488388061523438e-01
-9.303189814090728760e-02
6.838585138320922852e-01
4.072704315185546875e-01
-8.061660826206207275e-02
-2.847875952720642090e-01
3.169524073600769043e-01
1.412283778190612793e-01
1.655174940824508667e-01
3.300366997718811035e-01
-4.637610018253326416e-01
4.072286486625671387e-01
-4.865432679653167725e-01
-6.791801750659942627e-02
1.252724528312683105e-01
1.472736299037933350e-01
-3.292208909988403320e-02
-2.367105036973953247e-01
2.987478394061326981e-03
-2.225597798824310303e-01
-1.124477833509445190e-01
-1.950887441635131836e-01
1.226150989532470703e-01
-1.090031117200851440e-01
8.650662750005722046e-02
-7.941316068172454834e-02
2.732775807380676270e-01
1.195396929979324341e-01
8.681942522525787354e-02
-3.620913252234458923e-02
-2.416606694459915161e-01
1.361628025770187378e-01
2.253603041172027588e-01
-2.208153903484344482e-01
3.065464496612548828e-01
2.343718111515045166e-01
-2.801402211189270020e-01
-1.519378572702407837e-01
1.119910925626754761e-01
-7.628709077835083008e-03
-1.863978207111358643e-01
-2.728567086160182953e-02
-3.872084021568298340e-01
-1.707376092672348022e-01
4.661242365837097168e-01
-9.043723344802856445e-03
-1.705327779054641724e-01
-2.132620066404342651e-01
-4.116778969764709473e-01
1.066800132393836975e-01
2.499312460422515869e-01
8.776386827230453491e-02
-1.823756396770477295e-01
-1.249856948852539062e-01
3.202255116775631905e-03
2.051648646593093872e-01
2.272662222385406494e-01
-2.985374927520751953e-01
3.039695918560028076e-01
-3.771162629127502441e-01
2.228767424821853638e-01
1.716456562280654907e-01
2.810502946376800537e-01
-1.525604724884033203e-01
-2.313634604215621948e-01
5.419809222221374512e-01
5.853334665298461914e-01
1.363686621189117432e-01
9.325364977121353149e-02
3.488484025001525879e-01
1.618531644344329834e-01
1.964225023984909058e-01
1.714210808277130127e-01
7.714787032455205917e-03
-4.041219651699066162e-01
-2.286954820156097412e-01
4.769059270620346069e-02
4.338172078132629395e-01
-1.349827349185943604e-01
1.024194508790969849e-01
6.683597713708877563e-02
1.875062584877014160e-01
2.370361536741256714e-01
6.166935199871659279e-04
2.986999452114105225e-01
1.712280362844467163e-01
-4.362332820892333984e-01
4.199345707893371582e-01
-8.209624886512756348e-02
-4.885557293891906738e-01
3.672350049018859863e-01
1.331132203340530396e-01
1.284520179033279419e-01
5.003548860549926758e-01
6.654839217662811279e-02
2.686879970133304596e-02
-4.946476817131042480e-01
2.864647507667541504e-01
-2.987080216407775879e-01
2.135339081287384033e-01
7.350296527147293091e-02
3.699658215045928955e-01
-7.179476320743560791e-02
-2.644011378288269043e-01
2.014608085155487061e-01
-4.314429163932800293e-01
-2.558661997318267822e-01
-2.094998359680175781e-01
-3.113351464271545410e-01
1.649337410926818848e-01
1.429699957370758057e-01
4.906228184700012207e-02
2.101633101701736450e-01
2.483095228672027588e-01
-4.035920500755310059e-01
-3.274870812892913818e-01
-3.504830002784729004e-01
2.303352765738964081e-02
1.853934824466705322e-01
-2.861233353614807129e-01
2.548443973064422607e-01
-2.259206771850585938e-01
4.082635045051574707e-02
3.702677190303802490e-01
-3.802341222763061523e-02
1.478483676910400391e-01
9.206795692443847656e-02
6.106635183095932007e-02
-2.365717440843582153e-01
5.758345359936356544e-04
2.330029010772705078e-01
-1.276471912860870361e-01
-3.408136069774627686e-01
2.916596531867980957e-01
-1.998776495456695557e-01
-1.593582183122634888e-01
-1.401994526386260986e-01
-8.086846768856048584e-02
-3.662039637565612793e-01
-3.746163547039031982e-01
4.209373593330383301e-01
4.472002759575843811e-02
1.235610023140907288e-01
2.709808386862277985e-02
4.545544739812612534e-03
2.229668200016021729e-01
6.048036366701126099e-02
1.435019075870513916e-01
-6.910900771617889404e-02
-3.615346550941467285e-01
-2.457009255886077881e-01
4.129691720008850098e-01
-3.855981677770614624e-02
-7.811196148395538330e-02
7.460122555494308472e-02
1.003537029027938843e-01
-3.417260572314262390e-02
1.125931516289710999e-01
-3.791364729404449463e-01
1.399920880794525146e-01
-3.609013557434082031e-02
-1.957885026931762695e-01
-3.993884474039077759e-02
-3.068619174882769585e-03
-3.758604228496551514e-01
3.354424238204956055e-01
-2.502245306968688965e-01
-2.442278414964675903e-01
4.611102640628814697e-01
-1.698955446481704712e-01
-2.273957431316375732e-01
4.050018265843391418e-02
4.997838437557220459e-01
3.929927945137023926e-01
7.962149381637573242e-02
-1.989499628543853760e-01
-1.908601969480514526e-01
-2.333818376064300537e-01
-2.154938727617263794e-01
-6.260363459587097168e-01
-3.648203015327453613e-01
-1.717321425676345825e-01
2.278476953506469727e-01
-3.849500045180320740e-02
2.374144047498703003e-01
-3.485697209835052490e-01
4.887874051928520203e-02
-5.088405683636665344e-02
2.548683583736419678e-01
8.475263416767120361e-02
-2.366947233676910400e-01
2.199214249849319458e-01
2.044780701398849487e-01
1.116194128990173340e-01
1.535802781581878662e-01
-4.746572300791740417e-02
-3.427863717079162598e-01
-8.874593675136566162e-02
-9.308797121047973633e-02
2.948927283287048340e-01
4.607643187046051025e-01
-2.264247238636016846e-01
2.553780972957611084e-01
1.421545743942260742e-01
-3.968144655227661133e-01
-4.458562731742858887e-01
-4.690142571926116943e-01
-2.177244722843170166e-01
9.688717313110828400e-03
1.663220226764678955e-01
5.936249345541000366e-02
1.476273983716964722e-01
5.170731619000434875e-02
-7.315674424171447754e-02
2.850050628185272217e-01
-4.127602279186248779e-02
3.056808114051818848e-01
-4.365379214286804199e-01
-1.660791598260402679e-02
-9.322653710842132568e-02
2.233930379152297974e-01
1.885164082050323486e-01
-1.595496386289596558e-01
2.115111798048019409e-01
-1.223661303520202637e-01
6.493594497442245483e-02
-5.175492167472839355e-02
2.721371948719024658e-01
4.648517817258834839e-02
-2.754965126514434814e-01
-4.566443711519241333e-02
2.261726111173629761e-01
2.262074202299118042e-01
-7.479398846626281738e-01
-5.560892820358276367e-01
-1.926795244216918945e-01
-1.654165685176849365e-01
2.755352854728698730e-02
2.257529795169830322e-01
-4.049967601895332336e-02
-1.506568342447280884e-01
1.327633261680603027e-01
1.353880763053894043e-01
1.631136424839496613e-02
-2.044446766376495361e-02
-5.804318189620971680e-02
-7.325839251279830933e-02
6.203896924853324890e-02
2.949326634407043457e-01
1.844238340854644775e-01
1.890964210033416748e-01
-5.829770117998123169e-02
-3.139403089880943298e-02
-4.976504947990179062e-03
-1.629157513380050659e-01
-2.753172218799591064e-01
-4.873908311128616333e-02
2.827617526054382324e-01
-8.183272182941436768e-02
5.520300865173339844e-01
8.916615694761276245e-02
-7.272124290466308594e-02
-1.666152626276016235e-01
8.369766175746917725e-02
1.714669540524482727e-02
1.722734719514846802e-01
-1.145570427179336548e-01
-2.863969206809997559e-01
5.551214143633842468e-02
7.427543401718139648e-03
-3.920841813087463379e-01
2.548872530460357666e-01
1.629858911037445068e-01
-3.111795149743556976e-02
-1.578055024147033691e-01
-3.836719095706939697e-01
5.915836617350578308e-02
-9.789629280567169189e-02
4.833807237446308136e-03
1.945798099040985107e-01
-2.036192920058965683e-03
-1.976056843996047974e-01
1.249653548002243042e-01
1.430362164974212646e-01
1.726847887039184570e-01
-9.526060894131660461e-03
-3.264398872852325439e-01
-2.811833657324314117e-02
-1.108210310339927673e-01
-6.433914601802825928e-02
9.586210548877716064e-02
2.705852389335632324e-01
