-2.430125792048157610e-02
6.503133710809762269e-02
-6.543308043803600094e-02
-6.188829560468343816e-02
-8.738228653604501045e-03
-6.226342385797341977e-02
1.167854241365100659e-01
1.485427716310700266e-02
6.875903048173080158e-03
3.571089708580763022e-02
1.033379634252857560e-01
-1.044552631117559582e-01
-2.468782292734547981e-02
-3.026913993575378395e-02
-1.677372967754791819e-02
4.108658637797917837e-04
7.684626964828122908e-02
1.251786879483512416e-01
-1.886139891583249462e-02
2.026666607065509204e-02
1.193890913777724549e-01
-1.390389371437205507e-02
-2.769153884800921311e-02
2.001106112643344717e-02
-7.790074243189471295e-03
7.567824330839943714e-02
-6.032932655322044424e-02
-6.605067881135485985e-02
2.966626843471043690e-02
-1.043727228573441967e-02
5.564149907761092168e-02
3.747252308494482959e-02
7.453415070102668849e-02
4.106084555974356259e-02
1.702250642843513434e-02
4.319018849488764911e-02
5.149544932664543509e-03
-3.056885538512483722e-02
5.273184737701903935e-02
1.900562889589903562e-02
-4.106830817825381924e-02
-1.070623264942560660e-02
-2.801836699593207233e-02
-2.187438325820236645e-02
3.974864225106328197e-02
-5.483720869850872148e-02
-2.748840992904517250e-02
-1.640684382142095638e-02
-1.208446234749622518e-02
-1.440611990291992307e-02
-9.951340221951666953e-02
-2.740119442279860887e-02
1.251961902170158764e-02
-5.573735371051050796e-02
5.752661055059379164e-02
-9.899655945633167864e-02
5.869708566905182390e-02
7.236891742736445421e-02
-7.129112652596777955e-02
6.798152618336751607e-03
1.394451787362600359e-04
3.568240438424533090e-02
-1.252930418037631888e-01
3.890284917919209495e-02
2.839717183716821552e-02
2.365096356505546477e-02
-3.646700193228334663e-02
-9.030689083431188424e-02
-8.803434223360346450e-03
1.480625579440742259e-02
1.383801216544638668e-01
-4.493857535733686293e-02
1.748054900758489903e-03
-4.705524004920985659e-02
1.697136423508358374e-02
-1.263360607333936965e-02
-2.907998091036563190e-02
6.144566861678374403e-02
-6.694488656133382176e-02
-6.405810494780796172e-02
7.212685771715282579e-02
7.241391202366184721e-02
-6.818131453742326542e-02
2.874628352812662324e-02
-1.825692852654279413e-02
2.778346893703138865e-02
-3.694857595681922150e-04
3.118900513947423653e-02
8.757927982824123547e-02
-5.273572232971020235e-02
4.560043984952749652e-02
7.535369122492138749e-02
2.301573980012680543e-02
-2.011033327608205933e-03
1.552645730605411167e-01
3.004216278632594606e-02
-1.135840804984742866e-02
-7.605584086075652117e-02
-1.712760212238637753e-02
2.634639844145404697e-02
-6.839068339565035175e-03
5.882263687231096237e-03
-7.176030018887966100e-02
9.766257022651926578e-02
-5.122896082708269794e-02
-3.053826617341277513e-02
4.802052393937218666e-02
-3.480026952305701610e-02
1.531706211319708646e-02
6.719654302110537880e-02
-1.494451602167394186e-02
5.683897659698237265e-03
-1.566995983471958509e-01
-1.810532656013397190e-02
5.946090964017357490e-03
-2.252986074761211335e-02
7.417243600859703412e-02
-3.891731612525001216e-02
3.083036168051029452e-02
3.310685705562789460e-02
4.129489543835527382e-02
1.930241846528130828e-02
-6.420029142899280616e-02
-2.742354123734764768e-02
3.152883130831745512e-02
-1.904782073515282059e-02
4.210908695429853299e-02
1.369902910388924415e-02
-1.041289052250820302e-01
7.779258234464137174e-03
6.808969054572312600e-03
2.038313524666676008e-02
-6.769166142463082202e-03
-2.334789301542842740e-02
-1.598207650073508318e-02
3.423480003669201327e-02
8.841092060158105281e-02
-1.124986457142314045e-01
-6.939082646966500401e-02
-2.187598898661234290e-02
-9.495578067851020987e-02
8.409320240920477654e-03
9.059309696053192973e-02
-1.523165412018731221e-02
5.886360945239934445e-02
-5.416971817174000975e-02
9.426843999691403297e-02
1.892506117367140708e-03
3.306456774404251814e-02
-5.093488167253515386e-02
-2.482487244565112147e-02
-8.174852599315630963e-02
4.326201705306929879e-02
1.366536609365010327e-02
4.295444909586160903e-02
-5.725334943402604626e-02
-7.638944932086845496e-02
6.387435079229973611e-02
1.028410665792189177e-01
7.553868002996315910e-03
-2.215089174244906992e-02
1.919866515344064231e-02
4.691824696225408743e-03
3.538128670133202508e-02
1.583643231683994762e-02
2.195306737037292996e-02
-6.074880642742747083e-02
-4.692291366388435386e-02
-4.258662955740041139e-02
9.141691258668960263e-02
3.762615315986720527e-02
2.358928067956431174e-02
1.178702381759043523e-02
2.110129086537447518e-02
8.466899028239171371e-03
-9.695138473454109965e-03
4.181510356204167639e-02
3.141824638306054546e-02
1.797678278529074927e-02
2.906806534533826203e-02
-2.927593449769149217e-02
1.129972628614488682e-02
2.342738255686533516e-02
-3.332897512382363130e-03
1.133374070979004502e-03
3.672617915195593857e-02
-8.219599581689950030e-02
1.822237715005340514e-02
-1.881756885739153951e-02
5.307892582934117462e-03
-8.327163206675562701e-02
-9.077286159060834331e-03
3.265963005769324107e-02
-1.432007833975477464e-02
-4.048125797566529821e-02
4.140578817097511494e-02
1.270485697970324679e-01
-2.184215069718041871e-02
-7.220590948811800303e-02
-9.355307174488177585e-03
-6.138042713616888996e-02
8.047730210472803236e-02
-1.667718589816354069e-02
-2.930049410517185024e-02
1.647653311843021509e-02
4.867542086989462384e-03
-1.695842863065626267e-03
-8.949918037339930910e-03
4.495317226650356879e-02
5.217900825277977522e-02
-4.756723655646953597e-02
-5.073763529428497454e-02
-1.022783502587112751e-02
-1.041102401286018650e-03
1.201749543560803185e-02
6.934967604532248087e-02
7.317322490687570846e-02
8.441593671920061270e-02
3.118537472263251510e-04
3.359618868073016573e-02
1.971407319230617308e-02
-8.561323895937927864e-02
2.521326206616086169e-03
-2.911823110533294859e-02
3.369605506959333363e-02
8.343195524178092723e-03
-4.609428940270128561e-02
5.504234178541365236e-02
-2.487724073833169625e-02
-4.071765745048074037e-02
-9.080139362311145934e-02
-3.888148734820444374e-02
3.180668559475654383e-02
5.574973782674590150e-02
-8.443738063215171230e-02
-3.644267147028428661e-02
2.638879719565735693e-02
2.267756211071619149e-02
-4.931186816909094439e-02
4.896998311099787921e-02
-8.816232853511160594e-02
7.200036941147765213e-02
1.494916904297696747e-02
1.931305491971159471e-02
-3.263236858558268144e-02
1.762004431189519160e-02
4.465801236610394964e-02
-3.338246434831756287e-02
-8.581425084770269440e-02
-9.090060164622612918e-03
-2.071989531216696795e-02
2.086474945716390236e-02
-3.604950570552634820e-02
-4.784813813580167385e-02
3.539370843846733478e-02
-6.235364048600859632e-03
-9.271081161752071920e-02
-1.137436033743559477e-01
-5.355604605233947602e-02
1.794435698964651389e-03
7.815851399794324084e-02
-3.007751275191805976e-02
-6.561707399927095563e-02
6.550148207424365265e-02
1.559065668774134265e-02
5.719927110044027707e-02
-3.052334093639226878e-02
3.259620806060151144e-02
-7.989981445088133183e-02
-7.641962128259964515e-02
7.247138820852623044e-03
-1.166983625339449715e-01
-2.848171625952087074e-02
-5.887584650511688833e-02
6.127697650156844339e-02
-6.259222368305995821e-02
5.157092198199604571e-03
-7.682647421476274108e-02
7.714318747073138638e-02
1.871421911520449941e-02
2.050613506889535295e-02
-8.646546862521761745e-02
-7.564080025273936525e-02
1.743983165110161646e-02
7.552896357753986767e-02
4.437273992221814345e-02
-3.909990745294270736e-02
1.543648110977021044e-02
-3.150319779514863805e-02
4.930560599929613430e-02
3.541571238981488113e-03
9.802881994742948524e-02
3.061663392801588016e-02
-2.670798317077491615e-02
-2.840559207858537986e-03
-8.203472527921272517e-02
5.985136755515815116e-03
-3.153484381214010507e-02
-6.172623844818028033e-02
-6.551106514347634913e-02
4.676722469971212465e-04
-4.800977120216034372e-02
3.541084988850096843e-02
9.122158487433505020e-03
-4.849677033146793798e-02
-5.799590049628722266e-02
-3.543607641193435159e-02
5.461334980867149635e-03
7.353909157862317802e-02
1.646282372049329840e-02
-5.671852388068206879e-02
-3.034084195090845301e-02
1.965393105367059870e-02
3.623909794068489593e-02
1.205389793137729045e-02
3.318938704979423199e-02
-5.558745152476144563e-02
4.602724553897235421e-02
8.959384481782887988e-02
5.239142611394081300e-02
-2.441806397455156472e-02
-8.994991295518960789e-03
-8.226058748197037640e-02
3.343528751187891529e-02
-6.999928039924335418e-03
-2.740620997277353615e-02
-5.568586779893701377e-02
-6.121070215624685451e-02
-2.109028846219047557e-02
2.644754223087339082e-02
-2.723682700103253682e-02
1.747857433784963041e-02
-4.563184646079223444e-02
-2.387498576379913293e-02
-3.872752723538736876e-03
3.932051298995780514e-02
4.955340118670377436e-02
-1.096419231997369965e-02
-1.259602450436598381e-02
-3.326195776572873908e-02
7.154857660432613342e-02
-1.999766295594127344e-02
1.464502287762056536e-02
-4.965071277445458342e-02
-7.180218251072960356e-02
-3.416068344377921201e-02
3.005511805622367374e-02
1.254616107960333238e-01
3.588746564943223749e-02
-6.664715133933097994e-03
-2.001646827577566179e-02
1.113465501154223686e-01
4.103311981152724282e-03
-1.182341707913880519e-01
-4.129886273325531626e-02
1.924967396360158928e-02
8.864626327111709697e-03
-2.373193400191626889e-02
4.918522253965248309e-02
4.039636128488617584e-02
-2.687186836100572546e-02
-2.135237446144279752e-02
-1.282832330109077643e-02
7.072258580613705048e-02
7.158781178285483771e-02
-2.299106390986489692e-03
1.113040829595828528e-02
3.468799165730397649e-02
1.753121965715684696e-02
1.480376255476765351e-02
-6.538400226405702287e-02
2.745667327988572659e-02
5.105777889230943972e-02
-7.585933835030008463e-04
9.042851920373452118e-03
3.510744759093832601e-02
5.861262332866262054e-02
1.464054086040805953e-02
-4.371115245665414817e-02
1.484944629754983772e-02
3.244858364933816269e-02
-7.257765870057933388e-02
4.217008069330489134e-02
4.929775007137768977e-02
