1.333280494445609754e-01
-1.135395085009360400e-01
-1.225253243430655947e-01
7.626126207833726356e-02
2.953973233944005017e-01
1.735992958644636541e-01
1.758588495851489131e-01
-7.710331185512561691e-02
-3.151455888594652532e-01
-1.101388551910299080e-01
-1.042100241630866536e-01
4.432363647167999465e-01
-1.351061796727558439e-01
-3.362333267207781584e-01
-2.806925532706592841e-01
2.251721104612417479e-01
3.936273450434312760e-01
-2.172557868625620559e-01
-3.351055431751218810e-02
-1.068095169520140719e-01
