-9.508441886576454727e-02
4.375202464652273859e-02
-2.952919217910493065e-03
1.669047209896897671e-02
8.376337699584054941e-03
-4.446604846609267248e-02
1.165837462313618067e-01
3.814936602133940646e-02
-3.126739117550318692e-02
2.500834730962388577e-02
9.959697194721113533e-02
-7.817680103384734569e-02
-2.049151050675973584e-02
-1.556292789906416757e-02
-4.907057403903695991e-02
6.097906454188915804e-03
3.697500021182999197e-02
1.028363755342380330e-02
4.525230758799790587e-02
1.025455940809367160e-02
1.427035428603130873e-01
-2.628982906217341986e-02
-3.997971389776431433e-02
4.280861403552955330e-03
-1.402601264898188128e-02
4.202493507310203075e-02
2.993005152827678608e-02
-4.741700259361669723e-02
3.649350687014962791e-02
-1.046067742184182865e-02
1.887827781981483294e-02
-9.615040270547620810e-03
8.484921714424065176e-02
2.296065822205416163e-02
5.044906642816672331e-03
-2.716624028487055892e-02
1.765194229913268770e-02
-2.655399035574943292e-02
3.045479480274702628e-03
-7.872758376035338818e-03
-5.502563403747776777e-02
-1.285515445136260759e-01
-3.639215753390904334e-02
-6.799954638022642772e-02
5.353512500583232359e-02
2.998976668119621679e-03
4.324324071598969338e-02
-2.736672990101286437e-03
-6.737695137841990568e-03
-8.413412735762991479e-02
-2.428142803777235889e-02
-1.639783512997343429e-02
1.091135164050364287e-02
-3.499976023087308930e-02
9.164003806352742643e-02
-3.485070199727616919e-02
1.712638084150756163e-02
-6.615982471340545006e-03
3.544399665002127831e-02
2.925664517632969603e-03
3.724989753448458736e-04
-4.127923004112309807e-03
-1.292801894914319127e-01
-2.730538410868394925e-02
5.870306837449768868e-03
-1.305689131002959157e-02
-1.362873375787186647e-02
-4.340780281405400703e-02
-2.570496287948303895e-03
2.412494926857190747e-02
1.039747061599439887e-01
-6.747328242283229249e-02
-7.385846775810463172e-02
6.374599732774725337e-03
3.773497362498690749e-02
3.983272651131256753e-02
-1.131969643014899690e-02
2.657380695792919620e-02
-3.982620548084805229e-02
-6.985779266052154213e-02
4.852040676341550646e-02
4.236711660189380890e-02
-4.609798291862738512e-02
1.329219666200675762e-02
3.414176977385815354e-02
6.034639783143778968e-02
-9.348747806476705863e-03
1.293785577851744306e-02
-4.537736934578944295e-03
2.604800802483867549e-03
6.146031200865036820e-02
2.173488164684040519e-02
3.670048468252811585e-02
-3.826667737407065534e-02
1.224310244391553504e-01
4.838095292339970530e-03
-1.080941739684668744e-02
-6.391317241951760542e-02
1.366544334145357587e-01
2.451766343835675918e-02
2.478741113226982234e-02
8.264711860744224092e-02
-7.962848320869421459e-02
7.178919054719849757e-02
-6.521458073073249651e-02
5.676805185042362555e-03
4.868594014376914636e-02
2.722647811288986947e-02
-1.850673943654543990e-02
-4.601218478922993946e-03
1.675277161109299529e-02
-7.277537194032389356e-02
-9.482458558163500695e-02
-2.250210302500542728e-02
4.148627046761143439e-02
-3.248050442879380634e-02
2.323088850276506731e-02
1.833199414617728285e-02
9.501826171360459872e-02
-5.424762470633819056e-02
-2.836185213087233370e-02
-1.994003024379826551e-03
-3.295406257743116463e-02
-9.315069814832961995e-03
6.679844281863907274e-02
-1.788145966388256583e-02
6.879392090163714835e-02
2.834892002642887959e-02
-8.266713068781859908e-02
-1.582611332883061828e-02
3.817292877989609309e-03
-1.255318370391435984e-02
-3.672982168375139161e-02
1.480788267450420213e-02
-7.804464555556220318e-02
6.868918276759779055e-03
1.185432563261864941e-01
-3.183619607543119318e-02
-4.967852344783300900e-02
1.003630418366243358e-02
-4.824878064620704426e-02
-1.492594845090043296e-02
6.700297409921331104e-02
5.117234339143327156e-03
-8.604646306579208717e-03
-7.284890839440526233e-02
2.787983344153862134e-02
1.139651783423720720e-02
6.252173418138369521e-02
-3.924348803114679346e-02
9.048982602868471670e-02
-5.314118757014534705e-02
1.518749216925017152e-02
-1.976349625157259801e-02
8.845679322433934108e-03
-2.560040953342640133e-02
-1.948314691984110586e-02
3.717474227658766617e-02
8.689088916857146128e-02
8.161714398958605510e-02
6.384543922439762931e-02
5.463519077455492035e-02
4.250813274030895705e-02
7.018318444483395702e-02
1.159526204388820203e-01
9.692018209910448559e-03
-1.368817745571751232e-01
-4.347424707481519629e-02
-2.054011585490826339e-02
9.014357305557949007e-02
-6.120769767323413005e-03
2.783165417477173262e-02
-8.265018211730449857e-03
3.562870827406892926e-02
4.089267954322461235e-02
2.483127918849776031e-02
5.403605010199290931e-02
4.617936904404076198e-02
-9.198729286239018532e-02
5.123999717353588251e-02
-5.160535203166456697e-02
-9.375571691135015095e-02
-5.248700298633448072e-03
2.251535125434493689e-02
-6.149522242923670043e-03
8.722601210185808307e-02
5.612601134957618393e-02
-1.501900523551985903e-02
-4.265889835377924960e-02
9.065394219211304894e-02
-4.555835313954110372e-02
-3.216150844672623164e-03
1.786083060544820661e-02
4.849680887987036643e-02
1.363366041929541146e-02
2.460004528083403752e-02
3.928837471203979609e-02
-6.126100976983503421e-02
-3.822317125794109927e-02
-3.388494196700125860e-02
-9.329163945524762691e-02
3.580027093504878355e-02
3.679742659630485385e-02
8.833840674152682385e-03
3.971717446235067256e-02
1.718011749231669605e-02
-6.472832871670378130e-02
-3.505668409259075913e-02
-6.975066450009413666e-02
2.667206071366589378e-03
5.518189442088046459e-02
-5.233253092299594567e-02
5.546092122043812245e-02
2.805792018732981494e-02
-8.013937922005451645e-03
4.028605266660240103e-02
8.441061599497865983e-03
8.151642995748439868e-02
-1.195859400811681572e-02
5.991711549432907763e-02
-3.306620597533994899e-02
-1.304443110217010440e-02
9.943752129855308944e-03
-6.334265708536940265e-02
3.028345472729181143e-02
-1.970939155197143702e-02
-3.088215862825830632e-02
1.999691554438731006e-02
-1.896839479561828953e-02
-2.614886790200106337e-02
-6.444660187455565625e-02
-2.765248619020562598e-02
1.125489388080452326e-02
-1.399985827714690829e-02
-1.165227509253306815e-02
-5.203568506407997563e-02
8.330418191313264387e-02
1.219906273339621365e-02
4.464389086413812768e-03
1.768510639692366659e-02
-5.729760381217141596e-02
-4.029421388131022158e-02
-3.116864414275476863e-02
7.010760768707562096e-02
-8.493646761555186109e-02
4.049544952166374279e-02
4.292231133238392365e-02
4.175355024929248982e-02
-5.033177492868981528e-02
5.578836552581476621e-02
-1.531820905018225001e-02
4.748961968930472122e-02
-6.007442428227835127e-03
-3.819795151623359142e-02
-2.495979846689155845e-02
2.747654054153650383e-02
-6.005623488336789273e-02
-5.188655963485297451e-02
-5.144929934384575437e-02
-2.719540318832499443e-02
6.626839147118591955e-02
9.387638040971831629e-04
1.772354077015564008e-02
6.097832386278487227e-02
5.062109487703689986e-02
9.980149101039807735e-02
-1.818792060659352519e-02
2.754276794367334358e-02
-2.104134333140420324e-02
-6.134755163268358624e-02
-2.369920233790941480e-02
-9.985237642844907446e-02
-1.412041884402717440e-01
-7.425860551783983188e-02
6.424046400755316355e-02
-2.116715187699366729e-02
-3.268236239231227594e-03
-9.063013050429037654e-02
5.346142972571621410e-02
-1.894021539184046962e-02
7.405219886831701515e-02
-3.548722482059004507e-02
-3.189747238136991098e-02
2.227168462794312451e-02
8.401353563641206917e-03
-6.531778100114707386e-02
3.929151458057259655e-02
-1.420046472205514602e-02
-2.976222738780680277e-02
-5.043097705911468026e-02
6.127741313944144903e-03
3.644077662661827227e-02
1.455364984070709466e-01
-7.239435744603990239e-03
3.771602445730453529e-02
-2.547511259092958766e-02
-8.892119902272520304e-02
-1.101209682694287567e-01
-1.134956427684990082e-01
-1.980678245473098051e-02
-4.185438645526701196e-02
-3.218867075301239805e-02
-3.027489950184398051e-02
-1.781572401158403735e-02
-7.131981685370698820e-02
-9.851927774178472971e-03
5.759761397439475822e-02
-1.785889109521637125e-02
9.881348311787326033e-02
-7.414268083856567770e-02
-7.961370017007675381e-02
-5.965648808002586845e-02
5.675378346924563749e-02
7.526860470748153453e-02
-4.549389649497419426e-03
3.398091565283549442e-02
-7.995136431991910209e-02
7.126905971822251884e-02
2.760569359689582503e-02
5.239205403385895771e-02
2.672926404811775888e-02
-9.954307952471408080e-03
2.269573334177270307e-02
5.898783047379995564e-02
7.368801077067425875e-02
-5.537533842249160732e-02
-1.678048980850072383e-02
-7.002580006180084138e-02
-1.310479415840910822e-02
-2.036546983081181580e-02
3.324341917794011031e-02
1.800106177673015465e-02
-6.093446344242399448e-02
-3.006799499378921478e-02
-1.201056219211613313e-03
4.981860495612068507e-02
1.619373451230106745e-02
8.307635818369545067e-02
-6.015235517784957298e-02
8.640114298177861696e-02
4.689307521154122832e-02
3.216280348977866577e-02
-4.354607920337000976e-02
-2.130364147341892375e-02
-2.100669787540465627e-02
-2.264398354357114243e-02
2.386059707831953564e-02
4.661421945540559358e-02
-5.959646405628408333e-02
-8.739751978459514570e-02
-6.517911976413152952e-02
1.058743877092234859e-01
-6.620264283791339440e-04
-4.601866764035918156e-02
-7.387940835991479993e-02
5.522652453664043948e-02
3.091827933377277321e-02
-9.933271902323046604e-03
-7.855269338851118832e-02
-1.972558875316738139e-02
9.490903216256381045e-03
-6.545054734879657277e-02
-9.068433905168347964e-02
1.748119056723402079e-02
-2.549997650123235482e-02
-1.336382109497769380e-02
1.692329197621991266e-03
2.840085003109292863e-02
-7.051498730312528995e-03
3.607907782163526783e-02
-3.097339196782512502e-02
2.014830424460925182e-02
1.706289929716351197e-02
-8.293246485057418488e-03
3.840919014242847457e-02
9.255545940383243936e-03
5.508191343201604417e-02
1.848406091139366200e-02
-1.199826600268097815e-01
4.244086380590588597e-02
-7.834957016182180628e-03
-1.311221469401264300e-02
7.508181307324823806e-02
8.873201278058363492e-03
