-6.343209930514283335e-02
-1.133740383498578336e-01
-2.789874961973325407e-01
2.269042452729691794e-01
2.926656434007836594e-01
2.260871506628203687e-02
1.559884650853235466e-01
-6.776702781211212112e-02
-4.460519148519812571e-01
-3.029517122717322736e-02
-1.094335879071292872e-01
3.865348366183846140e-01
-2.148077308590570222e-01
-4.103577818823246903e-01
-1.225206863031588767e-01
5.153827731742307433e-02
2.628920501962933032e-01
-2.234185908564331469e-01
-8.263869529071414533e-02
1.392422369700301032e-01
