-2.214331626892089844e-01
1.102346330881118774e-01
-2.069075405597686768e-01
-2.045120596885681152e-01
-4.525912459939718246e-03
5.776537582278251648e-02
-6.450017541646957397e-02
1.292208135128021240e-01
1.899738982319831848e-02
-8.760628849267959595e-02
3.055855929851531982e-01
-2.171943038702011108e-01
-2.428963333368301392e-01
-8.336304873228073120e-02
2.243120968341827393e-02
-1.743764430284500122e-01
-5.272192507982254028e-02
1.803942322731018066e-01
1.481887996196746826e-01
1.297490596771240234e-01
5.100486278533935547e-01
1.103779077529907227e-01
-2.767934799194335938e-01
1.346228551119565964e-02
5.669469386339187622e-02
2.173312939703464508e-02
-7.187351584434509277e-02
-2.917264699935913086e-01
2.438270300626754761e-01
1.171861886978149414e-01
1.042432412505149841e-01
1.764128953218460083e-01
2.389516234397888184e-01
4.359413981437683105e-01
3.059064447879791260e-01
-6.272596120834350586e-02
-2.090521454811096191e-01
-2.910950183868408203e-01
6.732276082038879395e-02
3.952858746051788330e-01
-4.393510520458221436e-03
-3.529399633407592773e-01
-3.763203024864196777e-01
-8.299431949853897095e-02
3.628970123827457428e-03
-1.282327473163604736e-01
8.995922654867172241e-02
2.672042548656463623e-01
-6.942820549011230469e-02
3.230933547019958496e-01
-2.188830524682998657e-01
2.919275127351284027e-02
-1.841676607728004456e-02
-1.403030939400196075e-02
1.458906978368759155e-01
-3.210236430168151855e-01
1.465141177177429199e-01
4.882366955280303955e-02
-3.313952311873435974e-02
2.839318662881851196e-02
1.826329231262207031e-01
-3.679120168089866638e-02
-4.914364814758300781e-01
-1.277458816766738892e-01
2.802754938602447510e-01
-1.942986249923706055e-01
4.832627624273300171e-02
-2.245560884475708008e-01
-5.810618028044700623e-02
-7.519896328449249268e-02
1.575856059789657593e-01
-3.372960686683654785e-01
-2.912133336067199707e-01
-1.121633052825927734e-01
1.253821551799774170e-01
5.458068847656250000e-02
-1.687744706869125366e-01
4.205283522605895996e-02
-2.448584586381912231e-01
-4.258649349212646484e-01
9.340202063322067261e-02
1.816831380128860474e-01
-1.020532250404357910e-01
1.876512914896011353e-01
6.325498223304748535e-02
-1.070207543671131134e-02
1.320797801017761230e-01
2.317975461483001709e-01
3.268519639968872070e-01
1.001831050962209702e-02
3.722362965345382690e-02
1.592678129673004150e-01
3.022094368934631348e-01
-5.789537727832794189e-02
2.409476488828659058e-01
1.232861578464508057e-01
1.634989306330680847e-02
-1.826028712093830109e-02
1.471216529607772827e-01
3.602018654346466064e-01
6.427790224552154541e-02
1.482235938310623169e-01
-3.298421502113342285e-01
1.247545778751373291e-01
-2.276774197816848755e-01
-1.942466385662555695e-02
-5.598234757781028748e-02
1.445400062948465347e-02
-2.274144813418388367e-02
2.129195779561996460e-01
-1.169849932193756104e-01
5.318211764097213745e-02
-3.077965676784515381e-01
-3.499861359596252441e-01
2.975874766707420349e-02
1.315005570650100708e-01
1.039765775203704834e-01
-2.036904692649841309e-01
-3.840412944555282593e-03
-2.619882822036743164e-01
1.283909678459167480e-01
1.894994527101516724e-01
-2.881079353392124176e-02
1.593703329563140869e-01
-2.789457738399505615e-01
-6.205246970057487488e-02
2.483997941017150879e-01
4.812874644994735718e-02
-2.482921183109283447e-01
-7.292705774307250977e-02
2.399998307228088379e-01
8.603557944297790527e-02
-2.000884711742401123e-01
-1.194586157798767090e-01
-1.792579591274261475e-01
-5.634955316781997681e-02
1.951054036617279053e-01
-2.138378322124481201e-01
-1.688936352729797363e-01
-1.863852739334106445e-01
-1.950731426477432251e-01
-5.350087285041809082e-01
-1.133697479963302612e-01
-1.374419331550598145e-01
5.498981475830078125e-01
1.455346196889877319e-01
3.095162212848663330e-01
3.222791254520416260e-01
2.451620697975158691e-01
-4.545995593070983887e-01
1.795826703310012817e-01
-1.530815754085779190e-02
1.727162152528762817e-01
1.765132099390029907e-01
-1.410081386566162109e-01
-7.775371521711349487e-02
2.015382349491119385e-01
1.461903154850006104e-01
6.719338297843933105e-01
-1.137468963861465454e-02
-3.944964334368705750e-02
1.519701033830642700e-01
3.794120848178863525e-01
1.205166131258010864e-01
3.903864026069641113e-01
-3.193179666996002197e-01
-4.071042537689208984e-01
1.312139257788658142e-02
-2.298115752637386322e-03
3.015960752964019775e-01
-6.720696389675140381e-02
-5.206925794482231140e-03
2.295848280191421509e-01
2.879400253295898438e-01
-1.735189370810985565e-02
7.178364694118499756e-02
8.444333076477050781e-02
-1.317258086055517197e-02
-1.316873729228973389e-01
1.597718596458435059e-01
-4.371887743473052979e-01
-1.724655330181121826e-01
4.095480591058731079e-02
-2.075687050819396973e-01
-3.552345037460327148e-01
-8.023912087082862854e-03
-2.335718721151351929e-01
-1.482167392969131470e-01
-1.052117124199867249e-01
2.221303731203079224e-01
-2.877174317836761475e-01
-5.925266072154045105e-03
-4.654785394668579102e-01
1.181112751364707947e-01
-2.286684364080429077e-01
6.384623050689697266e-02
4.684948325157165527e-01
1.302902847528457642e-01
-1.762113720178604126e-01
8.501827716827392578e-02
-2.717315554618835449e-01
3.513365089893341064e-01
8.604008704423904419e-02
-8.731745183467864990e-03
4.763920903205871582e-01
1.857129335403442383e-01
1.793794929981231689e-01
-7.272298634052276611e-02
-7.495714724063873291e-02
1.011198200285434723e-02
1.684384793043136597e-01
-2.005869150161743164e-02
1.463952511548995972e-01
8.494386821985244751e-02
2.348923087120056152e-01
1.146060228347778320e-02
5.679069831967353821e-02
1.921600699424743652e-01
-3.389876186847686768e-01
4.224448651075363159e-02
-1.626742780208587646e-01
-2.706256806850433350e-01
3.488197922706604004e-01
6.826695799827575684e-02
1.554514616727828979e-01
1.169781312346458435e-01
-6.317740082740783691e-01
7.279374450445175171e-02
-6.911344826221466064e-05
-1.172975376248359680e-01
-2.163498699665069580e-01
-1.425147354602813721e-01
2.198884636163711548e-01
1.117920726537704468e-01
1.105966940522193909e-01
-4.435881674289703369e-01
1.395860910415649414e-01
6.957251578569412231e-02
1.995562911033630371e-01
7.331737130880355835e-02
1.748283356428146362e-01
1.850645393133163452e-01
-6.052286922931671143e-02
1.015756279230117798e-01
-5.563430190086364746e-01
-2.148076891899108887e-04
-7.199360430240631104e-02
2.186964452266693115e-01
-3.064249455928802490e-01
-1.496859043836593628e-01
-8.588216453790664673e-02
-2.694726586341857910e-01
-8.353054523468017578e-03
-8.100697398185729980e-02
-8.689503371715545654e-02
-1.852631717920303345e-01
-4.192461967468261719e-01
-1.058022007346153259e-01
-2.833092808723449707e-01
1.907435655593872070e-01
8.136959373950958252e-02
-9.601102024316787720e-02
-5.530607700347900391e-02
5.705906748771667480e-01
4.036026895046234131e-01
1.836427450180053711e-01
-1.419804692268371582e-01
-3.815757855772972107e-02
-2.585552334785461426e-01
-2.729756832122802734e-01
-4.869679361581802368e-02
-4.832769632339477539e-01
-1.595005095005035400e-01
-2.429334968328475952e-01
5.328370928764343262e-01
-2.371489256620407104e-01
4.051057994365692139e-01
-4.347054660320281982e-01
2.476748377084732056e-01
1.674361377954483032e-01
-1.644116044044494629e-01
-2.838275730609893799e-01
-2.408445775508880615e-01
6.024788320064544678e-02
1.182578951120376587e-01
-2.014239579439163208e-01
-2.811938524246215820e-01
4.460167139768600464e-02
9.837053716182708740e-02
-1.247917264699935913e-01
-5.855693668127059937e-02
-7.847557216882705688e-02
1.215103194117546082e-01
-1.593886464834213257e-01
1.637885570526123047e-01
-2.088795602321624756e-01
-2.123294323682785034e-01
1.183691471815109253e-01
-2.911325693130493164e-01
-3.005287647247314453e-01
-6.919997185468673706e-02
1.407226473093032837e-01
3.244665563106536865e-01
-1.070682480931282043e-01
-4.184214174747467041e-01
-1.596944183111190796e-01
4.051225632429122925e-02
-2.361401468515396118e-01
4.080193936824798584e-01
-1.110382229089736938e-01
-1.292198896408081055e-01
1.675531864166259766e-01
7.571731694042682648e-03
2.094811499118804932e-01
-9.253960102796554565e-02
-3.233847022056579590e-02
-4.444602504372596741e-02
1.397656798362731934e-01
2.684268653392791748e-01
4.106992185115814209e-01
2.655955553054809570e-01
9.399113059043884277e-02
-3.324372172355651855e-01
3.841713368892669678e-01
1.841404885053634644e-01
-7.287330925464630127e-02
-2.357172220945358276e-02
-3.244497179985046387e-01
2.464728355407714844e-01
3.498946726322174072e-01
-1.451287716627120972e-01
4.374609589576721191e-01
1.055827215313911438e-01
-9.739023447036743164e-02
1.417429000139236450e-02
4.203816130757331848e-02
1.264118403196334839e-01
3.778438642621040344e-02
-3.023259043693542480e-01
2.212231233716011047e-02
-3.214953839778900146e-02
-5.492657423019409180e-03
-1.624930053949356079e-01
-3.357175588607788086e-01
-5.928632616996765137e-01
-2.691776752471923828e-01
2.259578853845596313e-01
5.337464213371276855e-01
5.794390290975570679e-02
4.590574651956558228e-02
-5.206103995442390442e-02
2.180206030607223511e-01
-4.749168455600738525e-02
-5.270908474922180176e-01
-1.720100492238998413e-01
2.848500609397888184e-01
-6.157136708498001099e-02
-3.375290334224700928e-01
1.858949847519397736e-02
4.661522805690765381e-01
5.970336124300956726e-02
1.735448241233825684e-01
-1.737526357173919678e-01
5.965144187211990356e-02
1.075539588928222656e-01
-9.805036708712577820e-03
-7.851922512054443359e-02
1.301414668560028076e-01
6.386154890060424805e-02
-2.583951056003570557e-01
-3.330470323562622070e-01
7.299003005027770996e-02
3.896917998790740967e-01
-1.823799312114715576e-01
-7.268600165843963623e-02
1.650710403919219971e-02
4.383260309696197510e-01
1.851191744208335876e-02
-9.593263268470764160e-02
-1.847038269042968750e-01
-5.507599934935569763e-02
-2.894964218139648438e-01
9.243024885654449463e-02
-7.751043885946273804e-03
