-2.169860154390335083e-01
3.653941750526428223e-01
-3.346177935600280762e-01
3.966232761740684509e-02
-1.881739646196365356e-01
-1.717151999473571777e-01
2.917587757110595703e-01
-4.045532271265983582e-02
-2.483537048101425171e-01
2.970568239688873291e-01
2.589178979396820068e-01
-2.631674110889434814e-01
-2.981277741491794586e-02
8.465832471847534180e-02
-7.221122831106185913e-02
3.144470974802970886e-02
1.144905686378479004e-01
2.316883802413940430e-01
3.232804238796234131e-01
9.229876101016998291e-02
4.700135588645935059e-01
-4.266544878482818604e-01
-2.166058421134948730e-01
5.466164648532867432e-02
2.458042800426483154e-01
1.217570230364799500e-01
-4.652055501937866211e-01
-5.142799019813537598e-01
1.847087740898132324e-01
1.300574541091918945e-01
-1.011093035340309143e-01
-2.893195115029811859e-02
2.250944077968597412e-01
6.799022108316421509e-02
3.905412852764129639e-01
3.182496726512908936e-01
-6.275559961795806885e-02
4.360595345497131348e-02
3.255295455455780029e-01
1.226561516523361206e-01
5.201987177133560181e-02
-2.796949446201324463e-01
-6.380645036697387695e-01
-1.772800683975219727e-01
1.337688416242599487e-01
-7.475504279136657715e-02
3.245843946933746338e-01
2.586209475994110107e-01
-2.911574542522430420e-01
2.846325188875198364e-02
-6.688764691352844238e-01
-4.359715804457664490e-02
-2.456753253936767578e-01
-3.393837213516235352e-01
7.420629262924194336e-02
-4.737730920314788818e-01
8.210574835538864136e-02
6.156485676765441895e-01
-2.050140947103500366e-01
-2.741032093763351440e-02
-9.979638457298278809e-02
9.421326220035552979e-02
-6.173540353775024414e-01
-4.754684120416641235e-02
2.628800570964813232e-01
1.490709930658340454e-02
-1.173555180430412292e-01
7.134407013654708862e-02
-6.106526404619216919e-02
-6.053636968135833740e-02
5.105119943618774414e-01
-4.462993144989013672e-01
-2.374389916658401489e-01
1.352998800575733185e-02
6.391060352325439453e-02
2.509362623095512390e-02
2.409968525171279907e-02
2.743898630142211914e-01
-1.937971264123916626e-01
-3.895626962184906006e-01
3.854352235794067383e-01
2.626497745513916016e-01
-3.657277226448059082e-01
3.191306591033935547e-01
1.609941571950912476e-01
1.091904416680335999e-01
2.694937959313392639e-02
6.138537451624870300e-02
6.638393402099609375e-01
-2.276135981082916260e-01
3.389384150505065918e-01
-1.652430742979049683e-01
5.219779908657073975e-02
-3.864293918013572693e-02
4.982314705848693848e-01
1.481178402900695801e-01
6.450922787189483643e-02
-1.212997362017631531e-01
4.931577295064926147e-02
6.922024488449096680e-02
9.091305732727050781e-02
-6.616579741239547729e-02
-5.983981303870677948e-03
3.078415095806121826e-01
-4.162120521068572998e-01
1.752857677638530731e-02
5.445110797882080078e-02
4.659336060285568237e-03
-1.068493947386741638e-01
2.731564939022064209e-01
-2.882237434387207031e-01
-1.933203935623168945e-01
-4.058232009410858154e-01
-1.402952373027801514e-01
9.764342010021209717e-02
2.096154391765594482e-01
4.940087720751762390e-02
-2.505947947502136230e-01
2.417501807212829590e-01
-1.905954182147979736e-01
-2.002097219228744507e-01
2.339709550142288208e-03
7.235416024923324585e-02
-1.995974406599998474e-02
-1.219027191400527954e-01
6.044128537178039551e-02
1.462110579013824463e-01
1.452515125274658203e-01
-7.006432116031646729e-02
-2.466721832752227783e-01
1.535167694091796875e-01
1.059768572449684143e-01
5.286053568124771118e-02
2.612075507640838623e-01
-1.079025715589523315e-01
1.037196516990661621e-01
3.382406830787658691e-01
-2.596708834171295166e-01
-2.393015027046203613e-01
-4.435693025588989258e-01
1.314594298601150513e-01
-7.338580489158630371e-02
2.512574791908264160e-01
-2.544482797384262085e-02
3.421389460563659668e-01
-9.794602543115615845e-02
3.971960246562957764e-01
2.315943539142608643e-01
6.193269416689872742e-02
-1.722069084644317627e-01
2.325081676244735718e-01
-5.682930350303649902e-02
3.628046512603759766e-01
2.410470247268676758e-01
8.081143349409103394e-02
-1.529608219861984253e-01
-7.793842256069183350e-02
2.510201930999755859e-01
6.722550988197326660e-01
-2.384187728166580200e-01
-8.195406198501586914e-02
5.665373057126998901e-02
-5.045960843563079834e-02
2.003795504570007324e-01
-5.850783362984657288e-02
-1.702754050493240356e-01
-5.179032683372497559e-01
-1.541177183389663696e-01
-9.621888399124145508e-02
3.446636795997619629e-01
1.997427195310592651e-01
7.314786314964294434e-02
-1.561118662357330322e-02
4.600897803902626038e-02
1.165083050727844238e-01
5.285988748073577881e-02
1.271810084581375122e-01
-3.880664706230163574e-02
-1.615595519542694092e-01
1.737550348043441772e-01
-4.370686411857604980e-01
2.312479354441165924e-02
9.701409190893173218e-02
-1.584708839654922485e-01
-5.824456736445426941e-02
3.811765909194946289e-01
2.627553418278694153e-02
-1.305996030569076538e-01
-6.558831781148910522e-02
1.244968622922897339e-01
-2.884502112865447998e-01
-2.026188373565673828e-02
1.741979718208312988e-01
2.726979739964008331e-02
-3.201522231101989746e-01
2.379996776580810547e-01
7.103461027145385742e-01
-3.299438357353210449e-01
-7.740437984466552734e-02
3.039311245083808899e-02
-1.489935368299484253e-01
3.052827715873718262e-01
1.695120707154273987e-02
1.430609077215194702e-01
1.666922420263290405e-01
4.198052361607551575e-02
1.155798286199569702e-01
-3.057387098670005798e-02
1.826071739196777344e-01
3.520255088806152344e-01
1.504157185554504395e-01
-4.598263502120971680e-01
-9.781107306480407715e-02
1.521722376346588135e-01
1.977041959762573242e-01
2.197284251451492310e-03
3.723566830158233643e-01
4.235182404518127441e-01
-3.096185624599456787e-01
4.992323368787765503e-02
-7.717001438140869141e-02
-7.488077133893966675e-02
-6.986885517835617065e-02
-3.014362975955009460e-02
9.646935760974884033e-02
-2.391786873340606689e-02
-2.727658152580261230e-01
1.445052772760391235e-02
-8.288338780403137207e-02
7.244327571243047714e-03
-4.050142765045166016e-01
-3.019048273563385010e-01
4.913883656263351440e-02
1.775573194026947021e-02
1.572634726762771606e-01
-3.975959718227386475e-01
4.505913853645324707e-01
1.144365072250366211e-01
-2.232226282358169556e-01
2.725244164466857910e-01
-4.080430865287780762e-01
-1.464446634054183960e-01
-3.740166127681732178e-01
2.150986045598983765e-01
-3.891987502574920654e-01
-1.253469586372375488e-01
4.884594306349754333e-02
7.914875447750091553e-02
-6.365904211997985840e-01
-1.647904366254806519e-01
1.230483204126358032e-01
-3.637140989303588867e-01
-9.270166605710983276e-02
-3.370489925146102905e-02
-6.155289709568023682e-03
2.437887340784072876e-01
-6.400600075721740723e-01
-2.535363435745239258e-01
-1.639172434806823730e-01
3.012515306472778320e-01
2.826457321643829346e-01
-1.046920120716094971e-01
-2.673891782760620117e-01
3.911234140396118164e-01
3.907497525215148926e-01
3.393810391426086426e-01
1.015324220061302185e-01
1.269845515489578247e-01
4.528155177831649780e-02
-4.228926301002502441e-01
-2.347304224967956543e-01
-6.955235004425048828e-01
-1.993595957756042480e-01
-3.190857470035552979e-01
3.372455835342407227e-01
-5.065920948982238770e-01
8.499532938003540039e-02
-2.428044825792312622e-01
4.169951677322387695e-01
8.989010006189346313e-02
-1.638390868902206421e-02
-9.732981771230697632e-02
-3.602616190910339355e-01
7.010378688573837280e-02
2.218768447637557983e-01
-1.165001839399337769e-01
-3.362745940685272217e-01
1.654859781265258789e-01
-9.567350894212722778e-02
1.629573851823806763e-01
-1.232986003160476685e-01
2.927961647510528564e-01
2.846896052360534668e-01
-9.692762792110443115e-02
4.904065281152725220e-02
-4.931574761867523193e-01
1.389414072036743164e-03
2.187091484665870667e-02
-2.884882986545562744e-01
-4.730890393257141113e-01
-2.110471017658710480e-02
5.448713898658752441e-02
2.988232672214508057e-01
9.103096276521682739e-02
-3.314766585826873779e-01
-2.797393500804901123e-01
2.406704425811767578e-01
-1.202557981014251709e-01
4.138008058071136475e-01
-4.585681483149528503e-02
4.181405156850814819e-02
-9.321805834770202637e-02
1.203287690877914429e-01
8.463712409138679504e-03
-2.068971991539001465e-01
-9.403941035270690918e-02
-1.225995495915412903e-01
7.609716057777404785e-02
4.818117320537567139e-01
4.737163484096527100e-01
3.713728785514831543e-01
-6.312059611082077026e-02
-1.718260496854782104e-01
3.697672784328460693e-01
-1.885975301265716553e-01
-5.405343174934387207e-01
-2.785297632217407227e-01
-3.261665999889373779e-01
-1.636405885219573975e-01
-7.834403961896896362e-02
-4.048386216163635254e-01
1.752028055489063263e-02
-3.941735327243804932e-01
8.297407999634742737e-03
1.562678515911102295e-01
6.309346854686737061e-02
3.627957776188850403e-03
3.281415700912475586e-01
-1.999153494834899902e-01
-1.436648815870285034e-01
2.509229183197021484e-01
-1.791883856058120728e-01
2.557196617126464844e-01
-1.501494646072387695e-01
-3.286065459251403809e-01
-2.948682606220245361e-01
9.241408109664916992e-02
1.284387558698654175e-01
1.817633397877216339e-02
1.623950339853763580e-02
-1.075690537691116333e-01
4.415837228298187256e-01
1.370945572853088379e-01
-6.106959581375122070e-01
1.089242771267890930e-01
9.975294768810272217e-02
1.088487878441810608e-01
-3.594871461391448975e-01
-1.307901293039321899e-01
3.203080296516418457e-01
5.473502352833747864e-02
3.361942619085311890e-02
4.167651385068893433e-02
9.439585357904434204e-02
4.800057411193847656e-01
1.140998750925064087e-01
-2.944079637527465820e-01
8.895178884267807007e-02
8.280364423990249634e-02
1.426897495985031128e-01
-4.050901532173156738e-01
2.722402215003967285e-01
3.234321475028991699e-01
-2.743895351886749268e-01
4.084756970405578613e-02
6.546020507812500000e-02
3.727269172668457031e-01
4.217136278748512268e-02
-1.412332504987716675e-01
5.242086946964263916e-02
4.409663379192352295e-02
-3.257442116737365723e-01
1.446449607610702515e-01
2.987990975379943848e-01
