4.275180262595501546e-02
-1.150046529077370927e-01
-2.751858609156731528e-01
2.075672511373684581e-01
2.838907482247435832e-01
1.126548554826348608e-01
1.361628385818749731e-01
2.097924249518996753e-01
-5.105931176025987339e-01
-1.650814157964226592e-01
-7.559036518849285291e-02
4.171144361178295568e-01
-2.128455132520503668e-01
-2.485962656902677981e-01
-2.883383872498396783e-01
3.759761498021816500e-02
1.831854649777790445e-01
-1.094015345618822577e-01
1.789173451737757423e-02
-7.168911744328303193e-02
