-8.634382858872413635e-03
2.358433157205581665e-01
-3.130517005920410156e-01
-3.921175599098205566e-01
-2.148542255163192749e-01
-8.474137634038925171e-02
3.904289305210113525e-01
2.813065052032470703e-01
3.136480152606964111e-01
2.324272990226745605e-01
3.518230020999908447e-01
-3.631211519241333008e-01
-2.611986398696899414e-01
1.409283280372619629e-01
-1.581662744283676147e-01
-1.186524629592895508e-01
-3.104819171130657196e-02
1.921946406364440918e-01
1.209632009267807007e-01
8.868405222892761230e-02
6.087179183959960938e-01
-1.283286660909652710e-01
-4.463077709078788757e-02
-1.499473750591278076e-01
2.708836831152439117e-02
1.506312191486358643e-01
-9.776218235492706299e-02
-1.654408723115921021e-01
3.471820056438446045e-01
1.202795654535293579e-01
3.005464673042297363e-01
-1.802252084016799927e-01
3.475173413753509521e-01
6.433407962322235107e-02
4.372025728225708008e-01
9.894630312919616699e-02
-2.268273979425430298e-01
7.554975897073745728e-02
1.333443373441696167e-01
1.894503682851791382e-01
1.465302556753158569e-01
-3.053021430969238281e-01
-5.330283045768737793e-01
-2.051669508218765259e-01
1.531963348388671875e-01
-1.431961804628372192e-01
-2.773244678974151611e-01
3.708904981613159180e-02
-5.022456496953964233e-02
-1.339563447982072830e-02
-5.781323313713073730e-01
-1.208655536174774170e-01
5.089017748832702637e-02
-1.514066308736801147e-01
2.480506598949432373e-01
-6.222561597824096680e-01
-5.628814175724983215e-02
1.191261857748031616e-01
-2.672061622142791748e-01
6.007103621959686279e-02
7.377530634403228760e-02
7.011105120182037354e-02
-5.459846854209899902e-01
-2.242445014417171478e-02
3.235152363777160645e-02
3.611601889133453369e-03
1.553476899862289429e-01
-3.448428511619567871e-01
7.153677940368652344e-02
1.361383646726608276e-01
5.543949007987976074e-01
-4.149350523948669434e-01
-5.458420142531394958e-02
-1.968529522418975830e-01
9.727531671524047852e-02
1.106192916631698608e-01
-3.753641620278358459e-02
4.031949639320373535e-01
-1.247768253087997437e-01
-4.274676144123077393e-01
3.783495128154754639e-01
4.016745686531066895e-01
-1.931283622980117798e-01
2.872399091720581055e-01
-8.527438342571258545e-02
3.197270631790161133e-01
1.262649595737457275e-01
2.417452037334442139e-01
3.087444901466369629e-01
-1.032082289457321167e-01
2.946241199970245361e-02
1.537649631500244141e-01
4.011190533638000488e-01
-1.600663214921951294e-01
6.217014193534851074e-01
3.150550425052642822e-01
9.844333864748477936e-03
-1.442241072654724121e-01
3.850436508655548096e-01
-9.377174079418182373e-02
-1.870483160018920898e-01
-1.458325088024139404e-01
-1.758223325014114380e-01
1.724447607994079590e-01
-2.031803578138351440e-01
-8.654741197824478149e-02
2.367897331714630127e-01
1.582206338644027710e-01
1.485553234815597534e-01
6.653213500976562500e-02
-2.902893722057342529e-01
1.542301289737224579e-02
-4.815921187400817871e-01
-2.543538808822631836e-01
-6.739106029272079468e-04
-3.759906440973281860e-02
2.315386682748794556e-01
-3.915961831808090210e-02
-2.150533348321914673e-02
-2.055388540029525757e-01
-8.641229569911956787e-02
1.122444868087768555e-03
-1.669164746999740601e-01
-8.691284060478210449e-02
-1.439041830599308014e-02
1.654182970523834229e-01
-2.043556049466133118e-02
1.268329173326492310e-01
-3.062595427036285400e-01
-6.788682192564010620e-03
-3.362806513905525208e-02
9.358011186122894287e-02
-1.965662837028503418e-01
-3.418812900781631470e-02
1.215819418430328369e-01
1.525610387325286865e-01
2.149584442377090454e-01
-2.816177308559417725e-01
-2.986996173858642578e-01
-3.545353412628173828e-01
-1.957634389400482178e-01
-2.809340059757232666e-01
3.426406905055046082e-02
-5.488797277212142944e-02
4.645639657974243164e-01
8.984018862247467041e-02
3.823812305927276611e-02
3.313198685646057129e-03
1.217618882656097412e-01
-8.497938513755798340e-03
7.323323190212249756e-02
-5.786294490098953247e-02
3.872690498828887939e-01
3.657824397087097168e-01
-4.106321930885314941e-02
-4.162481427192687988e-01
-1.211168915033340454e-01
1.586806178092956543e-01
4.098472297191619873e-01
6.601277738809585571e-02
-3.117116391658782959e-01
1.079276725649833679e-01
3.439879715442657471e-01
1.814904958009719849e-01
1.001879274845123291e-01
6.885179877281188965e-02
-3.095691502094268799e-01
-3.801146745681762695e-01
-2.457138299942016602e-01
3.266874253749847412e-01
-2.179651521146297455e-02
-3.020630031824111938e-02
1.544458866119384766e-01
3.689381480216979980e-01
-8.241103589534759521e-02
-7.375605404376983643e-02
2.542438507080078125e-01
-5.680464953184127808e-02
1.028883159160614014e-01
2.777884602546691895e-01
-2.108314931392669678e-01
-2.207880839705467224e-03
6.149113178253173828e-02
-1.605360656976699829e-01
-2.773770689964294434e-02
1.046874448657035828e-01
-1.354520320892333984e-01
8.354982733726501465e-02
6.720377504825592041e-02
2.798179686069488525e-01
-4.662916362285614014e-01
2.492809593677520752e-01
-6.109716743230819702e-02
-7.965266704559326172e-02
-7.895313948392868042e-02
1.465633064508438110e-01
5.533828139305114746e-01
-1.402421295642852783e-01
-1.349904686212539673e-01
-7.520650327205657959e-02
-2.736397087574005127e-01
2.949012219905853271e-01
-1.844824850559234619e-01
-1.333955079317092896e-01
-1.845573186874389648e-01
1.662098914384841919e-01
-1.185185983777046204e-01
1.679510772228240967e-01
-2.163570001721382141e-02
7.815390080213546753e-02
-3.160757571458816528e-02
-3.596404194831848145e-01
9.097881615161895752e-02
1.296712756156921387e-01
1.036769449710845947e-01
3.229929208755493164e-01
2.670274674892425537e-01
3.199088573455810547e-01
-4.392456412315368652e-01
3.422317206859588623e-01
-2.866609990596771240e-01
-4.008927568793296814e-02
1.608509123325347900e-01
-1.426732540130615234e-01
2.027337849140167236e-01
1.243726387619972229e-01
-1.396712213754653931e-01
1.329016536474227905e-01
-2.076370269060134888e-01
-9.530069306492805481e-03
-2.704236507415771484e-01
-3.587457537651062012e-01
2.200054824352264404e-01
3.086051642894744873e-01
-2.561767026782035828e-02
-1.669559627771377563e-01
4.148668944835662842e-01
7.618978619575500488e-02
-3.459165394306182861e-01
1.316793560981750488e-01
-5.456849336624145508e-01
-2.052219063043594360e-01
-1.548135578632354736e-01
2.045639008283615112e-01
-2.434609085321426392e-01
3.085962682962417603e-02
1.656278222799301147e-01
-1.787354052066802979e-02
-4.339850544929504395e-01
2.632960379123687744e-01
6.705655902624130249e-02
1.223855018615722656e-01
-1.030288636684417725e-02
-2.036600559949874878e-01
-3.217958286404609680e-02
3.048069477081298828e-01
-6.352930665016174316e-01
-3.519527614116668701e-01
-1.891739666461944580e-01
4.525650292634963989e-04
2.694799304008483887e-01
-8.093275874853134155e-02
-3.204902112483978271e-01
-3.052578866481781006e-02
4.668631553649902344e-01
3.193500041961669922e-01
1.101631596684455872e-01
2.693309187889099121e-01
5.210197716951370239e-02
-3.606118261814117432e-01
2.495626509189605713e-01
-7.211747765541076660e-01
1.300974562764167786e-02
-2.118140459060668945e-01
1.692293882369995117e-01
-1.319871842861175537e-01
-8.334506303071975708e-03
-3.204972743988037109e-01
1.839227825403213501e-01
2.557173371315002441e-01
8.113727718591690063e-02
-2.718757092952728271e-01
-4.088833630084991455e-01
9.048289060592651367e-02
4.734824895858764648e-01
-7.329294085502624512e-02
-9.466633200645446777e-02
3.981683403253555298e-02
-1.856525242328643799e-01
2.370321154594421387e-01
4.033229872584342957e-02
4.208394512534141541e-02
2.739108204841613770e-01
-2.478202134370803833e-01
1.334013938903808594e-01
-3.223466575145721436e-01
-1.020271331071853638e-02
-9.897780418395996094e-02
-2.054671496152877808e-01
-1.442127525806427002e-01
-1.556824706494808197e-02
-2.917951941490173340e-01
4.589047431945800781e-01
1.082787737250328064e-01
7.480983436107635498e-02
-3.017277121543884277e-01
5.234762281179428101e-02
-2.106355875730514526e-02
1.951727718114852905e-01
-4.108459129929542542e-02
-2.139644883573055267e-02
-1.962791532278060913e-01
-8.717621117830276489e-02
-4.591127485036849976e-02
-4.856308922171592712e-02
2.759864926338195801e-01
-2.870843410491943359e-01
1.167226508259773254e-01
2.147931903600692749e-01
2.280387431383132935e-01
2.183156609535217285e-01
-1.503966376185417175e-02
-2.293936014175415039e-01
1.719689965248107910e-01
3.715243190526962280e-02
-5.223295092582702637e-01
-3.563101887702941895e-01
-3.525660932064056396e-02
-1.212261319160461426e-01
3.262742757797241211e-01
-2.304636836051940918e-01
1.738527864217758179e-01
-1.018056198954582214e-01
1.308623980730772018e-02
-4.649081081151962280e-02
-1.862332820892333984e-01
-8.465954661369323730e-02
2.182437926530838013e-01
-1.530437637120485306e-02
-5.877166241407394409e-02
1.646036505699157715e-01
-1.504962891340255737e-01
-8.665529638528823853e-02
6.217376142740249634e-02
-3.859505653381347656e-01
-3.936522603034973145e-01
1.125718727707862854e-01
2.302330434322357178e-01
5.494314059615135193e-02
5.799965560436248779e-02
-8.156570792198181152e-02
4.366413950920104980e-01
-4.162649810314178467e-02
-1.658938080072402954e-01
-2.937308549880981445e-01
1.426958013325929642e-02
-1.432657241821289062e-01
2.487305551767349243e-02
8.160894364118576050e-02
2.214095294475555420e-01
2.811517119407653809e-01
1.005415916442871094e-01
-6.829316914081573486e-02
2.631434798240661621e-01
1.315388232469558716e-01
8.205711841583251953e-02
-1.565016955137252808e-01
-5.765121430158615112e-02
2.110700011253356934e-01
7.106614857912063599e-02
-2.109804451465606689e-01
1.446342617273330688e-01
2.071158438920974731e-01
-2.039484381675720215e-01
9.141383692622184753e-03
2.029816657304763794e-01
1.666418910026550293e-01
-6.712820380926132202e-02
-4.537861645221710205e-01
-1.506135761737823486e-01
-1.133669242262840271e-01
-5.239804983139038086e-01
3.316272199153900146e-01
2.052508890628814697e-01
