-3.876331448554992676e-02
1.676872521638870239e-01
-2.097587585449218750e-01
-2.986649870872497559e-01
-1.437127590179443359e-01
1.261983439326286316e-02
-5.523371510207653046e-03
7.121691852807998657e-02
-1.744979992508888245e-02
2.913952805101871490e-03
2.972639799118041992e-01
-1.555702984333038330e-01
-2.580260634422302246e-01
1.170130819082260132e-02
2.705608867108821869e-02
-2.170766890048980713e-01
5.898936837911605835e-02
2.630462050437927246e-01
1.914756596088409424e-01
2.280190885066986084e-01
6.189213991165161133e-01
1.474215686321258545e-01
-2.918354570865631104e-01
-3.971757739782333374e-02
1.025447100400924683e-01
5.475607514381408691e-02
-1.159278079867362976e-01
-3.034159541130065918e-01
2.726474702358245850e-01
1.503473818302154541e-01
1.044681593775749207e-01
1.970760971307754517e-01
2.706377506256103516e-01
4.172406196594238281e-01
3.837202787399291992e-01
-1.437872648239135742e-01
-2.572120130062103271e-01
-2.230092585086822510e-01
1.461056619882583618e-01
3.762448728084564209e-01
6.078695133328437805e-02
-3.740876913070678711e-01
-4.497720897197723389e-01
-1.535591632127761841e-01
-1.077948138117790222e-02
-2.538248598575592041e-01
8.998345583677291870e-02
2.944203615188598633e-01
-7.086849212646484375e-02
2.174957543611526489e-01
-3.011316061019897461e-01
-5.555637180805206299e-02
-2.290752530097961426e-02
-9.815538674592971802e-02
6.290961056947708130e-02
-4.626798033714294434e-01
1.791452467441558838e-01
6.872215121984481812e-02
-4.786244779825210571e-02
5.576678086072206497e-03
2.139451503753662109e-01
-4.889056831598281860e-02
-4.972084760665893555e-01
-2.116338163614273071e-02
1.633273065090179443e-01
-1.717720031738281250e-01
-2.123429812490940094e-02
-2.650992274284362793e-01
-2.054451033473014832e-02
-2.242617309093475342e-01
2.276142686605453491e-01
-4.061690866947174072e-01
-2.866483628749847412e-01
-1.573984324932098389e-02
1.774932593107223511e-01
5.448751896619796753e-02
-1.210469678044319153e-01
1.977255567908287048e-02
-2.460842132568359375e-01
-4.985828101634979248e-01
1.544068157672882080e-01
2.477191388607025146e-01
-3.385797142982482910e-03
2.140118777751922607e-01
2.128814160823822021e-02
-4.251310974359512329e-02
1.859845370054244995e-01
3.462279438972473145e-01
3.362045586109161377e-01
-9.744388610124588013e-02
1.882041618227958679e-02
2.244450598955154419e-01
3.303640484809875488e-01
-1.430811733007431030e-01
3.082546591758728027e-01
-4.234092310070991516e-02
2.064283005893230438e-02
-5.133882910013198853e-02
1.994506567716598511e-01
3.368951380252838135e-01
1.001958698034286499e-01
1.109467819333076477e-01
-2.283699512481689453e-01
7.354516535997390747e-02
-1.533404886722564697e-01
2.241021767258644104e-02
1.211302168667316437e-02
-5.613481253385543823e-02
-1.898763515055179596e-02
2.436671853065490723e-01
-1.134613007307052612e-01
5.095117911696434021e-02
-3.686355352401733398e-01
-4.791385233402252197e-01
-1.694510318338871002e-02
4.828335717320442200e-02
1.314441859722137451e-01
-2.693001925945281982e-01
-3.556751832365989685e-02
-2.323456704616546631e-01
2.474649064242839813e-02
1.423445343971252441e-01
-1.684615164995193481e-01
1.382398307323455811e-01
-2.190243899822235107e-01
6.682100892066955566e-02
1.604798883199691772e-01
3.898822516202926636e-02
-3.232597708702087402e-01
1.293441280722618103e-02
1.944327056407928467e-01
-3.591105341911315918e-03
-5.433873087167739868e-02
-1.116120964288711548e-01
-5.663332343101501465e-02
-4.306274466216564178e-03
2.887299060821533203e-01
-2.485161870718002319e-01
-1.093761548399925232e-01
-1.519052237272262573e-01
-1.509922891855239868e-01
-4.838025867938995361e-01
-9.009104967117309570e-02
-1.083354800939559937e-01
6.121430993080139160e-01
2.438317239284515381e-01
2.175596058368682861e-01
2.306989133358001709e-01
1.644826680421829224e-01
-4.117870926856994629e-01
1.182322204113006592e-01
1.395942457020282745e-02
1.513319015502929688e-01
1.924962997436523438e-01
-1.320723444223403931e-01
-8.602288365364074707e-02
1.660724878311157227e-01
1.164061725139617920e-01
7.272001504898071289e-01
-8.657142519950866699e-02
-7.422581315040588379e-02
1.670492291450500488e-01
3.417960703372955322e-01
7.343287765979766846e-02
4.597458243370056152e-01
-2.743824124336242676e-01
-4.298833012580871582e-01
-7.773751020431518555e-02
-2.038165330886840820e-01
3.697779774665832520e-01
-3.759114071726799011e-02
4.589994996786117554e-02
1.957278698682785034e-01
3.222633004188537598e-01
-1.162027120590209961e-01
5.546692758798599243e-02
1.424176692962646484e-01
3.609577566385269165e-02
-1.610349863767623901e-03
1.999294459819793701e-01
-5.045406818389892578e-01
2.251309528946876526e-02
6.899330765008926392e-05
-1.573726683855056763e-01
-2.819375693798065186e-01
6.579844281077384949e-03
-1.685989052057266235e-01
-1.964752525091171265e-01
-1.023723185062408447e-01
2.836030423641204834e-01
-3.388487696647644043e-01
-1.305177509784698486e-01
-3.559781610965728760e-01
7.793312519788742065e-02
-1.810052990913391113e-01
1.593257635831832886e-01
5.202093124389648438e-01
1.342753767967224121e-01
-9.225782006978988647e-02
1.078318506479263306e-01
-2.680683434009552002e-01
3.061237931251525879e-01
-3.088457137346267700e-02
8.732384070754051208e-03
5.224550366401672363e-01
2.157008051872253418e-01
1.839181780815124512e-01
-9.803758561611175537e-02
-7.018932700157165527e-02
1.023193001747131348e-01
1.680557876825332642e-01
-1.497721821069717407e-01
1.419218480587005615e-01
2.904042974114418030e-02
2.666080594062805176e-01
-4.988816566765308380e-03
1.229550391435623169e-01
3.789371848106384277e-01
-3.810006678104400635e-01
9.739760309457778931e-02
-2.966008782386779785e-01
-1.967723369598388672e-01
2.532587945461273193e-01
7.729632407426834106e-02
6.461208313703536987e-02
1.093743667006492615e-01
-6.027913689613342285e-01
1.167033463716506958e-01
-1.612716466188430786e-01
-9.966943413019180298e-02
-2.803196907043457031e-01
-1.753375977277755737e-01
2.860201001167297363e-01
1.306143105030059814e-01
-1.208787038922309875e-02
-3.761212229728698730e-01
3.153654932975769043e-01
7.434275746345520020e-02
2.014880180358886719e-01
1.440683305263519287e-01
3.413388505578041077e-02
1.578282415866851807e-01
-1.239269152283668518e-01
1.544978618621826172e-01
-6.239681243896484375e-01
1.550689339637756348e-04
-7.732290029525756836e-02
2.284430414438247681e-01
-4.078969359397888184e-01
-1.178310364484786987e-01
-1.148888170719146729e-01
-2.817033827304840088e-01
3.127567470073699951e-03
-9.471002221107482910e-02
-9.518036246299743652e-02
-1.811261326074600220e-01
-5.136905312538146973e-01
-1.760597378015518188e-01
-3.055217564105987549e-01
2.294726818799972534e-01
6.683841347694396973e-02
-1.450725048780441284e-01
-1.218971535563468933e-01
6.086457371711730957e-01
3.764064311981201172e-01
2.316831499338150024e-01
-1.724991574883460999e-02
1.177327707409858704e-02
-2.801434993743896484e-01
-3.589712679386138916e-01
-3.141043335199356079e-02
-4.681541919708251953e-01
-2.020387351512908936e-01
-2.350611239671707153e-01
4.568604528903961182e-01
-2.960566878318786621e-01
3.797498047351837158e-01
-4.626542925834655762e-01
2.404268383979797363e-01
1.362881064414978027e-01
-6.150413304567337036e-02
-3.321785628795623779e-01
-3.632533550262451172e-01
8.734116703271865845e-02
1.824878007173538208e-01
-1.091480553150177002e-01
-3.047151267528533936e-01
1.659828275442123413e-01
1.305480599403381348e-01
-7.780358940362930298e-02
-6.723185628652572632e-02
-9.157598018646240234e-02
1.879737079143524170e-01
-7.829560339450836182e-02
1.144002228975296021e-01
-1.674280762672424316e-01
-2.923220992088317871e-01
5.154195055365562439e-02
-3.183062672615051270e-01
-2.918270826339721680e-01
1.261870190501213074e-02
2.683139964938163757e-02
2.664964199066162109e-01
-1.284906715154647827e-01
-3.715665936470031738e-01
-1.426624059677124023e-01
9.569641202688217163e-02
-2.552704811096191406e-01
4.099773466587066650e-01
-6.339456140995025635e-02
-6.648528575897216797e-02
1.882312595844268799e-01
-1.208302006125450134e-02
2.285860180854797363e-01
-5.315622687339782715e-02
1.691215857863426208e-02
-1.080056130886077881e-01
1.202088445425033569e-01
2.215283215045928955e-01
3.833900988101959229e-01
1.292050331830978394e-01
8.017531037330627441e-02
-2.009754329919815063e-01
4.271188974380493164e-01
1.662706732749938965e-01
-2.227253913879394531e-01
-2.909985557198524475e-02
-2.211491316556930542e-01
1.849473118782043457e-01
3.497452437877655029e-01
-1.411418169736862183e-01
3.193686306476593018e-01
8.809833228588104248e-02
-1.307832300662994385e-01
4.337511584162712097e-02
-6.646925210952758789e-02
2.184875011444091797e-01
3.410418983548879623e-03
-3.203465640544891357e-01
6.896439194679260254e-02
-2.087868377566337585e-02
6.395623832941055298e-02
-5.585216358304023743e-02
-4.342976212501525879e-01
-6.026992201805114746e-01
-3.075446784496307373e-01
1.746612787246704102e-01
4.500176310539245605e-01
7.798402011394500732e-02
-6.205666810274124146e-02
-9.930413216352462769e-03
3.674398064613342285e-01
-1.213876157999038696e-01
-4.844937324523925781e-01
-2.593763470649719238e-01
2.276752889156341553e-01
-1.030921638011932373e-01
-3.286002278327941895e-01
-9.834131225943565369e-03
3.751375675201416016e-01
2.053295671939849854e-01
1.349856406450271606e-01
-1.616585999727249146e-01
6.277772784233093262e-02
1.112316623330116272e-01
2.646181732416152954e-02
4.448710381984710693e-02
2.129894196987152100e-01
1.333139836788177490e-01
-2.410539984703063965e-01
-3.825868368148803711e-01
1.587428338825702667e-02
3.889466226100921631e-01
-1.203945949673652649e-01
-4.924901574850082397e-02
1.826784014701843262e-02
4.267054796218872070e-01
4.310663789510726929e-02
3.666851669549942017e-02
-1.075603216886520386e-01
-1.293230503797531128e-01
-2.734510600566864014e-01
-2.380705997347831726e-02
3.660708293318748474e-02
