-1.018999878385362101e-01
8.215151504218372314e-02
-3.799500781990607784e-02
3.440206105684837090e-03
3.036230093832491261e-02
-6.581246624679898405e-02
6.142782317716984075e-02
-1.001470556572128627e-02
2.248977535690518600e-02
4.278339806083623215e-02
9.822319904952700464e-02
-1.882702302558170171e-02
-4.816931877532431433e-02
-1.716793193365713857e-02
-8.413935016101550812e-02
-5.331278665413106271e-02
2.082338034861069831e-02
1.035991100478125641e-02
2.648667750420735309e-02
5.978142629576993494e-02
3.920754703308457906e-02
3.501387106459809967e-02
-8.594545314907106603e-02
-4.698100392757637370e-03
-5.009881940642622877e-02
2.096476565310693985e-02
-7.508078942147058954e-02
-4.883989616003985013e-02
7.260502712251530599e-02
-3.408520647322853953e-02
2.629017871779485913e-02
1.130003602393146733e-02
4.563865023896393480e-02
1.733067698085492478e-02
7.132878830669187042e-02
-6.448783680605214841e-02
-2.065389501263876007e-02
-1.289761423333351392e-02
6.170579036197844369e-02
1.579047451121056919e-02
-1.456264375209185592e-02
-5.251368280893412011e-02
-6.884991927693377700e-02
-4.039950512312682346e-02
1.624776049351593296e-02
6.437428521415043334e-03
-2.464192438325287990e-03
5.881866514015318681e-02
-2.877049264853729499e-02
-6.567790064252509996e-02
-9.015147856618511979e-02
1.317283300728851712e-02
3.529548584964633563e-03
-6.476767887578413485e-02
3.233597176640803234e-02
-9.111115623337415204e-02
3.317055703403420236e-02
4.922096264698874041e-02
-2.244635036857509265e-03
-1.262989015691057607e-02
5.395653071681293794e-02
2.769183338956772433e-02
-1.583946169042778351e-01
1.959882482751413788e-02
5.322316792953907943e-02
2.353551566529845512e-02
-6.624984900857469605e-02
-2.456185633795553852e-02
5.097140402044899460e-02
3.968499964950387981e-02
1.181771266941574194e-01
-5.780322126768098340e-02
-7.343403615698607112e-02
-4.955167840204887124e-04
1.373232733402264538e-02
-2.573431407530290399e-02
1.170345877041360089e-02
8.928688545546183131e-02
-1.757169847360404852e-02
-8.462199357453674409e-02
2.776790277791844549e-03
2.907668963474914145e-02
-1.910038434639463323e-02
2.135935339176053827e-02
-3.466207447533743019e-02
1.655413179754090455e-02
2.981927964493106750e-02
5.893381174004498624e-02
8.646715150019057550e-02
-2.026043646604129209e-02
1.219978787544325205e-01
-1.671912748139258581e-02
9.832275388946709604e-02
-3.523253532938169091e-02
4.131432500640510458e-02
7.187496862623245220e-02
2.856002519469974521e-02
-3.295303939308805857e-02
6.985136349214747520e-02
-2.408327452948011167e-03
2.909285276975498089e-02
-1.895745536081994143e-02
-8.647168376333182194e-02
1.195171542083969460e-02
-8.577185584957397468e-02
2.520261762916838847e-03
5.272350722372769888e-02
-1.898181143304263768e-02
4.537228487305107472e-02
5.294249688176245333e-02
-3.304013244625432499e-02
-3.122368853815130074e-02
-7.061734695285072638e-02
-3.333426470293335275e-02
-1.610866262610080243e-02
-3.086428588164462361e-02
-1.865198276196485677e-02
-6.028445327223921207e-02
5.118086817842878306e-02
-5.327435926066002858e-02
2.124448182664056065e-02
5.705597794032093301e-03
-3.114148994180465646e-02
-3.494295470448980506e-02
1.245032750816189998e-01
-1.003830819761836711e-02
2.025857901289921867e-02
5.829356565481314673e-02
-6.682670926322521743e-02
-3.277607969666225529e-02
1.780461225117828394e-02
-3.115429649047555052e-02
-2.598044114311199096e-02
-3.648962242813649087e-02
-2.391591199709911311e-02
-1.735987521455330598e-02
6.993884004450262593e-02
-7.634842081105484846e-02
-4.625396112946058430e-02
-5.506336360811263375e-02
-1.397046638488852188e-01
-1.132926621589559063e-02
4.137403854172325840e-02
3.311990802499853448e-02
-3.918190875650312023e-03
-2.201670392818908667e-02
-5.516118689110902432e-03
-7.110128225505368132e-04
5.371432192606998002e-02
4.817739550066576192e-03
6.002734611906785679e-03
-4.460334188325388444e-02
9.308585166282552781e-02
1.309737741132645239e-01
3.641610292201886978e-02
-3.160293824611452168e-02
-4.143506333436902146e-03
4.272096129390415276e-02
1.115451628828082742e-01
2.407336988818159669e-03
-6.945490280543507866e-02
7.532481886492840839e-02
1.977000298313797734e-03
1.029368689282935678e-01
1.412772080834579815e-02
1.225618278697242734e-02
-1.043306599298299137e-01
-5.443956150325222898e-02
-1.904219706037361569e-03
1.005555636416767679e-01
2.515562735734374819e-02
5.882903220787262695e-03
2.790409438001586681e-02
-5.778415477265432670e-02
5.432064576486775320e-02
8.650995039704185985e-03
7.114601801649524104e-02
5.636385196860630581e-02
-6.104999512781588561e-02
5.134794599171500773e-02
-5.306652594266524775e-02
-3.341562076318323193e-02
1.835414722018922223e-02
1.741207565212578301e-02
1.697333902200147751e-02
7.723528011710793784e-02
-2.177306476294620877e-03
-2.554610894306596700e-02
-2.653371426078215967e-02
4.776885265263923486e-02
9.892255049459565755e-03
3.610052182686714073e-02
-2.149000846642665913e-02
1.600892184716004585e-02
-8.056252682723953618e-02
9.788809048557613537e-03
5.855452329478996049e-02
-3.930356128455365222e-02
-3.932103567688709916e-02
-2.909755160325098663e-02
-2.444631074395814656e-03
2.885808928649703439e-02
-1.477356540067582304e-02
-3.771482486200620349e-02
4.507570054580075508e-02
5.511362911795943120e-02
-2.338240264570810509e-02
-3.150003844102702844e-02
-4.900346437468849903e-02
4.001017597183582214e-02
4.872966532247816757e-02
-3.033330607540851015e-02
2.722076032089264328e-03
-4.077734479366832560e-02
-9.467078408331768002e-03
7.893987590571639734e-02
2.522769227815407911e-02
1.562815751108723519e-02
4.842171160008294090e-03
-4.091509266646402992e-03
-8.218690543197720855e-02
-1.900853629065924269e-02
1.949973870880489582e-02
-6.443657574780595199e-02
2.684447256310410271e-02
-3.384660025062349170e-02
1.225195267470726920e-02
-1.286079056374322092e-02
-9.112603135342746408e-02
-4.367963566523542368e-02
-5.076104503102850385e-02
-4.453681445830714319e-02
7.468479358225986464e-02
4.200258209110065838e-02
2.570978949586085263e-02
1.037725659561945617e-02
3.166424388412587831e-02
1.189796258629811053e-02
5.989392520176682611e-03
7.851218521435042452e-02
-1.379128742901518032e-02
-3.807396604179319466e-02
-5.922702592290822465e-02
-1.451134686185073970e-02
-8.293831592350324466e-02
-1.859601512276429572e-02
6.999775946533876025e-02
1.547638577022564764e-03
-7.058602397869681577e-02
1.577579791977776549e-02
-2.591090576745655807e-02
-3.898880916744656283e-02
5.805579615771109397e-02
-1.968834089828283909e-02
2.693223189768942372e-02
-2.166846729604533783e-02
-8.240818059022848863e-02
2.724025728407448999e-02
-7.209227708580284721e-02
-5.205264705678198933e-02
7.983306488525049316e-02
2.681468939629945772e-02
-3.166559194188070525e-02
6.947202468841311152e-02
1.113867118644071286e-01
9.860027559541993669e-02
-4.869675799308940956e-02
1.128878187222968031e-02
-3.595620217251663253e-02
-7.381065560283570082e-02
2.585107020966921978e-02
-9.742684555204825236e-02
2.109047010188032020e-02
-4.743598697788390522e-02
3.691176787618051080e-03
-7.924643508560662297e-02
6.522155985013979029e-02
-6.514023477972336051e-02
-5.212506932910922989e-04
-5.344371095297523666e-04
8.355009397298722440e-02
7.270745142734588587e-04
-4.202399606601073256e-02
1.940398980778469326e-02
1.410214218719371970e-01
-3.764447794008744796e-02
-9.497784491113677938e-03
-3.364712644020033394e-02
-5.866840318523972031e-02
2.040194960360049159e-02
-3.087456675888979735e-02
1.032667557053090629e-01
1.317119984306599767e-01
-8.951929371137801184e-02
5.464294003268937300e-02
-1.151977950966475706e-01
2.653176383813975192e-02
-3.932850035301801994e-02
-4.869378781124021963e-03
5.507620695721074031e-03
-3.311623185600619246e-02
-5.373789744186279610e-02
6.677469282778882020e-02
-1.322261333255544784e-02
-4.539612380242816908e-02
-3.795125017508260701e-02
6.924690388551784336e-03
3.740803713209431974e-02
5.303765503908262208e-02
-6.487045278467325204e-02
-3.407828799291208466e-02
-5.040968229943604967e-02
-1.555577784978098626e-03
7.370036278560712639e-02
-2.790047438009664663e-02
6.981528357855984468e-02
-2.164967196206131830e-02
1.030542429224641787e-01
3.637613378433397077e-02
3.863040012247469235e-02
2.788461920656066031e-02
-6.358225576686947489e-02
2.643237169482524559e-02
3.836489859816909209e-02
2.505660321830139453e-02
-7.726455001479615170e-02
-1.151609326897654745e-01
-4.557052296386563534e-02
-3.738969889815360603e-02
2.704127350039267630e-02
-1.304132571220267302e-02
2.201469346274438274e-04
-3.576654342340469632e-03
1.218155926803834478e-02
-1.136874629527144347e-02
2.398594127322506778e-02
2.989812746553653644e-02
7.198208498553297641e-02
-5.289874311066816021e-02
-2.996232871611035492e-02
-3.312164345567142343e-02
-2.332652410227869372e-02
8.830649108461523233e-02
-1.120110969655092013e-02
-8.245288342497200662e-02
1.870693161039093527e-02
-2.916698238821854167e-02
6.428957644129479690e-03
4.361199260628469132e-02
4.036701615648956992e-02
-1.269762134320016715e-02
1.252424988211430223e-01
-8.865719721911158660e-03
-1.966034545749501677e-02
-1.920125431739152025e-02
2.975772608825215382e-02
-1.570481280097651283e-02
4.432548703659151129e-02
1.538180964071485766e-02
1.203189967801245389e-02
3.097723995082023174e-02
7.204077295105057281e-03
-1.081062210654847311e-01
5.645772017410934790e-02
4.705062452527378203e-02
-2.510529599410088464e-02
-5.510996457015462924e-02
-5.855803095656295088e-03
4.823898779463648215e-03
-2.296450861543973543e-02
-5.520736174294115645e-03
1.855806807171164405e-02
5.826542301231646404e-02
-2.183983332753443307e-02
-1.615753359344260232e-02
-1.553163580109551307e-02
9.607902022096828643e-02
-3.243777724300202225e-02
-4.581827118733677873e-02
5.673662286451505200e-03
-2.255221599756644310e-02
-1.738463802833995972e-02
7.324320851009390176e-02
5.455585860071064663e-02
