8.327121663579516164e-02
-8.021929126232955898e-02
-9.971922204250693866e-02
6.087056565302476768e-02
2.980441485957016079e-01
1.644906918738290591e-01
2.447464610959505238e-01
-8.865751791266128501e-02
-2.439821883842213657e-01
-1.843392153970023831e-02
-1.051047267624522774e-01
3.427611280429010421e-01
-1.796491700766235378e-01
-3.684238905824597787e-01
-1.878286077856384240e-01
2.041132870590230963e-01
5.373966023978331563e-01
-2.519857442793919100e-01
-2.526677529906649552e-02
-5.524201134279799197e-02
