-8.662438081727714956e-02
3.802377843432461907e-02
-2.796487311662748665e-02
-4.971352360658253672e-02
1.619425547744714547e-02
-1.117359403205237835e-02
1.211084581145925460e-01
2.287722321467557454e-02
6.749087994687797375e-03
2.179962629373087893e-02
9.089394959030644428e-02
-6.463115170545240262e-02
-1.183787795606103255e-02
-9.351191507690856386e-03
-8.508452567698149283e-02
7.339728066300698663e-03
1.120674345214932657e-02
4.915421204896987077e-03
9.923127429594894716e-03
2.697071260043666652e-02
1.117272774634104349e-01
-3.112311196575051966e-02
-3.301753036954391957e-02
-1.282944663086812986e-02
-3.325359203001640625e-03
5.651435594860011735e-02
2.307629034554829067e-02
-5.631427950637957203e-02
3.994916180869439309e-02
6.326236766341464084e-03
7.808900626455327065e-02
1.027468587913532398e-02
8.312147410153571114e-02
3.807580978962061408e-02
2.583516717662600812e-02
-6.911349542871821072e-02
1.744576328102648288e-02
-1.550269064900613308e-02
8.253424304676586568e-03
-1.012660730794804655e-02
-2.655161719022589711e-02
-1.361877546118496207e-01
-5.999280320766588182e-02
-6.342060950558306431e-02
4.987860421079019779e-02
1.479603398500871705e-02
1.687394136506457573e-02
2.821673536288404199e-02
1.958128591580976432e-03
-2.565877686406107389e-02
-2.148953810357435990e-02
-1.975554599146995757e-02
1.025229925777115109e-02
-2.423309668170010867e-02
1.228225972478789174e-01
-1.357182063901569806e-02
1.560072938128516037e-02
-1.443284932110383860e-03
6.639029209335137183e-03
3.942101612723444143e-02
9.439381083262867247e-03
-6.015435839735529776e-03
-1.394067339135543204e-01
2.937364693529013766e-03
6.840924165919343332e-03
-8.040765752115255557e-03
-7.246232032331253146e-03
-5.864253915189199945e-02
-1.203039731908246614e-03
2.979819071339274636e-02
7.379011803328718033e-02
-4.632924685020680527e-02
-4.427574949767688200e-02
4.047793332696955106e-03
7.229886290860264297e-02
4.702470542005603160e-02
-9.107585523928865209e-03
-7.953073657018002243e-03
-2.270063837448910507e-02
-6.070189784488735918e-02
6.604680893183792478e-02
6.016666625563948240e-02
-1.105974195807967776e-02
2.261512435095762441e-02
4.828947936962895565e-02
6.725088388553539243e-02
-2.625919752936684351e-02
1.331899213260624541e-02
-1.635234105972285107e-02
-1.345132672235834978e-02
2.011105957023359356e-02
-2.228276912608951818e-02
7.073690815490903117e-02
-3.051672153474763866e-02
1.504816697544672788e-01
5.677415396512230927e-03
-2.058087566602800553e-02
-5.715085670423555170e-02
1.336238550481261556e-01
3.051908456700274525e-02
3.339382332506096729e-02
6.004854653265815495e-02
-7.273588674976916302e-02
4.027161206975093943e-02
-1.083362209410774074e-01
-1.602772707749883924e-02
2.877121880870962128e-02
4.313353751660670837e-02
-1.004534259680513707e-02
-3.320816704003146558e-04
-3.582417808210814486e-02
-3.338640895260060887e-02
-9.360619400483026487e-02
-4.664881427569167460e-02
2.608727019067643565e-02
-5.485251604471154396e-02
3.596653722232439482e-02
9.943153410437012216e-03
9.530822140194268599e-02
-2.897336489726426087e-02
-4.955771973763817978e-02
-4.416817891194237122e-02
-5.870059767447834143e-02
-5.544505355787881368e-02
6.457128184370154733e-02
-1.135851326467977179e-02
5.111568508060151256e-02
3.014713180973023487e-02
-6.686079541377597246e-02
2.052134224139309793e-02
-1.972045926760111062e-02
8.770874155929211935e-03
-7.431855710066814780e-02
2.826528435485671509e-02
-9.193196811271114877e-02
-2.740385545610458592e-02
9.955825449940546024e-02
-3.614677822510260763e-02
-4.039105521835423263e-02
3.426562596730279089e-03
-5.803493053152143644e-02
-2.471138748494114412e-02
7.581864569275706400e-02
4.137070588736457138e-02
-7.471321218806766494e-03
-4.671483886382897521e-02
2.627819905121846905e-02
2.761033855392635780e-02
6.238454901530336716e-02
-3.844358179751870136e-02
9.731894818955290349e-02
-4.650515722167269245e-02
5.760388921196164108e-02
-6.868307914872926259e-03
2.964447881362429829e-02
-1.422648421544595206e-02
-1.048998171600836176e-04
4.320977639936358222e-02
1.146142969734449263e-01
6.775046270742550447e-02
4.837097049816743016e-02
3.600427558090325830e-02
5.750260728966447021e-02
8.379418888455170134e-02
1.105196499888867895e-01
4.324447087901194496e-03
-1.150684328673522022e-01
-6.111133065356914862e-02
-2.407726251747042967e-02
1.160718637408515302e-01
-2.255079948777575366e-02
3.239910792680214535e-02
2.097443055622372557e-02
2.383792816893882602e-02
-9.841075838277967350e-03
4.221949367969396287e-03
1.036674432209181013e-01
4.981945505793226869e-02
-8.346415523523247060e-02
2.913456770495071943e-02
-5.654586304533487651e-02
-1.127046607694877356e-01
-1.436827093421848452e-02
1.292233994810853930e-02
-2.248694978222682758e-02
7.827836136474726481e-02
1.888439868408430672e-02
-2.017344553515486305e-02
-4.737116230299712877e-02
6.871001962982392630e-02
-9.313107463961582677e-02
-6.599140682742770173e-03
3.519898862931868794e-02
4.216786094657326567e-02
2.090338811214390025e-02
-3.968904329994327185e-02
1.019956313846925172e-02
-3.850250134400366731e-02
-3.150019259868593741e-02
-1.796399921520877574e-02
-7.436376404432321063e-02
2.505310076399631242e-02
2.395360114900824122e-03
8.153630040337592894e-03
4.327650894048419572e-02
4.712248584516547101e-02
-6.961681811007863763e-02
-2.156463054895510836e-02
-3.561849860659175443e-02
-6.949327074755857689e-03
8.389767120125646294e-02
-4.498132350384621836e-02
2.967192315314852447e-02
1.552758380660851714e-02
-3.036895707783448736e-02
1.486462888893227280e-02
-4.277727452815353187e-02
9.529293344427602896e-02
1.315560886162096127e-02
6.935921251552053246e-02
-7.869959976777238242e-02
-2.512292661319715653e-02
1.119003400780560660e-02
-6.104312480488867376e-02
-1.440000125937140885e-02
2.941037996874292394e-03
-5.558557265813392906e-02
3.888103933961194192e-02
-9.514353941991030017e-03
-5.671901654583646861e-03
-4.014313135918952391e-02
-1.935824724180393308e-02
2.402349954744498889e-02
-9.159942154919890195e-03
3.184107196015040220e-02
-5.767157844630294017e-02
9.370868773854031109e-02
6.842449294361995296e-03
-4.175511479037048008e-04
3.407299897629403190e-02
-8.520585351122954287e-02
-1.468715113507315650e-02
-5.117467478458932739e-02
6.048305108167685573e-02
-7.357704969712965115e-02
4.792559472518426872e-02
7.162327166796977895e-02
3.217893773796969004e-02
-5.336112379399870348e-02
3.653591319261872972e-02
-4.286810617150334929e-02
3.724842003566067317e-02
2.860635824394271859e-02
-5.741482111973384567e-02
-7.880918259824775188e-03
2.095302932887686473e-02
-8.966838092891744882e-02
-1.380208553581515132e-02
-4.330903013203288993e-02
-1.975263286061295157e-02
8.860728058807486318e-02
2.722398317883851625e-03
2.283592276833833895e-02
5.211265508588375922e-02
4.440265166442416284e-02
1.032574555301683100e-01
-1.137093871650567307e-03
-7.405405055901146012e-03
-3.317624896383398331e-02
-4.753274778797186156e-02
-2.155511304589793203e-02
-1.059767603406608361e-01
-1.213776078073469933e-01
-4.283712844501737227e-02
4.789213597427929847e-02
-2.485488190111261042e-02
-3.412373241778727910e-03
-7.659935200652467913e-02
5.700454004306304556e-02
4.727576723298460709e-02
7.621670660802223884e-02
-3.993763684436246741e-02
-3.019780466065284316e-02
4.722599686266685387e-02
2.554622509562416363e-02
-4.312669078212395812e-02
3.315026836493741025e-02
-2.056942085919893221e-02
-4.482400168165836390e-02
-1.046621028120723815e-02
4.113147518059854374e-02
6.551479820976638391e-02
1.156845050337484831e-01
-9.448262385328283844e-03
2.291952978338323774e-02
-6.421389872693581032e-03
-1.032759452211468726e-01
-1.064251943429728037e-01
-9.051118938861751895e-02
-1.598447019352529017e-02
-5.779484517881159494e-02
-2.354464429520374685e-02
4.502458198230846649e-03
2.567977628025524747e-02
-4.509480645368460494e-02
-3.007148926574758699e-02
5.221347141748019366e-02
-1.481440887280079111e-02
7.696595684869353415e-02
-7.024690264318063371e-02
-5.479000570967158118e-02
-6.558341224755434573e-02
2.848036174677769441e-02
2.505973383699310400e-02
-2.260412237891967768e-02
4.478544375588710408e-02
-8.729684686005576011e-02
3.505468740186443860e-02
6.845526657555218823e-03
4.855446425789598786e-02
3.724252680542121385e-02
-4.003963628657515594e-02
2.842139436563169332e-03
2.048311756376038073e-02
6.748260773949639468e-02
-6.599078497683424915e-02
-3.306928109482850514e-02
-6.893114970085448268e-02
-5.049357059927222016e-03
-3.174461177168551480e-03
3.852556402857713197e-02
5.465375904189120025e-03
-7.647631488038900138e-02
-2.039456763374191198e-02
-1.446325622063480629e-03
1.120389330359601761e-02
7.562820952922369097e-03
6.359024396952120406e-02
-3.192530242027745435e-02
6.688056069571546303e-02
4.690220723110133383e-02
1.542707361684270487e-02
-3.107514336766506458e-02
-2.677263923464694509e-03
-1.436008961269287509e-02
-3.028251027841283652e-02
7.063189512905116048e-03
1.515830500688783618e-02
-2.539095298866163915e-03
-4.763820089271124381e-02
-5.715963277004668802e-02
1.114334833532909796e-01
-1.625587768228056382e-02
-8.839581311857329371e-02
-1.250887738813232786e-01
7.271439304207763521e-02
7.221390695611657091e-03
-1.997401964432439156e-02
-9.354529729235587510e-02
2.040884309108332434e-02
6.418176738787455260e-02
-3.818213667416822665e-02
-8.414838860462559023e-02
6.214773555340828703e-02
-2.973605348870885651e-02
-2.458485205059512957e-02
2.263206419891866314e-02
5.578804641411665675e-03
8.908634790731336656e-03
9.534085739667785820e-05
7.293003966646493695e-04
1.154989256827988059e-02
2.289853833963257507e-02
-1.729526746496825793e-02
-6.452824420192440971e-03
3.452164345111454619e-02
6.973736145588571578e-02
-4.251678290904634117e-02
-1.023455227962958985e-01
1.860038038419162265e-02
-2.622096806826802393e-02
-2.026155219731441345e-02
7.316910932987213956e-02
3.871802200378356845e-02
