1.094794792023616736e-01
-1.653094245276367502e-01
-1.441403287172320358e-01
2.147047680642586442e-01
2.493627843926916332e-01
2.074587707059145220e-02
1.355419233795062961e-01
-1.982889261767589451e-01
-3.403042893460806462e-01
-3.084981622714700333e-01
-4.414758563154289606e-01
1.836090388263409423e-01
-9.111659461321826303e-02
-3.819861597621971860e-01
-1.530675225015147023e-01
4.355671418854858978e-02
3.205126584935490408e-01
1.391479134750661928e-01
-7.889885985670649915e-02
-1.614335119014975173e-01
