-3.578265309333801270e-01
3.616244494915008545e-01
-2.624016106128692627e-01
-8.490143716335296631e-02
-5.248762667179107666e-03
-1.016994472593069077e-02
3.618654608726501465e-01
-8.208913356065750122e-02
6.882666051387786865e-02
2.952787876129150391e-01
2.085780799388885498e-01
-2.409797161817550659e-01
-5.824524164199829102e-02
5.336397513747215271e-02
-4.379810988903045654e-01
-5.245693959295749664e-03
-3.480375930666923523e-02
3.031129539012908936e-01
1.086583584547042847e-01
9.454391151666641235e-02
5.521118640899658203e-01
-2.424449175596237183e-01
-2.311691045761108398e-01
-1.389749348163604736e-01
-5.196062847971916199e-02
1.879289001226425171e-02
-1.613533794879913330e-01
-3.417895734310150146e-01
1.745189577341079712e-01
6.451144814491271973e-02
8.405110239982604980e-02
-9.580715745687484741e-02
1.149540171027183533e-01
2.689782679080963135e-01
2.004064321517944336e-01
-2.359701097011566162e-01
1.306896284222602844e-02
-3.302263841032981873e-02
3.763259351253509521e-01
3.823749348521232605e-02
8.990292251110076904e-02
-2.854863405227661133e-01
-2.902477681636810303e-01
-3.652630150318145752e-01
2.625159323215484619e-01
-2.568557858467102051e-02
6.590046733617782593e-02
2.022446691989898682e-02
5.319209024310112000e-02
-2.920143008232116699e-01
-5.526329874992370605e-01
1.098969280719757080e-01
-1.174867600202560425e-01
1.107700616121292114e-01
-1.081615686416625977e-01
-5.579918026924133301e-01
4.423769414424896240e-01
5.222406610846519470e-02
-2.102913409471511841e-01
1.632426828145980835e-01
2.053335011005401611e-01
2.886928915977478027e-01
-5.380579829216003418e-01
3.091602399945259094e-02
2.933955565094947815e-02
-1.370854079723358154e-01
-6.009490042924880981e-02
-4.172679781913757324e-01
2.260980904102325439e-01
2.134402096271514893e-01
5.445170998573303223e-01
-2.535200119018554688e-01
-4.068535864353179932e-01
-5.354382470250129700e-02
-3.135761246085166931e-02
-3.155811876058578491e-02
-5.354513227939605713e-02
2.960056066513061523e-01
5.175137519836425781e-02
-5.509250164031982422e-01
2.544104158878326416e-01
4.917422831058502197e-01
-5.237367004156112671e-02
3.299951255321502686e-01
1.332490295171737671e-01
1.805400252342224121e-01
5.314805731177330017e-02
2.771980166435241699e-01
1.987978368997573853e-01
-1.418642997741699219e-01
4.267599284648895264e-01
-4.254089295864105225e-02
5.563737154006958008e-01
4.347774758934974670e-02
6.770632266998291016e-01
1.411712467670440674e-01
1.377302035689353943e-02
-2.858516573905944824e-01
5.979741737246513367e-02
1.489119380712509155e-01
-1.525947730988264084e-02
-1.557651907205581665e-01
-2.745122313499450684e-01
2.939074635505676270e-01
-1.554333418607711792e-01
1.862255036830902100e-01
1.678193956613540649e-01
-3.737521171569824219e-01
-3.569062054157257080e-01
1.734479516744613647e-01
-1.587737724184989929e-02
-1.746468544006347656e-01
-5.123156905174255371e-01
-1.310684531927108765e-01
1.956062614917755127e-01
9.931247681379318237e-02
1.176023632287979126e-01
-1.924631744623184204e-01
1.507603228092193604e-01
2.154314219951629639e-01
-3.220959305763244629e-01
5.187413655221462250e-03
-8.911142498254776001e-02
-9.634628146886825562e-02
1.763168126344680786e-01
-5.551206320524215698e-02
3.113647997379302979e-01
1.834943592548370361e-01
-1.214081048965454102e-01
-3.276238441467285156e-01
-1.647787168622016907e-02
1.814178526401519775e-01
-2.398898452520370483e-01
6.854651123285293579e-02
-6.921952962875366211e-02
9.498971700668334961e-02
5.563968420028686523e-01
-1.931565403938293457e-01
-1.688055545091629028e-01
-2.944559454917907715e-01
3.606580942869186401e-02
-1.328844726085662842e-01
8.719028532505035400e-02
5.318053811788558960e-02
2.351415902376174927e-01
9.983459860086441040e-02
1.753622591495513916e-01
2.232860960066318512e-02
1.848833858966827393e-01
-9.739544987678527832e-02
2.209606021642684937e-01
-1.810751855373382568e-01
4.809864461421966553e-01
3.724038302898406982e-01
-2.991696447134017944e-02
-1.259105503559112549e-01
-2.810511589050292969e-01
2.936855554580688477e-01
7.734126448631286621e-01
-3.113624453544616699e-02
-6.376904994249343872e-02
1.890593767166137695e-01
2.345525920391082764e-01
7.075633108615875244e-02
2.162537425756454468e-01
-6.442719697952270508e-02
-6.509680151939392090e-01
-3.232165575027465820e-01
-2.376601397991180420e-01
4.360429048538208008e-01
-1.653084605932235718e-01
1.220516487956047058e-01
9.632663428783416748e-02
1.236448436975479126e-01
-7.376882433891296387e-02
-2.515049651265144348e-03
2.537967264652252197e-01
-9.998138993978500366e-03
-1.426870077848434448e-01
4.156326055526733398e-01
-3.770484924316406250e-01
-1.368080824613571167e-01
-1.741480678319931030e-01
7.379287481307983398e-02
-8.487496525049209595e-03
1.872184276580810547e-01
1.996369846165180206e-02
-2.031745314598083496e-01
1.660458371043205261e-02
1.965941488742828369e-01
-3.243727982044219971e-01
1.088486611843109131e-01
3.011875450611114502e-01
-1.026270017027854919e-01
-1.439621746540069580e-01
3.649550676345825195e-01
4.042772054672241211e-01
-3.534225225448608398e-01
-1.517829895019531250e-01
-2.085730433464050293e-01
-1.358939409255981445e-01
1.122909132391214371e-02
-2.778966128826141357e-01
-6.854427605867385864e-02
1.224519312381744385e-02
1.628230363130569458e-01
-1.937072575092315674e-01
-1.144663095474243164e-01
1.346955541521310806e-02
1.195776313543319702e-01
1.937986910343170166e-01
-3.085807561874389648e-01
2.264926955103874207e-02
1.921303942799568176e-02
1.114835813641548157e-01
2.920736670494079590e-01
2.183168679475784302e-01
5.456883311271667480e-01
-1.530979722738265991e-01
2.159329652786254883e-01
-1.157866418361663818e-01
9.997289627790451050e-03
9.680765867233276367e-02
-1.878706961870193481e-01
-1.689559221267700195e-01
-1.026754081249237061e-01
-3.980889916419982910e-01
6.495445221662521362e-02
-5.878215655684471130e-02
-5.705723166465759277e-02
-4.828441739082336426e-01
-3.405888080596923828e-01
1.574266999959945679e-01
3.371798098087310791e-01
-1.520800143480300903e-01
-3.379639983177185059e-01
4.782084822654724121e-01
1.050040125846862793e-01
-9.437811374664306641e-02
3.875618278980255127e-01
-3.775734901428222656e-01
-1.034210324287414551e-01
-1.903268098831176758e-01
5.789575576782226562e-01
-4.651997387409210205e-01
-7.534269988536834717e-02
1.897193193435668945e-01
1.145867109298706055e-01
-4.441849887371063232e-01
1.097442135214805603e-01
-7.648827135562896729e-02
-8.708851039409637451e-02
-6.745307147502899170e-02
-2.389872223138809204e-01
-1.310193389654159546e-01
2.595540583133697510e-01
-7.374817132949829102e-01
-1.805679500102996826e-01
-1.111923828721046448e-01
-7.469829916954040527e-02
2.836154699325561523e-01
-1.655603349208831787e-01
-2.176903784275054932e-01
1.130080223083496094e-01
3.898313939571380615e-01
5.417703390121459961e-01
6.398008763790130615e-02
2.792989611625671387e-01
-1.367436721920967102e-02
-2.215057015419006348e-01
6.581113487482070923e-02
-5.694392323493957520e-01
-4.188953340053558350e-01
-2.556337118148803711e-01
1.353514343500137329e-01
-3.102852106094360352e-01
1.129893064498901367e-01
-1.855142414569854736e-01
3.481457829475402832e-01
-1.181521546095609665e-02
1.030784994363784790e-01
-2.063671350479125977e-01
-1.902323663234710693e-01
2.962602674961090088e-01
3.674846589565277100e-01
4.017332941293716431e-02
-2.505156099796295166e-01
-1.368915438652038574e-01
-1.125350669026374817e-01
1.002428904175758362e-01
-4.534360766410827637e-01
1.069388166069984436e-01
3.507528305053710938e-01
-3.730651438236236572e-01
2.420322597026824951e-01
-4.570183455944061279e-01
-1.082534417510032654e-01
-2.495688349008560181e-01
-4.796719253063201904e-01
-3.247829973697662354e-01
-9.130801260471343994e-02
-1.388665139675140381e-01
1.892923265695571899e-01
6.293447315692901611e-02
-2.844543457031250000e-01
-5.234981775283813477e-01
3.300321102142333984e-01
5.830226093530654907e-02
2.298706322908401489e-01
-1.328993737697601318e-01
3.020101040601730347e-02
-1.900249272584915161e-01
1.448732912540435791e-01
1.096674501895904541e-01
-1.201911866664886475e-01
1.906422823667526245e-01
-4.855137467384338379e-01
-1.472856402397155762e-01
3.317851722240447998e-01
1.873749196529388428e-01
3.185536861419677734e-01
-9.184113889932632446e-02
-1.547257006168365479e-01
1.605429202318191528e-01
-7.488826289772987366e-03
-5.563313961029052734e-01
-4.803766608238220215e-01
4.277743399143218994e-02
-1.402833312749862671e-01
8.924044668674468994e-02
-9.091714024543762207e-02
-1.896007359027862549e-01
-5.414088256657123566e-03
-5.203121155500411987e-02
5.189535021781921387e-02
4.302370920777320862e-02
6.512411870062351227e-03
4.360930621623992920e-02
-6.474524736404418945e-02
1.107169538736343384e-01
4.236956536769866943e-01
2.876005508005619049e-02
3.231946527957916260e-01
-2.287434637546539307e-01
-1.202302873134613037e-01
-2.667054235935211182e-01
1.327658295631408691e-01
1.851109117269515991e-01
-1.440444439649581909e-01
2.267596498131752014e-02
-3.714181482791900635e-02
4.206937849521636963e-01
1.104566901922225952e-01
-2.742972075939178467e-01
-1.340911090373992920e-01
2.431727498769760132e-01
4.314324855804443359e-01
-2.156242132186889648e-01
6.025052443146705627e-02
2.369329333305358887e-03
1.718254983425140381e-01
1.668345741927623749e-02
1.600813865661621094e-02
1.055639386177062988e-01
3.677308857440948486e-01
7.397372275590896606e-02
1.720014810562133789e-01
5.036162585020065308e-02
2.386233508586883545e-01
-2.779005765914916992e-01
-1.092467755079269409e-01
-3.530632331967353821e-02
2.293287664651870728e-01
1.552274078130722046e-01
2.947774715721607208e-02
-1.146289147436618805e-02
4.189645349979400635e-01
4.198952391743659973e-02
-2.604354023933410645e-01
1.284486204385757446e-01
-1.953169554471969604e-01
-6.064044684171676636e-02
9.416751563549041748e-04
2.208600342273712158e-01
