-8.496166204492450191e-02
3.107929097180290104e-02
8.862703816176223381e-03
2.264480097384797413e-02
-5.036001079642092419e-03
-4.922647766191179386e-02
9.436182614188851070e-02
3.168205200562861090e-02
-2.469565186621332231e-02
1.390467881993230105e-02
5.258640563450157207e-02
4.243506214425310161e-03
-3.745993585171524670e-02
5.293993571647106697e-03
-8.001411652551164433e-02
3.084225805953852428e-02
3.016022590974419722e-03
3.667816370411240701e-02
3.403785065951419470e-02
7.787790195393308468e-02
1.699844805440048068e-01
-5.748651164304978411e-02
-1.520908942768617149e-02
-8.087194523359188258e-03
2.368971471313796942e-02
4.338665611895895641e-02
2.932011317143240828e-02
9.122979506143743048e-03
1.000196149050438556e-02
8.317915349633905539e-03
1.660144149276998604e-02
6.592877371466287226e-04
-1.590187092836865823e-02
2.174898676018156493e-02
-2.033138796527693415e-02
-3.993820559941992782e-02
-8.857478044947089679e-03
-1.138978654462627638e-01
9.778769810144202247e-04
2.572834658211967801e-02
-3.817600290475340469e-02
-5.629500674832618734e-02
-7.434580681197128227e-02
-1.264914430571300805e-02
3.038157666590767490e-03
-2.625177919808375365e-02
1.828380570202015401e-02
-1.047854940539469371e-02
-2.119685315943749260e-02
-2.738752531555972008e-02
-6.104529171164017193e-02
1.881821768351336563e-02
-3.392381020758845900e-04
-5.120696021551757876e-02
1.217323739557376466e-01
-7.078259754917155810e-02
-1.633476978164557017e-02
1.019747587229724306e-01
-6.155673511709434497e-05
2.046846539233231066e-02
5.359376968541988001e-02
-5.081859542500879318e-02
-1.091013838582143153e-01
1.783661850065975264e-03
-4.331205551080546945e-03
5.152202055055148805e-02
-5.544628662002849123e-02
-4.215301254200901071e-02
-2.645481513934333506e-02
6.078705871309828326e-03
5.071797007259976064e-02
-7.918895635300096658e-02
-1.944722137020185940e-02
-1.872498992478560664e-02
4.299311640256272410e-02
2.140214405124753194e-02
-2.492313876734284298e-02
4.974155388632274868e-03
-1.324717107327924026e-01
-1.561786014865942235e-02
2.246005644249373517e-02
3.233462210465543746e-02
-6.722749125828542116e-02
1.617587566766108889e-02
1.288386900087849438e-02
7.123138597526069982e-02
-9.230731277078373098e-03
6.942873298653947506e-03
8.389363869430245535e-02
-2.985588425697965204e-02
9.720680217868035711e-02
-1.004608717640117187e-02
2.019988092787769474e-02
5.580461069135722423e-03
1.409345320779639421e-01
8.122042952070045521e-03
4.434240004202931462e-02
-5.122466407925229531e-02
4.783611098636059850e-02
-3.693583175441331017e-04
6.377097650614076130e-02
9.398219383704756180e-02
-6.312416565089633280e-02
8.172972551753718284e-02
-1.449114190407443589e-02
-4.787862092028815492e-03
4.152872213778818072e-02
6.482974761871325431e-02
-2.109310445032471643e-02
-1.658784883809182736e-02
2.614330106512499641e-02
-2.623397848607915070e-02
-6.432190111764911344e-02
-6.439674546061513460e-02
1.267418442589140527e-02
9.388869167488846784e-03
4.242581152034138881e-02
2.887853994144959011e-02
5.275471178618090784e-02
-9.192678300530852942e-02
-1.687255692534422521e-02
-2.142505673776415320e-02
-1.741576111560503085e-02
1.118638677669949941e-02
2.763772596071814146e-03
5.898367532700834678e-03
4.557159828339160668e-02
5.696205243542494523e-02
-1.253270330800442256e-01
1.927124967796123994e-02
4.994454301758522591e-02
3.640292011403438357e-03
3.776074012142229680e-02
-1.561220259556039130e-02
-7.846972236153761104e-02
4.320406161919613380e-02
6.259843450266035225e-02
-5.783167887691483683e-02
-2.238230342315554108e-02
8.055161151026282110e-04
-7.732834613130575019e-02
-1.405372992142094914e-02
9.621286775451924622e-02
2.803247022747104925e-02
3.079787895400220785e-02
-5.588390521232439873e-02
-2.263777947428141299e-02
2.008375662401163178e-02
1.958299134561380592e-02
-6.623861231381222847e-02
8.727777550608745161e-02
-4.215137580624797597e-02
-1.084108556939444509e-02
-3.334947898338706807e-02
8.698221395605677808e-02
-8.539090971842680164e-03
-6.141664671768173878e-02
1.676445811477584452e-02
7.184786395237759138e-02
4.555957618482339017e-02
7.033117485014157844e-02
2.158582970818437655e-02
5.136747008147127952e-02
9.679551985924145230e-02
5.699298577282575773e-02
2.984355224394780876e-02
-1.144292783596652513e-01
-4.914585793378505041e-02
-3.070524035558290857e-02
6.795839223799407525e-02
1.141534157477288869e-01
4.306651447803182264e-02
-3.054072419953168804e-02
2.458464115099711148e-02
1.327810763895571726e-02
2.678254645635367789e-02
1.362527801786952292e-02
4.112787683356707025e-02
-5.333320587184945533e-02
2.049545861928669249e-02
-3.178026906439320592e-02
-3.032715762306009699e-02
3.524830230410268272e-02
3.924302226164432666e-02
-2.220172336740629596e-02
8.026248068535241087e-02
-1.985000363982064239e-02
-3.462328876613339490e-02
-8.649401151240068350e-03
5.670865216555024541e-02
-3.530184809838347870e-03
1.260983843538076004e-03
1.784591593456857569e-02
6.963781871639111720e-02
-2.632676235690327438e-02
3.311988401824975115e-02
8.739150120113607645e-02
-7.691056852123332767e-03
-7.756409418985633908e-02
-5.185159521296527595e-03
-7.634330883487126795e-02
4.527904225800297167e-02
8.191859901346412731e-02
5.012500039885928182e-02
6.410491902552629788e-03
-1.498552003907344110e-02
1.533823982385157511e-03
-1.780959985103452515e-03
-1.267896098256206250e-01
-2.013396115298144232e-02
1.100636763384666393e-02
-3.246441815595340480e-02
-1.256383873546172703e-02
-1.831111045757599642e-02
3.257129990659691360e-02
1.714944774307918668e-02
1.068184764405187732e-02
8.202183281260869152e-02
1.405257904114716504e-03
7.532081062764582613e-02
-2.226353193324599050e-02
-7.929790420006865848e-02
3.075581775039177429e-02
-3.286329744029588273e-02
4.403164299845389873e-02
-1.735716468404980770e-02
5.129356355258529905e-03
3.497182954806605463e-03
1.625947025181109437e-02
-7.864528244863122630e-02
-8.218941905881521626e-02
-1.053977930282183444e-02
6.285764566872807657e-02
1.675148044661144489e-02
2.722013236235849582e-03
-4.015886469752266014e-02
3.899300199638856823e-02
3.358270575864502616e-02
-1.232777793770630393e-03
7.622906015916527944e-02
-2.656784836926228202e-02
-3.460757352020695649e-02
-1.906397178248075974e-02
2.266193988934170345e-02
-8.600476310742984076e-02
4.766830521740899468e-02
1.698686048173647656e-02
-1.439809331464596449e-03
-7.795452184851364708e-02
1.292506260540455566e-02
-1.989737374275853121e-02
-3.789432294007270483e-03
-3.207099465748103340e-02
-3.096694697873795740e-02
2.630485164644548977e-03
2.069571985761410951e-02
-8.271509855464059813e-02
-8.515881283965082149e-02
-1.173237115796109675e-01
1.010902886699850504e-02
1.315305134198585524e-01
7.178038653447403605e-02
-4.480973168352549857e-02
2.534454980167373528e-02
8.081614933117413357e-02
2.298095163378686273e-02
-5.202191903693385161e-02
2.670522925422995700e-02
-6.809055138707720278e-02
-8.532227980611163665e-02
-3.357838309753255479e-02
-1.391043838654227593e-01
-1.217131721720954018e-01
-2.518112480279653329e-02
6.993338672297312597e-02
5.109769599743492832e-03
1.405858363387994803e-02
-8.106701217637787837e-02
3.007461607451169736e-02
-2.593581131405414079e-03
1.648043442196395897e-02
-2.453820401972576755e-04
-8.858691230941163897e-02
1.834086063194639848e-02
3.091561416742400273e-02
3.666470825114991755e-02
-3.671125030138029655e-02
-7.142591379601100771e-03
4.985737634641434525e-03
-3.953820933169813374e-03
-9.416944673859178536e-03
2.973549217268738401e-02
1.195577687299772401e-01
-4.101098097181760105e-02
-5.122526131024990846e-03
-2.424029067087474752e-03
-8.417083781236320283e-02
-2.715554788298326500e-02
-7.883504694864110207e-02
-9.480205963747127818e-02
-7.075265852067488814e-02
-8.296027640640218914e-03
-2.291947880861609430e-02
-1.429313884457313749e-02
-2.992992798758130346e-02
-3.419332118715828761e-02
-6.471599932573500816e-03
1.378918402982047889e-02
7.466842776860743713e-02
-7.647489335088641926e-02
6.013167032941783667e-03
-4.904729222124887267e-02
8.083760445122900942e-03
1.528614675361903395e-02
3.475059581689535215e-02
3.956737357403573851e-02
-7.495511156056545998e-02
4.190890970604313481e-02
2.513305577817765563e-02
7.259304036706708263e-02
2.954188602463879779e-02
-9.436516095064817825e-03
-9.792981970922048918e-02
7.889823075991314605e-02
4.801934145642898499e-02
-4.628957647562213784e-02
-1.526994565220534360e-02
-5.462250169295015945e-02
-8.770624516515503066e-02
-3.379419978214110581e-02
5.986410680714157953e-03
9.184638602820251185e-02
-2.111354912009713938e-02
-5.766350024212418476e-04
-2.383538581000767959e-02
-1.083381872087751420e-02
3.012523220862851556e-02
6.435312499985958168e-02
-7.172519593374306057e-02
3.440835017250511857e-02
4.058565565324558089e-02
-8.752869000370181243e-03
3.289038065543436334e-03
-2.098838241609961297e-02
-3.819449769602550893e-02
-4.689672150779790327e-02
1.343940197589547914e-02
2.314386333683367703e-03
3.216722309843735028e-02
-5.850729886417395387e-02
-2.484566499384948182e-02
9.238722550654032695e-02
-1.289620908459949283e-02
-5.857497643516859642e-02
-4.647619340686078709e-02
9.747943651495392936e-02
1.509743305733740083e-02
-3.655307770700644970e-02
-4.360895195282271652e-02
-6.783922689845366984e-03
-5.729101372546280616e-03
-8.585779908615717715e-02
-7.004092704185184426e-02
4.581018399624978144e-02
8.136110970339548512e-03
-1.523593092568440235e-02
5.681755481675865999e-03
-2.532041682695658144e-02
3.531027551200117964e-02
6.343050318508940133e-02
2.707035247763897503e-03
4.817997722513354258e-02
7.018738745212110830e-02
-8.691245091898397446e-02
-3.737010908139823395e-02
2.105206580303047026e-03
9.732119289851549893e-02
6.483836711473289771e-02
-1.151529802846458922e-01
-7.104107912493948587e-03
1.605251679803472442e-02
-4.552745807025433689e-02
6.608125970145672934e-02
1.462568190645886258e-02
