-6.387306749820709229e-02
3.833432197570800781e-01
5.096129328012466431e-02
-2.945486456155776978e-02
-4.912771582603454590e-01
-1.673451364040374756e-01
4.355886876583099365e-01
-4.769038036465644836e-02
-1.124163791537284851e-01
2.722884714603424072e-01
3.561547100543975830e-01
-2.380661666393280029e-01
-1.661668568849563599e-01
1.773553192615509033e-01
-1.203447729349136353e-01
-9.113295376300811768e-02
2.724013626575469971e-01
3.179613649845123291e-01
2.162351086735725403e-02
1.360018621198832989e-03
3.598383665084838867e-01
-2.836954295635223389e-01
-1.060165017843246460e-01
-2.515012919902801514e-01
1.036174446344375610e-01
2.477582842111587524e-01
-3.242028653621673584e-01
-1.442651450634002686e-01
1.531282812356948853e-01
2.112151123583316803e-02
8.208745718002319336e-02
-3.034490533173084259e-02
3.664317727088928223e-01
1.257301717996597290e-01
1.036614850163459778e-01
2.625013291835784912e-01
2.283645421266555786e-02
2.113018650561571121e-03
2.902308106422424316e-01
2.908565700054168701e-01
-3.642815053462982178e-01
-1.939071714878082275e-01
-4.175256192684173584e-01
-8.257358521223068237e-02
2.230045050382614136e-01
-3.689686954021453857e-01
-3.610534593462944031e-02
-5.819794908165931702e-02
-5.069833248853683472e-02
-6.145836785435676575e-02
-8.768227696418762207e-01
-6.762318313121795654e-02
-1.038032770156860352e-01
1.367507502436637878e-02
1.245104447007179260e-01
-1.384502649307250977e-01
2.110976129770278931e-01
3.138740062713623047e-01
-2.129078954458236694e-01
6.597632914781570435e-02
-2.438718825578689575e-01
1.115591078996658325e-01
-3.276584446430206299e-01
-8.965337276458740234e-02
1.041984036564826965e-01
-1.142083033919334412e-01
-3.025749623775482178e-01
-2.381089329719543457e-01
-1.730282306671142578e-01
-2.300457656383514404e-01
4.504874646663665771e-01
-1.652126014232635498e-01
8.121837675571441650e-02
2.100677192211151123e-01
-6.425882130861282349e-02
-2.571757435798645020e-01
-1.286513656377792358e-01
9.116706997156143188e-02
-2.033138126134872437e-01
-2.650288939476013184e-01
1.224349960684776306e-01
3.744363784790039062e-01
-3.575100600719451904e-01
2.937505841255187988e-01
6.134930625557899475e-02
-3.949319571256637573e-02
-4.599925279617309570e-01
3.843418508768081665e-02
4.264476895332336426e-01
-2.138371765613555908e-01
1.001528054475784302e-01
8.900440484285354614e-02
-1.251922696828842163e-01
-1.147059872746467590e-01
7.388823032379150391e-01
6.739504635334014893e-03
1.084367930889129639e-01
-1.253917664289474487e-01
-1.528525501489639282e-01
9.020289033651351929e-02
-7.094489783048629761e-02
1.082898676395416260e-01
-7.768409699201583862e-02
2.085040360689163208e-01
-3.384966850280761719e-01
5.836315825581550598e-02
-5.663449876010417938e-03
-1.968409270048141479e-01
2.301099710166454315e-02
1.213493347167968750e-01
-5.062415823340415955e-02
-6.623767316341400146e-02
-5.300205945968627930e-01
1.620793044567108154e-01
-7.573963701725006104e-02
1.112628579139709473e-01
2.339835464954376221e-01
-1.265782266855239868e-01
2.765155136585235596e-01
-2.551607191562652588e-01
-5.795788019895553589e-02
1.210708618164062500e-01
-3.126434981822967529e-01
-3.162034749984741211e-01
-1.160198450088500977e-01
-2.284303009510040283e-01
3.036067076027393341e-02
1.618431806564331055e-01
-1.340056210756301880e-01
-2.531925775110721588e-02
-1.155867800116539001e-01
1.047563552856445312e-01
1.865169852972030640e-01
9.719657897949218750e-02
-1.456511765718460083e-01
2.844138443470001221e-01
2.083111256361007690e-01
-3.924973607063293457e-01
-2.755068540573120117e-01
-5.470492243766784668e-01
-2.163293808698654175e-01
-3.551796674728393555e-01
2.834811508655548096e-01
2.281509898602962494e-02
1.869729906320571899e-01
-1.144742313772439957e-02
2.571117281913757324e-01
3.372614383697509766e-01
2.377528101205825806e-01
-8.080842904746532440e-03
-7.063891738653182983e-02
-2.219646126031875610e-01
1.637873947620391846e-01
-1.736710406839847565e-02
4.090216383337974548e-02
-1.731319725513458252e-01
-2.280944436788558960e-01
3.238955140113830566e-01
4.781243801116943359e-01
-2.972608990967273712e-02
-7.466224581003189087e-02
2.172863669693470001e-02
1.262526065111160278e-01
2.512441761791706085e-02
2.522437572479248047e-01
-1.813863217830657959e-02
-2.354906499385833740e-01
-1.484580785036087036e-01
-1.648043394088745117e-01
3.370606005191802979e-01
3.432592153549194336e-01
3.506768122315406799e-02
-6.731855869293212891e-02
3.090358339250087738e-02
1.643605828285217285e-01
1.049225032329559326e-01
2.862949967384338379e-01
4.492627680301666260e-01
-1.760870367288589478e-01
8.129295706748962402e-02
-2.706806659698486328e-01
2.613470517098903656e-02
9.935649484395980835e-02
1.233297958970069885e-01
6.289948523044586182e-02
4.415417313575744629e-01
-1.609957963228225708e-01
1.692951619625091553e-01
-1.294556707143783569e-01
-8.662664890289306641e-02
-3.133262693881988525e-01
3.206745162606239319e-02
2.142527848482131958e-01
-1.108803898096084595e-01
-2.140809595584869385e-01
1.357116699218750000e-01
8.499465584754943848e-01
-1.769489794969558716e-01
-2.248063683509826660e-01
-1.956576481461524963e-02
-6.389328837394714355e-01
3.392129242420196533e-01
7.246213965117931366e-03
-1.454382985830307007e-01
3.252134621143341064e-01
-2.071574479341506958e-01
1.924244016408920288e-01
-6.039074063301086426e-02
5.416048765182495117e-01
2.702615559101104736e-01
-6.152568012475967407e-02
-9.101276099681854248e-02
1.104305237531661987e-01
1.519473940134048462e-01
8.847711235284805298e-02
1.225057393312454224e-01
4.132944643497467041e-01
4.202782213687896729e-01
1.232118830084800720e-01
7.035579532384872437e-02
-1.598702222108840942e-01
-3.526553213596343994e-01
-1.705651283264160156e-01
-9.775871783494949341e-02
8.702439814805984497e-02
2.195711433887481689e-01
-4.145482480525970459e-01
3.263418376445770264e-01
-7.633076608180999756e-02
-1.367099490016698837e-02
-2.079180628061294556e-01
-2.716314792633056641e-01
-3.003661334514617920e-01
-7.405868917703628540e-02
2.839078009128570557e-02
-8.667290210723876953e-02
3.987701237201690674e-01
4.911224544048309326e-02
-3.966639637947082520e-01
5.938074365258216858e-02
-2.723617851734161377e-01
1.854100078344345093e-01
-3.043437600135803223e-01
2.673467397689819336e-01
-1.023136004805564880e-01
1.935425996780395508e-01
2.266488969326019287e-01
-6.699781119823455811e-02
-2.395920902490615845e-01
-1.395430266857147217e-01
-3.063188120722770691e-02
2.322543412446975708e-01
-3.446587920188903809e-01
-1.796935871243476868e-02
3.875532746315002441e-01
-8.081287890672683716e-02
-4.951953887939453125e-01
-3.169869184494018555e-01
-1.552146673202514648e-01
-9.753014147281646729e-02
1.671244800090789795e-01
-2.852357923984527588e-01
-1.146597266197204590e-01
4.784626960754394531e-01
2.393774837255477905e-01
6.265898048877716064e-02
1.323579698801040649e-01
9.475806355476379395e-02
-1.886913627386093140e-01
-3.439390957355499268e-01
-2.498989552259445190e-01
-4.629226028919219971e-01
-1.207875013351440430e-01
-2.030685544013977051e-01
-6.495392322540283203e-02
-2.422536015510559082e-01
7.557989656925201416e-02
-3.048079907894134521e-01
5.133241415023803711e-01
-3.218081593513488770e-02
-2.461844868957996368e-02
-3.727762997150421143e-01
-3.532783985137939453e-01
-8.850342035293579102e-02
2.771587967872619629e-01
1.411254703998565674e-01
7.665275782346725464e-02
2.544155716896057129e-01
9.756570681929588318e-03
1.026273593306541443e-01
-6.663408130407333374e-03
4.669567644596099854e-01
-3.430415689945220947e-02
-1.435996890068054199e-01
-2.324634231626987457e-02
-4.964299201965332031e-01
1.950067467987537384e-02
-9.964924305677413940e-02
-3.152507543563842773e-01
-3.009458184242248535e-01
1.607604622840881348e-01
1.299470216035842896e-01
1.128079965710639954e-01
4.033400677144527435e-03
-4.324163496494293213e-02
-2.944461107254028320e-01
3.543151915073394775e-02
-1.921765804290771484e-01
3.060404062271118164e-01
-3.261236008256673813e-03
-2.971122786402702332e-02
-1.454992294311523438e-01
2.523497939109802246e-01
2.698770761489868164e-01
-2.046139240264892578e-01
5.116102844476699829e-02
-5.044875666499137878e-02
-1.564912647008895874e-01
5.132732987403869629e-01
3.511813580989837646e-01
-8.095378428697586060e-02
8.881472051143646240e-02
-2.543627619743347168e-01
1.592577435076236725e-02
-1.320332139730453491e-01
-3.102847635746002197e-01
-1.973881125450134277e-01
-4.011615216732025146e-01
-2.131815813481807709e-02
3.348781168460845947e-01
-2.992659807205200195e-01
1.004267930984497070e-01
-2.328145951032638550e-01
-6.974847614765167236e-02
2.081871032714843750e-01
1.972757726907730103e-01
3.079823255538940430e-01
1.738854199647903442e-01
-1.977630704641342163e-01
-4.674145579338073730e-02
3.763401210308074951e-01
-2.948864102363586426e-01
5.781066790223121643e-02
1.582783311605453491e-01
-2.714427411556243896e-01
-1.395487785339355469e-01
-6.888803094625473022e-02
3.176670968532562256e-01
6.583479046821594238e-02
-5.399345234036445618e-02
-1.248625144362449646e-01
6.865381002426147461e-01
1.534103006124496460e-01
-5.568612813949584961e-01
3.444714471697807312e-03
4.236450418829917908e-02
-3.012792207300662994e-02
-2.684401869773864746e-01
4.255011305212974548e-02
-9.887669980525970459e-02
2.183211408555507660e-02
1.815232820808887482e-02
-2.116405516862869263e-01
3.455963730812072754e-01
3.081581294536590576e-01
1.694129556417465210e-01
-2.147423624992370605e-01
1.775974929332733154e-01
1.247015595436096191e-01
1.923598498106002808e-01
-2.826569378376007080e-01
2.367258369922637939e-01
1.967339366674423218e-01
-2.496000975370407104e-01
-1.055754348635673523e-02
2.153070122003555298e-01
4.786311388015747070e-01
8.322537690401077271e-02
-3.984099924564361572e-01
1.478202044963836670e-01
2.099977582693099976e-01
-1.490488350391387939e-01
2.098051160573959351e-01
2.338692396879196167e-01
