-1.057491974303291227e-01
1.237830840183971604e-01
-5.358987712200193737e-02
-3.137245909066282284e-02
-2.265217614243707905e-02
-6.042634733673836467e-02
7.248936909945274953e-02
4.530977976580622540e-02
5.125081165905679553e-02
5.244363553582263165e-02
9.544022888900956236e-02
-7.536420541196542366e-02
-2.997292402279134668e-02
-1.528693881344202025e-02
-9.089989438566045687e-02
-3.110252470076207759e-04
-7.923055043221200952e-03
1.611254012509460640e-02
-2.180604544210949444e-02
8.559933835698103205e-03
5.349476209161045659e-02
-2.390223361693891505e-02
-3.533743094333166579e-02
-3.523066288951131469e-02
2.460341845523031368e-02
3.320583168409284303e-02
-3.774001266917348819e-03
1.051953095898040987e-02
7.999290950418154467e-02
6.666801001486831468e-02
4.085274831939852275e-02
-1.579412018367645776e-02
8.396646796945370084e-02
5.450257476662257600e-02
4.827123721695276981e-02
2.585293616195184080e-02
1.598130204665712192e-02
6.224240679582850738e-03
6.279846446971579232e-02
6.915402808386723887e-02
-5.409939803786083939e-02
-7.511097815944875467e-02
-3.611546149395341437e-02
-4.086196079771030332e-02
3.216142076670051864e-02
6.446941994461324876e-02
-3.462984174376960989e-02
3.030809332269294304e-02
-5.036436394814479411e-02
-3.778280747878622753e-02
-5.374014449828939249e-02
2.162859761219765656e-02
-5.743172231450241472e-02
1.476099202722873892e-03
1.125699017898382503e-01
-5.575279946979254386e-02
2.710235121345134363e-02
4.663371091838793697e-02
-2.486524391045601481e-02
5.474315307448381854e-04
7.497923508354810418e-02
-3.287113964818717902e-03
-1.961452003800480126e-01
6.615222133541321693e-03
2.414907803266696726e-02
-1.390549590058721453e-02
-2.686169922563235932e-02
-4.878374175716786165e-02
1.299570323317685537e-02
6.046597225243883350e-02
1.084618053774594054e-01
-4.676515927445763082e-02
-4.017028978047919308e-02
-2.759309946951533574e-02
3.526234692706955998e-02
-3.191908821355327053e-02
-5.336278059067800505e-02
3.049549208622336083e-02
-2.473407702838218911e-02
-8.455652356271819992e-02
6.772710725192733483e-02
6.130970545661338506e-02
-1.931049037183886138e-02
1.982557619416898745e-02
1.276632262316293627e-02
6.973118223374472069e-02
1.595350069451243954e-02
4.245084176687183297e-02
5.298496632467323414e-02
-1.712861985693826805e-02
1.076022301545057347e-01
-3.923669020807137725e-02
6.780800618979815342e-02
1.322497953223936325e-02
1.402270200361193653e-01
8.637288519242156126e-02
-4.645215853532460269e-03
-1.633405022546527766e-02
5.783697201645723873e-02
-1.323762350970662804e-02
1.970718160858995691e-02
4.484138716793158869e-02
-5.234987489207008904e-02
3.094940367487535385e-02
-8.826637069699234950e-02
-4.985955523812257012e-02
6.812237621713460034e-02
3.125744550449296305e-02
-2.305554328007837495e-02
1.155184594533271644e-02
-6.851016128551060125e-02
-3.516861277498721516e-02
-7.426117173988103226e-02
-3.013031434690361179e-02
2.385044405742885176e-02
-1.323195594801338665e-02
6.085691645248608034e-02
-7.472129893665351019e-02
4.857783856200329625e-02
-3.059559417352984007e-02
-1.714441448046367727e-03
1.827016910603353889e-02
-7.096289257090421243e-02
-2.359259069700364239e-02
2.990738031925973053e-02
8.190063862777405322e-04
6.457743310693296601e-02
4.265464218571433930e-02
-5.768690995061382526e-02
7.781340337084622673e-03
3.641191652931764083e-02
-9.030611340127420172e-03
-2.633169693725069191e-02
4.271156285059610896e-02
-1.456110844321842519e-02
-6.472318365345144930e-02
5.976177729812105072e-02
-1.949662581384665680e-02
-2.380328391728610271e-02
-2.585045091214127622e-02
-8.389329797636349562e-02
-6.514563969520066611e-02
2.624667192174633470e-02
2.358292289311032103e-02
-4.420561109122672638e-03
-7.447997306697383239e-03
-5.446065459605876078e-04
4.284331254941432104e-02
6.771629865048604813e-02
-3.424946109721429405e-02
-1.338841161288643541e-02
-8.409768783486792909e-02
2.963654604043691049e-02
1.399491522188586398e-02
5.648754594276756552e-02
-2.542488209914365790e-02
-1.802237761309586489e-02
6.059504629256692171e-02
9.864380695994176551e-02
2.035796438859797247e-02
-2.242865267513126717e-02
-3.905450864784081565e-03
-3.424626843702294286e-03
6.939253259067069968e-02
5.655651700613120031e-02
3.316392020610831222e-03
-8.452482627932485226e-02
-4.706500524360735654e-02
-1.880803445327620949e-02
1.149183088779873879e-01
2.886366811966890877e-02
-7.205259927714902611e-03
1.631616834808081312e-02
3.831846905021420169e-02
-7.541135396200247115e-04
-2.816875849575595225e-02
5.408780462068991240e-02
4.448532173529567285e-03
-5.651795838015625378e-02
5.632269490203544587e-02
1.391655782862477250e-02
-5.884884122846861104e-02
3.571109926295026188e-02
9.860458355861775707e-04
7.423068645039929137e-02
3.495057308341264352e-02
8.354224360871869218e-03
4.998494362463419549e-02
-8.007336470657652749e-02
4.099727031471152999e-02
-1.108433601679453123e-01
1.386894484649455264e-02
6.281063076925477717e-02
-1.566191350354731449e-02
-7.558442404341389476e-02
-9.720867536596948522e-03
1.987448644027427561e-02
-4.403462971243757296e-02
-5.986959177291427403e-02
-2.571377707412478980e-02
-6.446906230706556107e-02
8.130206161625087857e-02
-6.382703502405838274e-03
-7.854160308982326144e-02
3.785558009682345182e-02
7.263742442127855969e-02
-1.193461796184233092e-01
-3.776276984173930484e-02
-2.007080627374427731e-02
6.009735390745195999e-02
1.533011361294917864e-02
-2.484439662173862709e-02
1.195427180081724480e-02
7.310741479801209121e-03
-2.218542644204714309e-03
3.728779406382016354e-02
-6.143275098604177031e-03
9.400285709317607319e-02
-1.142392098139951954e-02
2.301860064598557770e-02
-3.988570301336420709e-02
-1.692803320883680754e-02
-1.491572759623440228e-02
-5.677850395656545979e-02
-5.604279053762817320e-02
1.713989371833741712e-02
-1.040805798453267456e-01
-2.180023548768893205e-02
2.686960698918682000e-03
5.515864180697064613e-03
-6.476165618149826164e-02
-5.794461429539416591e-02
8.636053510692055790e-03
-3.158186249775245952e-02
6.470750720761107855e-02
-3.273787619877649435e-02
4.155256552521588431e-02
3.053793836480004145e-02
-2.765477373346848095e-02
7.907210540847994795e-02
-8.148277454451476054e-02
-5.181531934787293042e-02
-2.603996238637008159e-02
8.960029252069794115e-02
-4.904534948397910876e-03
2.043178135794633012e-03
1.640375146548878060e-02
5.217473183746557802e-02
-6.053043973186859883e-02
4.080309630652766140e-02
-4.421988265068185764e-02
1.661424434251535659e-02
-1.001193379370354840e-03
-1.977469066290447192e-02
-2.886654246588552311e-02
-3.001383378449647144e-02
-8.438734113390851388e-02
4.335944313698792546e-02
-9.115669139073646898e-02
-4.445585389152251904e-02
6.680134259098093052e-02
-7.952843270630822678e-03
-4.408178157393338736e-02
5.964042557985602816e-02
1.521292373607245618e-01
5.366805404075979807e-02
3.151808380174786484e-02
1.824864296826729515e-02
2.081064411458570171e-02
-2.973783694144357947e-02
-5.625260456560589317e-02
-1.430082215403129520e-01
-5.307136890702794652e-02
-6.220968709953841186e-02
4.132493253757042045e-02
-3.570869183242091072e-02
1.396631911963520760e-02
-8.100824250207146193e-02
2.770807000672112150e-02
3.747815989441289491e-02
5.150950281855205121e-02
-6.025542308061308111e-02
-3.244375243038979256e-02
2.584919255780681463e-02
3.325057280360053241e-02
4.981608323519036430e-03
3.257293243719868153e-03
5.017594194385292805e-02
-5.884741067827786026e-02
-8.358862058886118093e-03
-3.900221243513819075e-02
5.242224351213677080e-02
1.139137844815387435e-01
-8.183890868992026169e-02
-2.545619525331912353e-02
-1.016259544055138873e-02
-4.422867788518799331e-02
-8.866384509374371226e-02
-5.564797193081428422e-02
-9.005806195882269660e-02
-4.222809649237812407e-02
-1.095336393128313896e-04
1.022473413659771152e-02
4.127226378575562377e-02
-1.466176519986970087e-02
-8.072986202959916762e-04
2.856776609792008662e-02
-1.676145524235357967e-02
6.665374425046603768e-02
-7.904425604018303075e-02
4.611515965444987902e-03
-3.124079217831398844e-02
-1.137676663630962301e-02
1.332266342677547281e-02
-8.524963175305761212e-03
6.063318767473623028e-02
-6.712514365290829510e-02
4.937020772912036060e-02
7.265462413815540477e-02
6.097491035155335609e-02
-1.425443755753362518e-02
-7.218602622983671946e-02
-1.418126922017280168e-02
1.993681140587668429e-03
1.512497867622039117e-02
-1.146297748520127141e-01
-7.504562320906731088e-02
-6.973842108262665040e-02
-4.750937651952886337e-02
3.756308887761277554e-02
-9.995992638127348257e-03
2.952226759811507964e-02
-8.799575166298989615e-02
4.830706057797964220e-02
-2.637628076246656753e-02
-7.863457891784615683e-03
2.937819927265424014e-02
6.015148301258649299e-02
-3.037765382571851192e-02
7.080483333211941809e-03
6.780778763351900940e-02
1.092356038837668381e-02
4.606867091257373786e-03
-2.367820680789932061e-02
-4.995955798166580586e-02
4.571621497000246531e-02
-1.989411511216250192e-02
2.226736848943206525e-03
1.939653448878119303e-03
1.959588679062431241e-02
1.250335885398336060e-02
1.136292771894343578e-01
1.612743837812288458e-02
-2.723230279015478178e-02
-5.777242506201687305e-02
2.204140571880619168e-02
-4.287180102925479408e-02
1.816059459090145489e-02
-8.586016540738609926e-02
-1.833934713557060572e-02
2.516410306489082552e-02
3.417922505659864302e-02
-7.935704319022506004e-02
8.385232198548286942e-02
1.916510077432683617e-02
-2.385842798453513894e-02
-1.758092373235504643e-02
-2.831542962781386299e-02
6.111066691548919239e-02
-1.612208706074264725e-02
-2.787392276373264893e-02
-7.471799141023590697e-04
6.605919831910278539e-02
-3.732443535516444255e-02
1.235717285063597098e-02
5.140169496667638255e-02
5.392688097006483050e-02
-1.441952702329753547e-02
-6.552686807520236023e-02
8.248208008193416360e-03
3.326993821451615374e-02
-3.383054169343667483e-02
2.407758860490501890e-02
9.516602685661267047e-02
