-1.856231549440929413e-02
-2.602971929791059180e-01
-1.247108679782010787e-01
1.053494469179077492e-01
3.111935069355968864e-01
9.930516518140418414e-02
2.808058420192183213e-01
1.188697966339412049e-01
-3.280625742727618643e-01
-2.110445988631219627e-01
-1.101693691756551324e-01
3.437687099867383078e-01
-1.816406978679547257e-01
-3.727082478760591622e-01
-2.255379279576946172e-01
7.933873596206396026e-03
3.791735296745459283e-01
-2.157315554865863183e-01
-8.449840036010081157e-02
5.289438707181631782e-02
