-3.271768093109130859e-01
5.082956552505493164e-01
-3.517277538776397705e-01
-3.657218515872955322e-01
-1.115468144416809082e-01
-2.398111522197723389e-01
2.025000005960464478e-01
1.670284569263458252e-01
-3.505027666687965393e-02
1.798232831060886383e-02
4.552432298660278320e-01
-4.008508622646331787e-01
-2.240311801433563232e-01
-1.201409250497817993e-01
-5.489664524793624878e-02
-1.314812712371349335e-02
9.098509699106216431e-02
5.380812883377075195e-01
-6.535321474075317383e-02
-2.967477776110172272e-04
2.302841544151306152e-01
-6.986215710639953613e-02
-2.342980057001113892e-01
-3.813309594988822937e-03
2.169479727745056152e-01
2.756775021553039551e-01
-4.270609468221664429e-02
-2.897416949272155762e-01
3.381301760673522949e-01
2.626586258411407471e-01
1.658155322074890137e-01
4.493421316146850586e-02
2.514181733131408691e-01
4.394494891166687012e-01
3.793844282627105713e-01
9.790650755167007446e-02
-1.819624453783035278e-01
5.049152299761772156e-02
1.707393229007720947e-01
2.277045100927352905e-01
-7.773891836404800415e-02
-3.273044228553771973e-01
-4.115687012672424316e-01
-1.522323675453662872e-02
5.905092135071754456e-02
-1.609044075012207031e-01
-3.199927508831024170e-01
-3.149696812033653259e-02
-1.164247319102287292e-01
-2.922276034951210022e-03
-4.607725143432617188e-01
-2.111120522022247314e-01
-1.479182541370391846e-01
-1.202200204133987427e-01
4.364951252937316895e-01
-3.751058876514434814e-01
-1.244275420904159546e-01
2.458455264568328857e-01
-4.344923794269561768e-02
-9.650229662656784058e-02
3.029274754226207733e-02
2.069077193737030029e-01
-6.660453081130981445e-01
1.095799207687377930e-01
1.824160814285278320e-01
1.917496174573898315e-01
-2.227448299527168274e-02
-2.755041718482971191e-01
-1.746872663497924805e-01
-5.885344743728637695e-02
4.474759101867675781e-01
-2.694197595119476318e-01
-2.401458621025085449e-01
1.245008409023284912e-02
4.592382162809371948e-02
-3.733902275562286377e-01
-2.280170619487762451e-01
3.920227885246276855e-01
-2.298727780580520630e-01
-4.509109854698181152e-01
1.877838522195816040e-01
3.771244883537292480e-01
-3.249621391296386719e-01
3.737865686416625977e-01
-1.836908161640167236e-01
1.796867847442626953e-01
-1.196418181061744690e-01
9.510155022144317627e-02
4.150279164314270020e-01
-3.089595586061477661e-03
4.623794853687286377e-01
1.287024319171905518e-01
2.700170278549194336e-01
-1.089101210236549377e-01
4.123502671718597412e-01
2.561381459236145020e-01
4.090652614831924438e-02
-4.321154952049255371e-02
3.326591253280639648e-01
5.361427366733551025e-02
-3.807441145181655884e-02
-9.028420597314834595e-02
-1.600020527839660645e-01
7.597763091325759888e-02
-3.124068975448608398e-01
-1.595360487699508667e-01
2.900921106338500977e-01
-5.187698453664779663e-02
6.244490388780832291e-03
9.946255385875701904e-02
-2.291677594184875488e-01
-6.546454038470983505e-03
-7.477281093597412109e-01
-2.594356536865234375e-01
1.546516418457031250e-01
-2.656451612710952759e-02
3.664191961288452148e-01
-2.202849388122558594e-01
1.296836733818054199e-01
-1.280649006366729736e-01
3.855669638141989708e-03
3.025911152362823486e-01
-6.519402563571929932e-02
-4.662693664431571960e-02
-1.334881335496902466e-01
7.057952135801315308e-02
1.496588289737701416e-01
1.677263677120208740e-01
-5.320380926132202148e-01
-1.619655042886734009e-01
-4.269083961844444275e-03
1.974096298217773438e-01
4.145632684230804443e-02
-2.127373069524765015e-01
6.466945260763168335e-02
-4.144127294421195984e-02
3.009676635265350342e-01
-1.935957372188568115e-01
-2.157048434019088745e-01
-2.686411738395690918e-01
-3.441945016384124756e-01
-3.914479315280914307e-01
1.166518852114677429e-01
-1.704590469598770142e-01
4.643999040126800537e-01
-8.302379399538040161e-02
3.437496721744537354e-01
3.981021344661712646e-01
2.026008367538452148e-01
-2.224608659744262695e-01
1.166009306907653809e-01
-3.325143158435821533e-01
1.747148782014846802e-01
1.367054730653762817e-01
6.319578737020492554e-02
-2.188962846994400024e-01
-1.071130931377410889e-01
4.159165620803833008e-01
4.273992180824279785e-01
1.044516414403915405e-01
-1.331422328948974609e-01
1.560941338539123535e-01
1.959755420684814453e-01
2.491491734981536865e-01
2.153383344411849976e-01
-1.460186988115310669e-01
-2.545686066150665283e-01
-1.836247742176055908e-01
-2.771890461444854736e-01
3.135993778705596924e-01
1.387288328260183334e-02
-8.065626770257949829e-02
1.744312345981597900e-01
3.293102383613586426e-01
1.629015207290649414e-01
-2.344548106193542480e-01
1.428825557231903076e-01
-1.793322153389453888e-02
1.725538820028305054e-01
9.367785602807998657e-02
-1.660272181034088135e-01
-1.522889826446771622e-03
-1.230852305889129639e-02
-2.306693196296691895e-01
-6.533321738243103027e-02
-1.014454010874032974e-02
-2.227422446012496948e-01
-3.334677964448928833e-02
-6.012974306941032410e-03
4.157457351684570312e-01
-4.761928915977478027e-01
1.442145109176635742e-01
-7.054025679826736450e-02
-1.494516283273696899e-01
-2.412017136812210083e-01
3.395923674106597900e-01
5.699836015701293945e-01
-8.645672351121902466e-02
-1.481074839830398560e-01
-7.097195833921432495e-02
-8.366741240024566650e-02
2.800682187080383301e-01
-5.700094997882843018e-02
-1.212121993303298950e-01
-4.415918141603469849e-02
3.604178726673126221e-01
-7.662203907966613770e-02
1.919422298669815063e-03
-1.759342700242996216e-01
8.951298892498016357e-02
3.626683726906776428e-02
-2.081438601016998291e-01
7.676215469837188721e-02
5.252639055252075195e-01
3.387415707111358643e-01
1.674922704696655273e-01
2.007095962762832642e-01
4.382661581039428711e-01
-2.302531749010086060e-01
2.450849413871765137e-01
-1.213061660528182983e-01
-3.338308930397033691e-01
4.384280443191528320e-01
-1.398422420024871826e-01
2.736912667751312256e-02
6.510353833436965942e-02
-5.997156500816345215e-01
-8.966777473688125610e-02
-1.057999879121780396e-01
-2.411037385463714600e-01
-2.821074128150939941e-01
-4.328187108039855957e-01
1.564601510763168335e-01
-3.265246748924255371e-03
-2.085466533899307251e-01
-1.827416718006134033e-01
8.178915083408355713e-02
-2.924001961946487427e-02
-4.225791990756988525e-01
1.304769366979598999e-01
-2.708050608634948730e-01
2.228840142488479614e-01
2.648772299289703369e-02
2.698284387588500977e-01
-9.650106728076934814e-02
-3.480951786041259766e-01
3.148110583424568176e-02
3.824580311775207520e-01
-2.428138554096221924e-01
-1.772351190447807312e-02
-1.110118180513381958e-01
5.887353047728538513e-02
1.260362416505813599e-01
-2.134149968624114990e-01
-5.692548304796218872e-02
2.263127826154232025e-02
-1.522994786500930786e-01
-3.851830959320068359e-01
-5.425751805305480957e-01
5.842521786689758301e-04
2.746993303298950195e-01
-9.668374434113502502e-03
-6.818734854459762573e-02
3.079771101474761963e-01
2.823901474475860596e-01
1.540725678205490112e-01
-1.124746501445770264e-01
8.173816837370395660e-03
1.852818019688129425e-02
-1.529827564954757690e-01
1.046952754259109497e-01
-4.485286176204681396e-01
-1.061972826719284058e-01
-4.558702409267425537e-01
4.879689812660217285e-01
-1.689272746443748474e-02
5.148097127676010132e-02
-4.536996185779571533e-01
2.418688535690307617e-01
3.195025324821472168e-01
4.109618812799453735e-02
-2.104752957820892334e-01
-2.878880500793457031e-01
1.145328059792518616e-01
4.398903250694274902e-02
4.279361665248870850e-02
-5.229485407471656799e-02
2.547219693660736084e-01
7.769367843866348267e-02
3.894479945302009583e-02
4.635571315884590149e-02
-2.636878788471221924e-01
2.225645184516906738e-01
-1.732570827007293701e-01
-8.759114891290664673e-02
-2.316666394472122192e-01
-2.248958349227905273e-01
-1.669175177812576294e-01
-2.063792198896408081e-01
-2.897141873836517334e-01
-2.192108705639839172e-02
-1.130923628807067871e-01
2.942147254943847656e-01
1.325662434101104736e-01
-1.849258542060852051e-01
-1.484874635934829712e-01
-7.450273260474205017e-04
-6.544185429811477661e-02
4.315314590930938721e-01
-2.460620552301406860e-01
-2.317864447832107544e-01
-1.044129729270935059e-01
-1.928400695323944092e-01
1.158857047557830811e-01
9.601426124572753906e-02
2.451231181621551514e-01
-2.676356434822082520e-01
3.752839565277099609e-01
3.010472953319549561e-01
2.585494816303253174e-01
2.877058088779449463e-02
2.401703782379627228e-02
-3.060367107391357422e-01
-7.131539285182952881e-02
-4.135260358452796936e-02
-1.383089423179626465e-01
-6.149962916970252991e-02
-1.896494925022125244e-01
-4.929014295339584351e-02
8.727794885635375977e-02
-2.349396198987960815e-01
2.648493647575378418e-01
-3.501554727554321289e-01
4.157859086990356445e-02
-2.432112246751785278e-01
1.468044221401214600e-01
1.468585282564163208e-01
-1.787472330033779144e-02
-1.609135046601295471e-02
8.597907423973083496e-02
3.158743977546691895e-01
-5.003188923001289368e-02
-2.617877721786499023e-01
-1.365937888622283936e-01
-5.601886510848999023e-01
-6.908719986677169800e-02
4.642204940319061279e-02
4.766286015510559082e-01
2.992297708988189697e-01
-6.140612065792083740e-03
6.799860298633575439e-02
3.388497531414031982e-01
5.604331195354461670e-02
-3.218242824077606201e-01
2.953064069151878357e-02
1.023827195167541504e-01
-1.888363063335418701e-01
-2.027490437030792236e-01
3.066766634583473206e-02
4.274468719959259033e-01
6.581292301416397095e-02
2.549110949039459229e-01
-2.152085900306701660e-01
1.509387046098709106e-01
3.813054263591766357e-01
7.305107265710830688e-02
-8.282604068517684937e-02
1.050189733505249023e-01
3.609429597854614258e-01
-6.660703569650650024e-02
-2.592960000038146973e-01
-6.826665252447128296e-02
1.751749366521835327e-01
-2.940336614847183228e-02
1.519387066364288330e-01
3.535057008266448975e-01
3.256231546401977539e-01
-1.487801373004913330e-01
-1.861526817083358765e-01
1.139029487967491150e-02
2.251399159431457520e-01
-4.337570667266845703e-01
2.507457137107849121e-01
1.923559606075286865e-01
