-7.109111448917092291e-02
7.417019868380969605e-02
1.017346276515144511e-02
1.118316694695158618e-02
1.059803813955149075e-02
-6.154421897648713197e-02
9.699514156310326540e-02
4.346312572149683973e-02
-4.055241251990914647e-02
-1.162703744995187069e-02
1.189525147557336099e-01
-6.289646981336077802e-02
-5.113167427818529620e-02
-4.727605941646045168e-02
-3.762575370711981199e-02
-3.676692851003414940e-03
7.138856799174624068e-02
7.353258022008321571e-02
3.864421298063263482e-02
-6.718337498748553314e-03
1.452809725606513391e-01
-1.771097877675125581e-02
-3.437788655075148941e-02
-4.244139190282653767e-02
-2.449528806120607541e-02
4.722692609319095042e-02
5.318837016163472991e-04
-2.135647446655324425e-02
5.712173521319872244e-02
-1.748226383849756527e-03
4.460253112313427443e-02
-9.371125743918412229e-03
1.230412675392903860e-01
1.224832408184064504e-02
1.774776667098346486e-02
-1.693615202423602584e-02
-3.935581465772979709e-03
-4.079375649431424972e-02
4.471804138513021595e-03
1.337665990780667179e-03
-5.116223266074650111e-02
-1.475476726964519980e-01
-6.054237173409699607e-02
-6.828875207920016843e-02
3.106856336093732907e-02
-4.615516534272066235e-02
3.167604752750689812e-02
-3.205148124838843367e-03
6.979265888583260045e-03
-1.221977616701396541e-01
-4.887016918858728270e-02
-7.195677427692407681e-03
3.670925062316339471e-02
-1.308663339019797665e-02
4.892420675663935320e-02
-3.162310349396162817e-02
1.447063610712778434e-02
1.489035191717178255e-02
1.538588813914152330e-02
-2.995286130421874471e-02
1.526355691779464948e-03
-6.798943260084592752e-03
-1.208203928606056687e-01
-4.693593686384972541e-02
2.870240913946561431e-02
-2.528138185415908842e-03
-2.518957039330981321e-02
-5.914772447351928503e-02
9.492065813680112055e-03
5.828607986579040223e-02
5.252357104199798649e-02
-5.110626550410486690e-02
-8.536856151955174443e-02
-1.349016731288650746e-02
3.850774229752921413e-02
2.529216725474485103e-02
-2.551357618596644585e-03
4.770393432676501427e-02
-1.425481450110783165e-02
-7.786452780791670858e-02
4.477064160657986264e-02
-9.660248997480719180e-06
-7.491977569427110684e-02
1.355022840827035426e-02
3.659460973624626464e-03
4.937495804532438665e-02
-5.706637086366748469e-03
1.433739907523214410e-02
-1.630442834762930657e-02
-1.466326781448623086e-02
4.861426393890742187e-02
4.701891220238228752e-02
6.741758372496330261e-03
-5.198501892871575797e-02
1.209635277429195049e-01
1.290560647701002699e-02
1.049818117274637155e-02
-3.655963329252670535e-02
9.948948468556872982e-02
1.958015640046934305e-02
3.743837460041175846e-02
7.551824501681786428e-02
-7.403387340141631690e-02
9.800445270860906610e-02
-6.474236211920139650e-02
-3.195022479974912732e-02
5.604958066913872522e-02
2.298551373008701770e-02
5.471184491252258086e-03
1.239463278902843725e-02
2.156348266911742653e-02
-9.165728762972420729e-02
-9.017631475591997292e-02
-1.158846688243087529e-02
3.793239774624258820e-02
-3.440540969349049905e-02
-1.055529790375179904e-02
2.222170562512991443e-02
8.267664912394921684e-02
-4.995828146057475216e-02
5.086832481506926027e-04
-2.052268318234242578e-02
-4.038296616744001949e-02
-2.864229503340623081e-02
4.494239619532095636e-02
-2.810835030512356600e-02
6.005839335398513446e-02
1.921139293716114110e-02
-7.183522079791687664e-02
8.374838564096782206e-03
1.708265990010476854e-02
-3.255534014641753987e-02
-2.101400732749304084e-02
1.775027786241320862e-02
-9.120827812037825277e-02
2.858925709523571848e-02
1.387926597424899156e-01
-1.910828111487802849e-02
-6.515928653853066133e-02
4.062258047923188002e-03
-6.610546348406218242e-02
-1.416173381322711859e-02
5.351258667172661965e-02
-2.920088215286012479e-02
-1.011492156156479187e-02
-7.681867867564909358e-02
2.401763006820899563e-02
1.565599116232101878e-02
4.487897422310804102e-02
-1.968006183417781232e-02
3.026799310979041979e-02
-7.143266681543042340e-02
2.119311071045434924e-02
-1.723503075668793988e-02
5.229811512434679593e-02
-5.893888664535369692e-02
-1.367194091930416973e-02
4.556035830055817082e-02
9.596826722349657834e-02
5.799227955605496670e-02
5.123026201795898016e-02
8.510281748849216066e-02
4.077177069528280934e-02
9.450109530042080652e-02
6.668400079260689006e-02
-3.914087530080986171e-03
-8.618149688941542652e-02
-3.024904860894409020e-02
-2.070702856381901463e-02
9.940868429932393779e-02
1.569630956754401729e-02
1.615941385821999254e-02
-6.133392714122109200e-03
9.032495063176385758e-03
7.927954934298953038e-02
1.404744885513145407e-02
8.180662580030395592e-02
7.960325373209095612e-02
-3.408968719753426718e-02
2.947864900513159567e-02
-4.961516910586372814e-02
-8.101227142951149263e-02
3.911791031887170561e-02
4.026107417740474280e-03
2.665621751069775780e-03
7.376290706152092980e-02
1.639503267966706257e-02
-2.278776157011934422e-03
-3.430584352810547161e-02
6.637283721474686315e-02
-4.294791042217688953e-02
-1.075411141317326839e-02
3.171272788579730315e-03
7.077918755758316749e-02
-8.099688167310763187e-03
1.459650465512372930e-02
4.686912826676533500e-02
-2.055465013428219370e-02
-3.984707064629757628e-02
-5.044607055096238940e-02
-7.752379336065121085e-02
6.553280884591139444e-02
2.987776789584322898e-02
2.182279877712043313e-03
6.119359728093855255e-02
2.541662344688540819e-03
-7.805797133590623715e-02
-1.916762732343748471e-02
-5.724536822527771796e-02
-1.640665867810777237e-02
5.184945700005012120e-02
-5.278826091790975172e-02
5.333626407734493036e-02
1.564770180725770510e-02
-2.723690023701099555e-02
6.977966672655375180e-02
8.515343359608596244e-03
5.176609392629077239e-02
2.486735636148634798e-02
2.567194330724826071e-02
-5.162442516780323121e-02
-4.235861951945175084e-03
1.860612310223830335e-02
-5.239813869613217656e-02
1.661003792128373791e-02
-3.382676712089008244e-03
-2.661883513960416545e-02
-6.164884463220452263e-03
-1.811828705953804838e-02
-3.579942385514322395e-02
-4.411029519436441421e-02
-1.805717029441564203e-02
3.255343176209819778e-02
-1.631206794326960779e-02
-6.681382999536083708e-03
-5.332317801344084451e-02
7.312630034440184557e-02
-1.324910505235711577e-02
-3.285846427668463049e-02
1.954835302432837707e-02
-6.805919464985310530e-02
-5.650272198199513679e-02
-3.392687475246095735e-02
5.318928819294072713e-02
-9.208455973291837515e-02
3.991120750533488221e-02
6.528932324021458067e-02
4.612341346266450592e-02
-2.621534211086533339e-02
5.642939761559184059e-02
4.094024770968496263e-02
5.399603797426456853e-02
1.871210204477262440e-02
-3.751688492547333720e-02
-1.167804659384002845e-02
9.741068316109638761e-03
-6.247086981833213648e-02
-2.239218492847665568e-02
-5.998520227156604184e-02
-5.143020011099720679e-02
7.949762011624299241e-02
7.180750378756447713e-03
1.141478270510021785e-02
3.092833346364294231e-02
3.380344772472119314e-02
7.488038421857463878e-02
-1.293187383471031951e-03
1.408400956075421713e-02
-7.372606615661318231e-03
-5.824936618650394110e-02
-6.694287312552610683e-03
-9.875094601234493674e-02
-1.352561509724113098e-01
-7.596469789701218445e-02
4.752274989614118511e-02
-2.412396039579259299e-02
-9.233035206029643546e-03
-3.999754826446870470e-02
5.561504458880520835e-02
7.532089990310877848e-04
8.240144193001082418e-02
-3.988744660596830333e-02
9.082047928077994006e-03
-2.961889404833327813e-02
1.962950782480391010e-02
-4.541662666949686233e-02
8.087121456567872291e-02
-6.750383209406261853e-03
-3.089391287472115916e-02
-3.566013603328267029e-02
3.351509691243099998e-02
2.587936650767236335e-02
1.321710144732169134e-01
2.005110021276193186e-02
4.043604954333241547e-02
-7.216324328518850667e-03
-8.081419931225218567e-02
-7.994037739505699403e-02
-1.134277845597687351e-01
-2.349821177961430169e-02
-5.048450177613626050e-02
-4.391212311411694935e-02
-4.078886739543897272e-02
-3.954779963484669064e-02
-1.049849711637257377e-01
2.116298436489877626e-03
3.583451389316750363e-02
-2.888768599424093239e-02
7.544285474865933261e-02
-9.105133017061010914e-02
-6.894214651996656562e-02
-3.724190794932586389e-03
3.167823156733903800e-02
7.545683745027537137e-02
2.567855903955532440e-02
3.840939689227227533e-02
-7.453923780263069232e-02
1.243723868063041083e-01
1.398399204733175548e-02
2.064784441646762975e-02
2.609960920403213425e-02
-2.102876095579045770e-02
1.066840072378297949e-02
2.282361003945149441e-03
1.230405890026435023e-01
-3.695581387722283312e-02
-3.673695854597141403e-02
-8.497899060879976485e-02
2.505210689598311516e-03
-6.416603611312196587e-02
6.095520070009332464e-02
1.612003147006791162e-02
-3.945137473063493189e-02
-4.315732379481974218e-02
-6.245247890039749145e-03
4.128209992490893682e-02
1.253254914898329839e-02
6.947828740480720133e-02
-6.358248248008069314e-02
8.494443976507523586e-02
2.323663590224267494e-02
2.430942203063692769e-02
-7.598146744557074395e-02
-3.520519235745799350e-03
7.927752584977472428e-03
-1.464174642683726277e-03
2.156023538659307751e-02
7.598641106971229520e-02
-3.979973665681488942e-02
-1.183374212853383345e-01
-3.087432012904254425e-02
1.081435471382189012e-01
1.661135864439998444e-02
-5.744467624857241272e-02
-8.117617437991013485e-02
5.465888951954683134e-02
5.448159758709817529e-02
-2.363321330970997308e-02
-8.494293729107142699e-02
-1.667987872900886584e-02
3.050858887637508329e-02
-4.022965929378592709e-02
-7.380133525751333967e-02
2.380704591693213329e-02
7.886398199695401900e-03
-1.554521210311678777e-03
1.120529246697783829e-03
-5.386592705763490127e-04
1.610203510301833757e-02
4.333221964473411153e-02
-3.749489306807897437e-02
1.289093160743055161e-02
3.384809255836340302e-03
-4.288649225349929102e-03
1.607202954607345191e-02
2.141524967440762775e-02
3.811089529291204064e-02
2.172880024725755768e-02
-1.020659913259356760e-01
7.099231470669509214e-02
-2.087733368923184660e-02
2.435112969420668867e-03
8.505025513181074803e-02
3.447804643570254179e-02
