-1.352269053459167480e-01
2.278230935335159302e-01
3.381568193435668945e-02
-1.913841813802719116e-02
-1.897022426128387451e-01
-8.960042893886566162e-02
2.561761438846588135e-01
7.596423476934432983e-02
-7.088482379913330078e-05
9.034157544374465942e-02
5.253132581710815430e-01
-1.842052340507507324e-01
-4.791652560234069824e-01
-4.829446971416473389e-02
-1.908878237009048462e-01
-2.320098131895065308e-02
3.397685885429382324e-01
3.857683837413787842e-01
3.495639562606811523e-01
6.950913369655609131e-02
6.163807511329650879e-01
-1.094872057437896729e-01
-2.355434298515319824e-01
-1.600471585988998413e-01
1.010009720921516418e-01
3.521338105201721191e-01
-2.471752315759658813e-01
-1.857107132673263550e-01
3.765605092048645020e-01
-9.909495711326599121e-02
3.121630251407623291e-01
1.245252639055252075e-01
1.202455684542655945e-01
-2.474208921194076538e-02
2.743842601776123047e-01
2.830094397068023682e-01
-2.087338268756866455e-01
-7.589564472436904907e-02
1.295887529850006104e-01
2.800069153308868408e-01
7.537452131509780884e-02
3.558957949280738831e-02
-3.485825061798095703e-01
-8.339636772871017456e-02
-1.439829319715499878e-01
1.552377734333276749e-02
-4.114332422614097595e-02
-6.115689501166343689e-02
-1.465423107147216797e-01
6.372874975204467773e-02
-3.523881733417510986e-02
-1.313538402318954468e-01
6.375510990619659424e-02
-3.652416542172431946e-02
1.065053865313529968e-01
-2.934386730194091797e-01
1.392636597156524658e-01
4.481845498085021973e-01
-8.862665295600891113e-02
2.254469096660614014e-01
-9.633219987154006958e-02
1.229750812053680420e-01
-8.647507429122924805e-01
-1.109996661543846130e-01
1.446517705917358398e-01
2.263917624950408936e-01
-2.635156810283660889e-01
-5.195227265357971191e-01
1.735999733209609985e-01
2.313695847988128662e-02
3.930461406707763672e-01
-4.538382962346076965e-02
2.563381791114807129e-01
-1.886198297142982483e-03
9.033484756946563721e-02
1.517149507999420166e-01
9.946013987064361572e-02
5.086201429367065430e-01
-2.165359854698181152e-01
-5.557428598403930664e-01
3.300088047981262207e-01
3.781585693359375000e-01
-2.193372249603271484e-01
-6.749475747346878052e-02
2.180452048778533936e-01
1.818063110113143921e-01
-5.088275671005249023e-02
4.365251362323760986e-01
2.304724603891372681e-02
-7.486464828252792358e-02
2.457330822944641113e-01
3.871819972991943359e-01
-1.051913276314735413e-01
-1.992822587490081787e-01
4.984998106956481934e-01
2.934205830097198486e-01
-7.509364187717437744e-02
-1.708495616912841797e-01
1.098920684307813644e-02
9.680971503257751465e-02
1.873377859592437744e-01
1.092273890972137451e-01
-3.460641205310821533e-01
5.398295521736145020e-01
-3.547982573509216309e-01
-1.320045590400695801e-01
3.680895268917083740e-02
-2.612223625183105469e-01
-7.367797661572694778e-05
2.569266259670257568e-01
-2.000177800655364990e-01
-1.105224788188934326e-01
-4.822268486022949219e-01
-1.103105098009109497e-01
-8.065920323133468628e-02
1.110290139913558960e-01
1.361810863018035889e-01
-2.591210603713989258e-01
3.942072093486785889e-01
3.911340236663818359e-02
1.402937322854995728e-01
-1.830468177795410156e-01
-1.879502087831497192e-01
-1.078297272324562073e-01
-1.410049945116043091e-02
-1.271420121192932129e-01
5.663061141967773438e-02
-1.662912219762802124e-02
-1.294284164905548096e-01
2.309832572937011719e-01
-1.376591920852661133e-01
2.004699707031250000e-01
5.372410640120506287e-02
6.910730153322219849e-02
-1.602210849523544312e-01
-7.015970349311828613e-02
2.835147976875305176e-01
-5.751143097877502441e-01
-3.730756044387817383e-01
-4.066278934478759766e-01
-2.774633169174194336e-01
-1.239956170320510864e-01
2.667915821075439453e-01
4.440226778388023376e-02
4.769764468073844910e-02
-6.851659715175628662e-02
3.953726589679718018e-01
-5.326408892869949341e-03
1.004982218146324158e-01
-3.126212358474731445e-01
-3.753075301647186279e-01
-2.537741065025329590e-01
1.779490709304809570e-01
1.892530173063278198e-01
2.541225552558898926e-01
-1.112739071249961853e-01
-5.731607079505920410e-01
1.549507305026054382e-02
3.836483657360076904e-01
-1.491229981184005737e-02
1.398326307535171509e-01
8.704199641942977905e-02
9.262779355049133301e-02
2.176191657781600952e-01
1.752979755401611328e-01
2.388377673923969269e-02
-4.918356835842132568e-01
-2.136235237121582031e-01
1.079767271876335144e-01
2.206695675849914551e-01
-8.743321150541305542e-02
6.045698374509811401e-02
2.263445407152175903e-01
-4.536469280719757080e-02
9.630945324897766113e-02
-2.173582836985588074e-02
4.905670881271362305e-01
6.034589186310768127e-02
-4.150400310754776001e-02
-5.560292862355709076e-03
-2.647067904472351074e-01
-5.240300893783569336e-01
-8.873067796230316162e-02
-3.072814270853996277e-02
-1.501825153827667236e-01
6.150186061859130859e-02
-3.666338622570037842e-01
-2.409030124545097351e-02
2.294264733791351318e-01
8.999142050743103027e-02
-3.506203293800354004e-01
2.720620036125183105e-01
2.716632559895515442e-02
-1.141739785671234131e-01
-9.390163421630859375e-02
1.342389881610870361e-01
3.295249938964843750e-01
-6.121996790170669556e-02
-3.773266673088073730e-01
-1.681912541389465332e-01
-1.343087852001190186e-01
2.476579099893569946e-01
-2.156201936304569244e-02
-1.161449588835239410e-02
8.083249628543853760e-02
3.089070618152618408e-01
-9.737920761108398438e-02
3.841001167893409729e-02
1.602386683225631714e-01
5.117733031511306763e-03
3.227253258228302002e-02
1.192410141229629517e-01
2.733371853828430176e-01
-8.761502057313919067e-02
-7.855868339538574219e-02
3.658124208450317383e-01
-1.377753466367721558e-01
4.383475184440612793e-01
2.418908476829528809e-01
9.208285808563232422e-02
8.811950683593750000e-03
-2.693316936492919922e-01
1.083211675286293030e-01
-1.046208292245864868e-01
7.340328395366668701e-02
3.746971189975738525e-01
-1.069823354482650757e-01
1.082284450531005859e-01
-1.990912258625030518e-01
5.655597895383834839e-02
-2.315444499254226685e-01
6.188908591866493225e-03
2.691710591316223145e-01
3.294616341590881348e-01
-1.240672767162322998e-01
-3.610392808914184570e-01
3.310640454292297363e-01
-7.381299138069152832e-02
-3.972119987010955811e-01
2.405399084091186523e-01
-5.165518522262573242e-01
1.074750348925590515e-01
2.074175328016281128e-02
2.276302501559257507e-02
-3.168899416923522949e-01
1.837630867958068848e-01
2.637163102626800537e-01
1.373074203729629517e-01
-3.017157018184661865e-01
-1.673523485660552979e-01
4.882557317614555359e-02
6.774206459522247314e-02
-1.239502131938934326e-01
-1.888550817966461182e-01
-1.630262285470962524e-01
-1.045812368392944336e-01
-6.103637218475341797e-01
-2.916566729545593262e-01
-1.583095192909240723e-01
-1.652764081954956055e-01
4.172344505786895752e-01
1.791632771492004395e-01
-2.952314019203186035e-01
3.970173001289367676e-01
2.888526618480682373e-01
3.356852233409881592e-01
-3.834629803895950317e-02
-1.286434382200241089e-01
-1.244649961590766907e-01
-4.678424596786499023e-01
1.395392864942550659e-01
-4.944980442523956299e-01
-2.776211500167846680e-01
5.623180419206619263e-02
2.008077502250671387e-01
-1.451116800308227539e-01
1.922578513622283936e-01
-4.674750566482543945e-01
3.374620676040649414e-01
1.076533719897270203e-01
2.346668206155300140e-02
-4.892981648445129395e-01
-3.104314804077148438e-01
2.934439182281494141e-01
2.867707908153533936e-01
4.910587519407272339e-02
1.377211809158325195e-01
-1.992129683494567871e-01
-2.247486412525177002e-01
3.092970512807369232e-02
3.349027782678604126e-02
3.397423624992370605e-01
6.242436915636062622e-02
1.200720742344856262e-01
8.364462852478027344e-02
-3.199944794178009033e-01
-1.117275208234786987e-01
-1.780042350292205811e-01
-1.549135893583297729e-01
-5.933200120925903320e-01
-1.014362648129463196e-01
-3.056676983833312988e-01
6.527917087078094482e-02
-7.728461176156997681e-03
-3.123833984136581421e-02
-2.535088062286376953e-01
-2.263195514678955078e-01
-1.235227882862091064e-01
3.226664364337921143e-01
-2.849157452583312988e-01
-1.113597974181175232e-01
5.708519369363784790e-02
-4.039618000388145447e-02
1.974355280399322510e-01
-3.467352315783500671e-02
3.983582556247711182e-01
-4.457830786705017090e-01
1.306827552616596222e-02
-3.394591156393289566e-03
2.378752976655960083e-01
5.912265926599502563e-02
2.241288498044013977e-02
-4.640099108219146729e-01
-2.626241743564605713e-01
7.916609942913055420e-02
-1.945966184139251709e-01
-6.245967745780944824e-02
-2.801139056682586670e-01
-1.799690723419189453e-01
1.975269019603729248e-01
-2.416324168443679810e-01
3.025837838649749756e-01
-2.812086641788482666e-01
-1.879751384258270264e-01
-1.902203634381294250e-02
5.509451031684875488e-02
2.140515893697738647e-01
1.400459855794906616e-01
-2.976370044052600861e-02
-5.644442141056060791e-02
4.479712247848510742e-02
-1.062208861112594604e-01
-6.668474525213241577e-02
1.484833210706710815e-01
-8.790332078933715820e-02
-1.801232248544692993e-01
1.701208651065826416e-01
6.785667538642883301e-01
2.413156181573867798e-01
-1.148648560047149658e-02
7.741575688123703003e-02
3.645238578319549561e-01
1.820436269044876099e-01
-2.957955002784729004e-01
-3.228754401206970215e-01
1.132445782423019409e-01
1.207755357027053833e-01
1.586221158504486084e-01
1.224249005317687988e-01
3.808120191097259521e-01
7.342669367790222168e-02
-2.924743853509426117e-02
3.448686748743057251e-02
2.238561511039733887e-01
1.243794262409210205e-01
-9.239934384822845459e-02
-6.263668090105056763e-02
-3.919038921594619751e-02
7.834044098854064941e-02
3.276437893509864807e-02
-3.558228537440299988e-02
5.728229135274887085e-02
8.531468361616134644e-02
-8.080900460481643677e-02
-1.310849785804748535e-01
1.138546168804168701e-01
2.262143492698669434e-01
3.037832677364349365e-02
-1.945625245571136475e-01
9.762205928564071655e-02
-1.559113860130310059e-01
-1.771951764822006226e-01
3.189201354980468750e-01
2.597313821315765381e-01
