-2.663012444972991943e-01
1.869021058082580566e-01
-3.101648390293121338e-01
1.461142599582672119e-01
-4.303010106086730957e-01
-1.294394303113222122e-02
8.072237670421600342e-02
-1.672498732805252075e-01
-1.543983817100524902e-04
7.756227254867553711e-02
4.403464198112487793e-01
-1.606898307800292969e-01
-1.092041805386543274e-01
-1.489426754415035248e-02
-3.918934762477874756e-01
-3.881188482046127319e-02
4.770381748676300049e-02
2.777153849601745605e-01
-1.092331856489181519e-01
7.785320281982421875e-02
4.712067544460296631e-01
-1.059923991560935974e-01
-3.482375442981719971e-01
1.602589488029479980e-01
-1.422459185123443604e-01
1.255335509777069092e-01
-5.083785653114318848e-01
-3.536540567874908447e-01
2.343117594718933105e-01
-5.128535442054271698e-03
6.278984248638153076e-02
1.305064260959625244e-01
4.242798388004302979e-01
1.575578302145004272e-01
1.308703869581222534e-01
-8.451470732688903809e-02
-2.152120769023895264e-01
-5.022805929183959961e-02
2.076378166675567627e-01
1.117609590291976929e-01
-2.005900293588638306e-01
-2.724444866180419922e-01
-4.132324159145355225e-01
-2.601746283471584320e-02
5.917906016111373901e-02
-8.946540206670761108e-02
-1.172817405313253403e-02
2.828053534030914307e-01
-1.547999829053878784e-01
1.403497159481048584e-01
-2.964584231376647949e-01
1.136248186230659485e-02
-3.664308488368988037e-01
-4.320808649063110352e-01
2.115869075059890747e-01
-3.470072150230407715e-01
-2.940856851637363434e-02
5.573908984661102295e-02
-1.328002065420150757e-01
5.284710600972175598e-02
4.046439528465270996e-01
1.410992592573165894e-01
-5.138640403747558594e-01
1.129181608557701111e-01
-8.526267111301422119e-02
2.685172110795974731e-02
-6.166479364037513733e-02
-1.981716454029083252e-01
2.526577413082122803e-01
8.673416078090667725e-02
4.948220252990722656e-01
-7.767988741397857666e-02
-1.336173713207244873e-01
1.733975112438201904e-01
9.791778773069381714e-02
2.028269320726394653e-01
1.013264507055282593e-01
2.311972975730895996e-01
-5.720474570989608765e-02
-4.123623371124267578e-01
5.701032280921936035e-01
3.000350594520568848e-01
-1.734222769737243652e-01
3.231653943657875061e-02
2.089577764272689819e-01
2.790603637695312500e-01
5.747227370738983154e-02
1.303690373897552490e-01
1.370294988155364990e-01
-1.840295493602752686e-01
1.867727637290954590e-01
-9.335836768150329590e-02
1.787110418081283569e-02
-1.552548408508300781e-01
2.919319272041320801e-01
1.428561657667160034e-01
-1.715912818908691406e-01
-2.677412629127502441e-01
3.240931928157806396e-01
9.407365322113037109e-02
2.919563651084899902e-02
-1.683793514966964722e-01
6.980814039707183838e-03
3.649932742118835449e-01
-3.448404669761657715e-01
-1.644451469182968140e-01
4.496572166681289673e-02
-9.088117629289627075e-02
4.367854446172714233e-02
4.443548023700714111e-01
-2.380581349134445190e-01
-4.266060590744018555e-01
-2.321580648422241211e-01
4.264175146818161011e-02
2.239928767085075378e-02
2.763995230197906494e-01
1.801175177097320557e-01
-6.933954358100891113e-02
1.862556934356689453e-01
1.379902064800262451e-01
1.555202808231115341e-02
6.114707142114639282e-02
-2.591773308813571930e-02
-1.005991827696561813e-02
4.502614438533782959e-01
-7.732904702425003052e-02
1.536430418491363525e-01
1.238876208662986755e-01
-1.656908541917800903e-02
-1.696010679006576538e-01
4.031518697738647461e-01
2.311201244592666626e-01
-5.960481986403465271e-02
7.740565575659275055e-03
-7.063776999711990356e-02
-5.106964707374572754e-02
1.434431821107864380e-01
-1.945481449365615845e-01
-2.532260715961456299e-01
-1.883643716573715210e-01
-1.227772161364555359e-01
-1.968193799257278442e-03
1.565590053796768188e-01
-8.499416708946228027e-02
1.643634140491485596e-01
-6.103241816163063049e-03
4.972634837031364441e-02
-7.820373773574829102e-02
6.687214970588684082e-02
4.893258959054946899e-02
5.001178011298179626e-02
-2.494380325078964233e-01
2.127512246370315552e-01
6.410652771592140198e-03
-1.860971003770828247e-01
-8.252144604921340942e-02
-1.188202351331710815e-01
-5.613810941576957703e-02
3.803514242172241211e-01
-1.137812957167625427e-01
-1.308141052722930908e-01
9.547641873359680176e-02
2.276022881269454956e-01
1.929534077644348145e-01
4.154485762119293213e-01
-4.070235416293144226e-03
-4.195362925529479980e-01
-1.839879453182220459e-01
4.700481891632080078e-03
3.369626402854919434e-01
-1.465308368206024170e-01
2.781631425023078918e-02
3.747142255306243896e-01
3.405286744236946106e-02
1.820964664220809937e-01
1.183287203311920166e-01
1.384660303592681885e-01
-1.702268570661544800e-01
-1.802053004503250122e-01
4.656192064285278320e-01
-2.033524513244628906e-01
-2.123812213540077209e-03
9.913210570812225342e-02
-1.162046790122985840e-01
-2.020296752452850342e-01
3.266886174678802490e-01
-8.808114379644393921e-02
-1.896136254072189331e-01
-4.332913830876350403e-02
1.500311493873596191e-01
-3.223764598369598389e-01
8.194329589605331421e-02
-1.153254061937332153e-01
-8.555129170417785645e-04
-2.835069298744201660e-01
5.710963532328605652e-02
4.449861049652099609e-01
-1.126484274864196777e-01
2.747589722275733948e-03
6.563606858253479004e-02
-5.243206620216369629e-01
1.186418309807777405e-01
3.580146655440330505e-02
-1.531718522310256958e-01
1.573460102081298828e-01
3.325337171554565430e-01
1.228191051632165909e-02
-3.240694105625152588e-02
2.908425405621528625e-02
1.999107599258422852e-01
-8.250796049833297729e-02
-2.188451886177062988e-01
2.956860512495040894e-02
4.520683363080024719e-02
1.020352244377136230e-01
2.180181741714477539e-01
7.079859077930450439e-02
3.855195939540863037e-01
-7.755023986101150513e-02
7.556652277708053589e-02
-3.552953898906707764e-02
-3.677022457122802734e-01
1.268812417984008789e-01
-8.869728446006774902e-02
-1.115469038486480713e-01
-2.419960126280784607e-02
-3.437200486660003662e-01
1.891435831785202026e-01
-2.314901351928710938e-01
3.875089436769485474e-02
-1.825258284807205200e-01
1.265443861484527588e-03
6.718906015157699585e-02
3.545544445514678955e-01
1.079592555761337280e-01
-3.102124035358428955e-01
5.672237873077392578e-01
-7.302936166524887085e-02
-2.770903520286083221e-02
2.408282309770584106e-01
-4.939710199832916260e-01
1.679894775152206421e-01
2.512482181191444397e-02
1.366097182035446167e-01
-2.966263592243194580e-01
2.665654718875885010e-01
4.724353551864624023e-02
4.321623966097831726e-02
-4.491836726665496826e-01
-1.171535700559616089e-01
-1.148256510496139526e-01
-5.701401829719543457e-02
9.807935357093811035e-02
-5.822053551673889160e-02
-7.839100807905197144e-02
4.211496934294700623e-02
-5.000699758529663086e-01
-3.695509731769561768e-01
-1.904126554727554321e-01
9.539362788200378418e-02
1.259587407112121582e-01
5.792264640331268311e-02
-2.462739497423171997e-02
2.297194600105285645e-01
2.410154640674591064e-01
4.210108816623687744e-01
-1.323702931404113770e-02
2.875893115997314453e-01
1.915553361177444458e-01
-3.258302807807922363e-01
-4.295592382550239563e-02
-5.253031849861145020e-01
-1.968239992856979370e-02
-5.179917216300964355e-01
1.987626701593399048e-01
-4.316717088222503662e-01
-3.298649564385414124e-02
-5.167266726493835449e-01
4.419500827789306641e-01
1.127583906054496765e-03
-5.737965553998947144e-02
-3.940487205982208252e-01
-4.328057169914245605e-01
3.585113584995269775e-02
2.405581623315811157e-01
-1.361843347549438477e-01
-9.937757253646850586e-02
1.214204579591751099e-01
-9.296314418315887451e-02
-4.786027967929840088e-02
-8.432292938232421875e-02
3.634701967239379883e-01
2.036104947328567505e-01
-1.392839998006820679e-01
-4.248864203691482544e-02
-4.036208987236022949e-01
-3.896619677543640137e-01
2.036845684051513672e-02
-2.759113907814025879e-01
-4.438378214836120605e-01
-1.796095967292785645e-01
5.423686653375625610e-02
1.298323422670364380e-01
2.426970899105072021e-01
-3.633978068828582764e-01
-6.133483052253723145e-01
2.169482558965682983e-01
1.247546449303627014e-02
3.609104752540588379e-01
-1.695925295352935791e-01
-1.063958182930946350e-01
1.292910799384117126e-02
1.609912514686584473e-01
4.604183733463287354e-01
1.029255315661430359e-01
2.194982022047042847e-01
-3.171080946922302246e-01
-1.860650330781936646e-01
2.095104604959487915e-01
4.094595909118652344e-01
3.233361542224884033e-01
-4.539094865322113037e-02
2.176883444190025330e-02
4.468861222267150879e-01
3.642214462161064148e-02
-3.628876805305480957e-01
-9.098578244447708130e-02
-2.484224885702133179e-01
3.265175595879554749e-02
1.311625838279724121e-01
-3.771240115165710449e-01
1.769159883260726929e-01
-4.569920897483825684e-02
-2.510493397712707520e-01
2.218334823846817017e-01
1.056209355592727661e-01
-1.347311884164810181e-01
2.632836997509002686e-01
-4.142118990421295166e-02
-5.615199357271194458e-02
-4.835983738303184509e-03
-4.405155777931213379e-05
-7.766259461641311646e-02
-1.484808027744293213e-01
-2.260484695434570312e-01
-4.020058214664459229e-01
6.756188720464706421e-02
1.804535388946533203e-01
-2.782168984413146973e-01
7.818458974361419678e-02
6.262359768152236938e-02
3.457189202308654785e-01
-1.385316997766494751e-02
-3.154960572719573975e-01
-2.171639204025268555e-01
-5.211839452385902405e-02
2.485128939151763916e-01
-1.984219253063201904e-01
-7.420828193426132202e-02
2.255913615226745605e-01
1.996189057826995850e-01
3.251922726631164551e-01
-1.166786029934883118e-01
2.334985882043838501e-01
2.751128971576690674e-01
-1.148267686367034912e-01
1.019292324781417847e-01
8.954203873872756958e-02
8.616203069686889648e-02
-1.916402578353881836e-01
-1.331361979246139526e-01
1.449550241231918335e-01
1.389603763818740845e-01
-2.034771442413330078e-01
-3.572325780987739563e-02
-8.487510681152343750e-02
7.065755128860473633e-02
8.437585085630416870e-02
-5.865475535392761230e-02
1.742600798606872559e-01
-2.498565167188644409e-01
-8.442339301109313965e-02
3.285472691059112549e-01
1.379692256450653076e-01
