1.734499335289001465e-01
2.699054181575775146e-01
-1.089569404721260071e-01
-2.634140253067016602e-01
-2.200524508953094482e-01
-2.401282787322998047e-01
2.142555415630340576e-01
-6.851869821548461914e-02
9.025163203477859497e-02
2.991219162940979004e-01
4.797846972942352295e-01
-4.144697189331054688e-01
-1.259214580059051514e-01
1.988616138696670532e-01
-2.170571088790893555e-01
-2.182451188564300537e-01
1.649576723575592041e-01
1.180952265858650208e-01
2.562779486179351807e-01
4.370486363768577576e-02
5.394486784934997559e-01
2.013436406850814819e-01
8.503206074237823486e-02
-3.269920498132705688e-02
-1.342035084962844849e-01
4.688971117138862610e-02
-2.036772519350051880e-01
-1.752585321664810181e-01
1.373552232980728149e-01
-3.888936042785644531e-01
1.170027852058410645e-01
2.415537834167480469e-01
1.266391128301620483e-01
-6.995984166860580444e-02
2.936263978481292725e-01
1.272395998239517212e-01
-8.214475959539413452e-02
-1.312644332647323608e-01
1.294232457876205444e-01
2.010060250759124756e-01
-1.881654374301433563e-02
-2.657946050167083740e-01
5.814300104975700378e-02
-2.303435280919075012e-02
-1.837924681603908539e-02
-1.367445290088653564e-01
1.367944628000259399e-01
-7.205521315336227417e-02
-8.684588223695755005e-02
7.633687555789947510e-02
2.933295071125030518e-02
-1.564358174800872803e-01
2.408529222011566162e-01
-3.002392649650573730e-01
2.099367231130599976e-01
-2.584003210067749023e-01
9.792151302099227905e-02
2.159470766782760620e-01
-7.551223039627075195e-02
4.207516089081764221e-02
8.780361711978912354e-02
3.703125715255737305e-01
-3.251792490482330322e-01
9.116498380899429321e-02
1.542240679264068604e-01
-1.331097185611724854e-01
-1.672907620668411255e-01
-1.486211419105529785e-01
1.270884461700916290e-02
-9.467158466577529907e-02
2.654869258403778076e-01
-1.488336771726608276e-01
2.228206694126129150e-01
-2.700234390795230865e-02
1.927120685577392578e-01
1.768654435873031616e-01
-2.790211141109466553e-01
3.925908803939819336e-01
-6.864567101001739502e-02
-3.973739445209503174e-01
2.055350989103317261e-01
4.819420576095581055e-01
-2.872246205806732178e-01
1.916433498263359070e-02
-3.572283685207366943e-02
2.632498741149902344e-01
1.068022027611732483e-01
1.117946654558181763e-01
1.028096117079257965e-02
-1.331776082515716553e-01
3.738890886306762695e-01
5.755785107612609863e-02
2.771898172795772552e-02
-4.288022816181182861e-01
2.165174782276153564e-01
2.801444754004478455e-02
-8.652476966381072998e-02
-2.167413532733917236e-01
7.715284079313278198e-02
1.056465953588485718e-01
-3.678104840219020844e-04
2.777992561459541321e-02
-3.192988336086273193e-01
3.906009495258331299e-01
-4.678207933902740479e-01
-5.292635411024093628e-03
1.230324059724807739e-02
2.498266473412513733e-02
6.257979199290275574e-03
4.503434598445892334e-01
-1.707098782062530518e-01
-1.276720762252807617e-01
-5.644510388374328613e-01
-1.268958002328872681e-01
-5.080646276473999023e-02
-1.281508505344390869e-01
1.636649370193481445e-01
-3.002709448337554932e-01
1.841784417629241943e-01
-3.027113378047943115e-01
3.856986388564109802e-02
-3.167110085487365723e-01
-3.512115031480789185e-02
6.904044747352600098e-02
2.232802212238311768e-01
-1.850493848323822021e-01
-2.924859058111906052e-03
-4.079786315560340881e-02
-1.819098889827728271e-01
-1.804482564330101013e-02
3.284303098917007446e-02
9.159190207719802856e-02
5.448953434824943542e-02
-3.102998137474060059e-01
-1.232913509011268616e-01
-6.104584783315658569e-02
2.806733250617980957e-01
-4.079242050647735596e-01
-2.650566399097442627e-01
-1.324734091758728027e-01
-2.396630495786666870e-02
-1.658630371093750000e-01
8.523057401180267334e-02
1.627733707427978516e-01
8.609174937009811401e-02
-2.330921590328216553e-02
1.423845291137695312e-01
-9.639748930931091309e-02
2.179060131311416626e-01
1.917260736227035522e-01
-8.673585951328277588e-02
-3.055410385131835938e-01
1.798741072416305542e-01
3.714994061738252640e-03
4.276435822248458862e-03
-2.921066284179687500e-01
-5.377087742090225220e-02
1.834342777729034424e-01
4.545511603355407715e-01
6.288450956344604492e-02
4.551547765731811523e-02
2.523089945316314697e-01
-3.405852243304252625e-03
5.130358934402465820e-01
1.583013385534286499e-01
-5.684731528162956238e-03
-3.526441454887390137e-01
-1.304563283920288086e-01
6.690955907106399536e-02
1.053149700164794922e-01
1.254212856292724609e-01
-6.654794514179229736e-02
2.287322580814361572e-01
4.502478986978530884e-02
3.481522202491760254e-01
-8.421441912651062012e-02
4.945246577262878418e-01
1.833187937736511230e-01
-2.185881696641445160e-02
1.359823346138000488e-01
-2.644156813621520996e-01
-1.825254112482070923e-01
1.578139066696166992e-01
3.606642782688140869e-02
-1.117708608508110046e-01
-8.536224812269210815e-02
-1.368128508329391479e-01
8.220116794109344482e-02
5.696481093764305115e-03
9.720668196678161621e-02
-3.361344933509826660e-01
1.137144118547439575e-01
-3.281278312206268311e-01
-1.691957116127014160e-01
-2.340111285448074341e-01
1.303558051586151123e-01
5.754157304763793945e-01
-3.124755807220935822e-02
-1.499503999948501587e-01
-2.122190594673156738e-02
-2.029382884502410889e-01
2.687231302261352539e-01
-1.255794316530227661e-01
-9.194937534630298615e-03
1.155821233987808228e-01
1.645561456680297852e-01
-1.205462962388992310e-01
1.499179005622863770e-01
-1.479154080152511597e-02
1.406961679458618164e-01
1.617238856852054596e-02
8.181554079055786133e-02
2.771918773651123047e-01
-1.170880869030952454e-01
4.848674312233924866e-02
3.773823380470275879e-01
-4.065375775098800659e-02
1.621253490447998047e-01
1.961969956755638123e-02
1.670928299427032471e-01
-3.826299682259559631e-02
-1.768729388713836670e-01
-7.203437387943267822e-02
-4.984080046415328979e-02
-1.892132312059402466e-02
-5.510351806879043579e-02
-2.526083588600158691e-01
4.475145787000656128e-02
-2.381522655487060547e-01
-2.686562538146972656e-01
-4.104491323232650757e-02
-7.521487772464752197e-02
8.141455799341201782e-02
1.578448414802551270e-01
-2.463554739952087402e-01
1.862268149852752686e-02
3.749883770942687988e-01
-1.560357362031936646e-01
-3.353172242641448975e-01
-9.412690065801143646e-03
-3.324852287769317627e-01
-9.328664280474185944e-03
-7.203858811408281326e-03
2.677760720252990723e-01
-4.081684052944183350e-01
1.375012099742889404e-03
1.731622964143753052e-01
1.578999608755111694e-01
-2.764895260334014893e-01
1.784787774085998535e-01
1.104040592908859253e-01
-1.583256423473358154e-01
-1.889962852001190186e-01
-1.723186820745468140e-01
-1.667163372039794922e-01
-1.686693131923675537e-01
-7.632056474685668945e-01
-2.012029290199279785e-01
-2.864799201488494873e-01
-2.437581270933151245e-01
1.022488176822662354e-01
1.867915242910385132e-01
-3.168987333774566650e-01
5.053858160972595215e-01
2.691580653190612793e-01
2.820909619331359863e-01
-5.247424170374870300e-02
-1.832110807299613953e-02
-2.649955153465270996e-01
-7.088081538677215576e-02
1.007348373532295227e-01
-3.693780601024627686e-01
8.434909582138061523e-02
-1.172447875142097473e-01
1.851402670145034790e-01
-1.641942709684371948e-01
2.710718214511871338e-01
-5.518600940704345703e-01
3.726010322570800781e-01
2.590721547603607178e-01
8.781415969133377075e-02
5.819676071405410767e-02
-2.124862372875213623e-01
1.857252120971679688e-01
1.485071182250976562e-01
9.964084625244140625e-02
1.012106686830520630e-01
3.858989477157592773e-02
-1.161893382668495178e-01
-1.236392706632614136e-01
-6.344019621610641479e-02
2.686112523078918457e-01
-3.921574354171752930e-01
6.191032752394676208e-02
-3.738753497600555420e-02
-2.842009067535400391e-01
-2.785816788673400879e-01
-1.043576821684837341e-01
5.942898243665695190e-02
-4.563550949096679688e-01
-1.058344691991806030e-01
-1.989323645830154419e-01
1.756694018840789795e-01
6.879307329654693604e-02
-1.178375408053398132e-01
-8.777000010013580322e-02
-1.839183419942855835e-01
6.940587610006332397e-02
5.701515674591064453e-01
-1.889267750084400177e-02
-7.461018860340118408e-02
-1.923834234476089478e-01
2.222720831632614136e-01
2.637653946876525879e-01
5.559388548135757446e-02
3.035362958908081055e-01
-4.330285787582397461e-01
-1.858882158994674683e-01
-1.022502258419990540e-01
2.487645298242568970e-01
-6.670323014259338379e-02
6.115989759564399719e-03
-3.426849842071533203e-01
2.794401943683624268e-01
1.828010380268096924e-02
-7.547667622566223145e-02
-1.569101512432098389e-01
-1.121392846107482910e-01
-8.460797369480133057e-03
2.617661654949188232e-01
-1.023480296134948730e-01
3.132269680500030518e-01
-2.266391813755035400e-01
-2.164118289947509766e-01
6.140662357211112976e-02
1.617313921451568604e-01
1.857728958129882812e-01
8.523764461278915405e-02
-1.558473259210586548e-01
-3.440973460674285889e-01
-4.729458689689636230e-02
-8.800429105758666992e-02
-1.642745435237884521e-01
1.222909763455390930e-01
-2.085326761007308960e-01
7.216088473796844482e-02
8.296474814414978027e-02
3.669109344482421875e-01
7.768829166889190674e-02
-9.374132752418518066e-02
9.520613402128219604e-02
2.625682055950164795e-01
-1.247974559664726257e-01
-2.208638489246368408e-01
-2.503193318843841553e-01
1.201866567134857178e-01
1.237741485238075256e-02
8.924338221549987793e-02
1.195416674017906189e-01
2.395300865173339844e-01
-8.596792072057723999e-02
1.467920541763305664e-01
-4.719614982604980469e-03
8.807224035263061523e-02
1.609261035919189453e-01
9.367764741182327271e-02
-7.599360495805740356e-02
2.159111350774765015e-01
1.232165694236755371e-01
-2.567193508148193359e-01
-1.130105555057525635e-01
-4.583360999822616577e-02
9.335812181234359741e-02
-1.010613366961479187e-01
7.771212607622146606e-02
-6.035220623016357422e-02
2.079110443592071533e-01
-1.944795697927474976e-01
3.610943257808685303e-02
1.129424646496772766e-01
1.919564977288246155e-02
-1.025210320949554443e-01
3.085631132125854492e-01
1.722968816757202148e-01
