-8.503969392594810939e-02
-1.259183792674162805e-01
-5.118594800609271162e-02
-1.329723911523506830e-01
2.277466342601563720e-01
8.852112140870786045e-03
5.977108153662735041e-02
-8.775776559882634067e-03
-3.524322006360547377e-01
8.028824220308562742e-02
-2.629645879655417295e-01
3.889216813610478773e-01
-2.257039987737813336e-01
-5.056346021897228926e-01
-6.976274997169462644e-03
4.418483044856827413e-02
4.263804267774480850e-01
-2.397812296084652905e-01
1.472764504019502020e-02
-4.275205448583754148e-02
