-2.588806450366973877e-01
5.284353494644165039e-01
-1.831480860710144043e-01
-1.091202795505523682e-01
-4.719112515449523926e-01
-3.235045671463012695e-01
6.533532589673995972e-02
5.010363087058067322e-02
-2.253417670726776123e-01
1.077285781502723694e-02
2.586673200130462646e-01
-1.940017044544219971e-01
-2.357855290174484253e-01
-1.916465163230895996e-02
-1.017334759235382080e-01
-1.087572351098060608e-01
2.296911925077438354e-01
2.886797785758972168e-01
5.007676482200622559e-01
1.567589491605758667e-02
6.066399812698364258e-01
-2.240332067012786865e-01
-2.017775774002075195e-01
-4.930474981665611267e-02
3.080605063587427139e-03
3.484781384468078613e-01
-1.179800182580947876e-01
-1.173927187919616699e-01
3.585066497325897217e-01
1.069689244031906128e-01
2.631324715912342072e-02
-1.622183173894882202e-01
-7.507380843162536621e-02
3.912560641765594482e-04
3.357251584529876709e-01
1.043082624673843384e-01
-3.668831884860992432e-01
9.755538403987884521e-02
4.304217994213104248e-01
3.519704043865203857e-01
-1.125614866614341736e-01
-3.485789299011230469e-01
-2.782827019691467285e-01
-1.076389774680137634e-01
1.035849004983901978e-01
-1.938257664442062378e-01
-6.057500839233398438e-02
2.680438756942749023e-01
-8.114782720804214478e-02
-2.071987539529800415e-01
-5.102643370628356934e-01
-2.517156302928924561e-01
-1.633793264627456665e-01
-1.105089634656906128e-01
7.000850141048431396e-02
-6.590694785118103027e-01
1.366865336894989014e-01
2.051208615303039551e-01
-1.393194198608398438e-01
-2.777416110038757324e-01
1.881622523069381714e-01
3.061922490596771240e-01
-4.036391377449035645e-01
7.663165777921676636e-02
2.216253429651260376e-01
-7.880272716283798218e-02
-1.103726774454116821e-01
-3.164723515510559082e-02
1.007173210382461548e-01
-8.555334806442260742e-02
3.670296967029571533e-01
-3.289293944835662842e-01
9.772419929504394531e-02
1.192358285188674927e-01
1.316105127334594727e-01
-2.249752581119537354e-01
-2.037276476621627808e-01
2.207168638706207275e-01
-3.711074590682983398e-01
-4.429793655872344971e-01
2.517241835594177246e-01
2.506148517131805420e-01
-4.401017427444458008e-01
2.051260322332382202e-01
7.040114700794219971e-02
3.368339836597442627e-01
-7.419310510158538818e-02
2.276590019464492798e-01
2.238277643918991089e-01
-2.878949642181396484e-01
2.566462755203247070e-01
1.022347956895828247e-01
2.269441187381744385e-01
1.112587302923202515e-01
8.055555820465087891e-01
5.483094975352287292e-02
-2.267910689115524292e-01
2.818599343299865723e-03
8.544987440109252930e-02
-1.393831707537174225e-02
-1.887465566396713257e-01
-2.737380862236022949e-01
-9.904002398252487183e-02
2.414015829563140869e-01
-4.640169143676757812e-01
4.701427742838859558e-02
2.201384007930755615e-01
5.141096562147140503e-02
9.067168831825256348e-02
2.809001207351684570e-01
-3.462114334106445312e-01
-1.546826399862766266e-02
-4.472365975379943848e-01
-4.691746830940246582e-02
-1.717306822538375854e-01
1.260041296482086182e-01
-4.732185974717140198e-02
-3.843649327754974365e-01
-1.114340201020240784e-01
5.162595212459564209e-02
-1.002674698829650879e-01
-9.014286100864410400e-02
-1.892086565494537354e-01
1.577276736497879028e-01
8.393546938896179199e-02
-1.627386659383773804e-01
1.271267980337142944e-01
8.403990417718887329e-02
-2.138271033763885498e-01
-5.767958611249923706e-02
2.213062047958374023e-01
5.240417271852493286e-02
2.461090236902236938e-01
1.428755819797515869e-01
1.883012652397155762e-01
-1.593888252973556519e-01
9.600197523832321167e-02
-4.152744710445404053e-01
-1.346478462219238281e-01
-3.547279536724090576e-01
-3.638879358768463135e-01
-8.482063561677932739e-02
-1.769316792488098145e-01
-3.525388538837432861e-01
2.477618753910064697e-01
1.877638548612594604e-01
1.880369186401367188e-01
1.621911525726318359e-01
1.253415793180465698e-01
4.976267367601394653e-02
-5.209380760788917542e-02
-2.674315571784973145e-01
1.030636727809906006e-01
2.974921166896820068e-01
2.230149954557418823e-01
-1.218008995056152344e-01
-3.347554504871368408e-01
2.764976620674133301e-01
5.860635638236999512e-01
-1.760074496269226074e-01
-2.143808454275131226e-01
1.123067364096641541e-01
4.443332925438880920e-02
5.970817431807518005e-02
2.228121906518936157e-01
-2.109195590019226074e-01
-5.087078213691711426e-01
-3.954902887344360352e-01
-1.095804274082183838e-01
1.508734822273254395e-01
6.855680048465728760e-02
1.609506011009216309e-01
-2.041845209896564484e-02
2.231207303702831268e-02
2.042621523141860962e-01
1.491401195526123047e-01
2.124779969453811646e-01
-5.230224132537841797e-02
-1.058044508099555969e-01
3.097451329231262207e-01
-4.725944995880126953e-01
-2.051429748535156250e-01
1.210287809371948242e-01
-1.760585606098175049e-01
7.013655453920364380e-02
1.758384406566619873e-01
2.406512349843978882e-01
-4.144231975078582764e-02
-1.705926805734634399e-01
2.509802579879760742e-01
-3.844185173511505127e-01
1.051517650485038757e-01
8.330704271793365479e-02
-1.875529624521732330e-02
-1.004401147365570068e-01
1.598174721002578735e-01
7.918412685394287109e-01
-1.033725738525390625e-01
-2.253664433956146240e-01
-5.567572265863418579e-02
-3.407993614673614502e-01
2.328615784645080566e-01
-6.821577250957489014e-02
-2.406701073050498962e-02
1.104316636919975281e-01
1.418231874704360962e-01
-1.350284665822982788e-01
-1.760403439402580261e-02
-4.402346536517143250e-02
2.915846109390258789e-01
6.431332975625991821e-02
-1.808803975582122803e-01
1.253175586462020874e-01
4.256376996636390686e-02
8.247371017932891846e-02
4.249833822250366211e-01
2.389846891164779663e-01
2.942302227020263672e-01
4.172310233116149902e-03
5.824274569749832153e-02
-7.417098432779312134e-02
-4.746826738119125366e-02
3.531419485807418823e-02
-6.524533033370971680e-02
7.094590365886688232e-02
-3.547804057598114014e-02
-4.359284639358520508e-01
2.414600253105163574e-01
1.049313619732856750e-01
-2.057909220457077026e-01
-1.533289402723312378e-01
-2.291177064180374146e-01
2.075957208871841431e-01
1.535597294569015503e-01
1.974996626377105713e-01
-1.077585518360137939e-01
4.331294000148773193e-01
-1.470235288143157959e-01
-2.848334312438964844e-01
3.124874532222747803e-01
-2.022828310728073120e-01
-1.072690486907958984e-01
-2.248209118843078613e-01
1.443659365177154541e-01
-1.422304213047027588e-01
-1.332642436027526855e-01
-6.545488536357879639e-02
4.218400269746780396e-02
-5.772545933723449707e-01
8.174210786819458008e-02
-3.388491272926330566e-02
-1.683929562568664551e-01
-2.363734841346740723e-01
-1.090697571635246277e-02
-8.841750770807266235e-02
5.840206146240234375e-02
-7.671769857406616211e-01
-1.931616961956024170e-01
-2.720850408077239990e-01
-1.843933612108230591e-01
8.948966860771179199e-02
1.523768529295921326e-02
-1.991427242755889893e-01
2.931354045867919922e-01
4.241041541099548340e-01
2.497127503156661987e-01
-3.509990498423576355e-02
2.322222292423248291e-01
-2.616679668426513672e-01
-3.873463571071624756e-01
6.294693052768707275e-02
-7.774163484573364258e-01
-9.655077755451202393e-02
-1.054513305425643921e-01
2.657222747802734375e-01
-3.169520199298858643e-01
2.493130564689636230e-01
-5.162127017974853516e-01
5.109875798225402832e-01
2.054665237665176392e-01
-1.685466319322586060e-01
-1.952686607837677002e-01
-1.051833033561706543e-01
3.363332748413085938e-01
2.937044203281402588e-01
-6.389229558408260345e-03
2.391529083251953125e-02
1.042428016662597656e-01
-1.170916557312011719e-01
1.543388143181800842e-02
-1.841867268085479736e-01
3.132075369358062744e-01
2.481332570314407349e-01
-1.535568237304687500e-01
-6.545073539018630981e-02
-2.642277777194976807e-01
1.917425543069839478e-01
2.948486246168613434e-02
-1.385079920291900635e-01
-6.402175426483154297e-01
7.285822927951812744e-02
8.286060392856597900e-02
3.488114476203918457e-01
4.657967388629913330e-02
-4.565419554710388184e-01
-2.543706297874450684e-01
6.762990355491638184e-02
-1.322604417800903320e-01
6.543477177619934082e-01
-1.882098615169525146e-01
-9.098484367132186890e-02
-4.104503244161605835e-02
1.998299062252044678e-01
4.138920903205871582e-01
-1.509870588779449463e-01
4.456419944763183594e-01
6.371125578880310059e-03
-3.167569935321807861e-01
3.314793407917022705e-01
3.014673590660095215e-01
9.777334332466125488e-02
-1.555628925561904907e-01
-7.731072604656219482e-02
1.427343636751174927e-01
-1.075977981090545654e-01
-6.374669075012207031e-01
-3.213951289653778076e-01
-3.513139486312866211e-02
1.270520873367786407e-02
2.051305472850799561e-01
-1.048296913504600525e-01
5.754471197724342346e-02
-2.619121037423610687e-02
-8.442067354917526245e-02
1.091584265232086182e-01
-4.744224995374679565e-02
1.237072050571441650e-01
3.306747376918792725e-01
-1.063027381896972656e-01
-1.536392271518707275e-01
1.211144477128982544e-01
-2.950263321399688721e-01
2.431732118129730225e-01
8.604979515075683594e-02
-2.537866234779357910e-01
-2.052383422851562500e-01
1.708642952144145966e-02
2.838880717754364014e-01
6.397970765829086304e-02
-3.280968219041824341e-02
7.636179681867361069e-03
5.182853341102600098e-01
8.732599765062332153e-02
-4.449236392974853516e-01
9.752628952264785767e-02
2.252599000930786133e-01
1.459192037582397461e-01
5.176099389791488647e-02
-1.553341373801231384e-02
1.287496089935302734e-01
6.552536785602569580e-02
1.750192344188690186e-01
4.117434471845626831e-02
1.804643310606479645e-02
2.831825911998748779e-01
-4.962862282991409302e-02
-2.070229351520538330e-01
-3.650327771902084351e-02
1.053167600184679031e-02
9.898591786623001099e-02
-1.459180563688278198e-02
1.101322323083877563e-01
1.570414304733276367e-01
-2.332632988691329956e-01
3.240412771701812744e-01
1.337152272462844849e-01
3.571996092796325684e-01
4.110424965620040894e-02
-9.922470152378082275e-02
2.518835365772247314e-01
4.556035250425338745e-02
-7.308725267648696899e-02
2.381623536348342896e-01
4.196176528930664062e-01
