1.505428293443558142e-02
-2.303188615093786779e-02
-1.977960060248416252e-01
7.316279193140497183e-02
4.019671249269409774e-01
2.036367588790419514e-01
1.748398053128100982e-01
-5.470524817506845078e-02
-3.392683920054707092e-01
-5.198665203409347929e-02
-2.731371956008146751e-01
2.497951556273290408e-01
-3.730758733981979214e-01
-3.058934429545115408e-01
-6.315084694400620660e-03
9.969326337919778847e-02
3.362657401648850297e-01
-1.962717232861645178e-01
2.576682266405042054e-01
5.125757966015459521e-02
