-7.099567631951080038e-02
2.802970446509221378e-02
-1.723594416684289532e-01
3.584768576277035934e-01
7.696931845894941504e-02
-1.631385786066996690e-01
9.022476343477769944e-02
1.437641343608782873e-01
-3.068614202815533321e-01
1.089750272858568680e-01
-2.324713934941820825e-01
2.986676831807713040e-01
-8.327433344877040178e-02
-2.766479057047520618e-01
-3.302380463894051821e-01
8.871849716126718743e-02
4.875301001559748659e-01
-1.053232640959033961e-01
2.691620001116865057e-01
6.086870427980794335e-02
