-1.337530064368264993e-01
-1.456555022027574975e-01
-1.220731189750261514e-01
-1.236677724407665019e-01
2.052943515136307073e-01
-3.133562391188077917e-02
8.783672289467128746e-02
6.546094081792097619e-02
-3.058600442905078931e-01
7.258636114403571593e-02
-2.117478462690613461e-01
4.300144148853740078e-01
-2.240297327063515420e-01
-5.292117642622126139e-01
2.100350475724902660e-02
6.005469116459887652e-02
4.206182191293297290e-01
-1.857477181035090130e-01
-3.649621142397774590e-03
-3.556524232266529417e-02
