-7.075700376676154202e-02
4.024799910785573781e-02
-4.012313906518132772e-02
-2.829803438297032181e-02
3.214142631699679672e-03
-1.444161377426437902e-02
5.812757313175465068e-02
4.703299572095813452e-02
3.036410860277363385e-02
7.480549740619932275e-02
8.420048950241730557e-02
-2.468766030143282331e-02
2.669659125218250056e-04
1.443460974009224025e-02
-8.235037697076331986e-02
-3.648262208380306792e-02
-3.532806267966661501e-02
2.642888414683076601e-02
-4.379852861370897403e-03
5.472830092585002221e-02
5.895626163260000996e-02
-3.563880499611681713e-02
-4.166971488091570502e-02
-2.194409139526552061e-02
3.170728015577677084e-02
2.396754464664403728e-02
3.435129432650749909e-02
-2.346737598020992924e-02
2.404759982082094530e-02
2.640555006335041505e-02
1.305712191134632272e-02
-2.216597627750738903e-02
7.976331243841117136e-02
5.253168471405521983e-02
5.186696965224461137e-02
-5.257984796376918846e-02
2.086694775700588880e-02
1.410003696316478169e-03
4.680845714618605408e-02
-1.125324901974922992e-02
1.667137098708986950e-02
-7.029651827875615933e-02
-5.198796342996472170e-02
-2.941863223641213998e-02
6.413100015778971930e-02
1.657842350165524697e-02
-2.237397371379272124e-02
3.381460405791270746e-02
-8.685685635793430337e-03
-2.114923429990697018e-02
-7.750373134021774912e-02
2.621989157584660515e-02
-1.158542244279956931e-02
-5.394163980431084665e-02
3.044692222050168068e-02
-1.272259809758546356e-01
1.013358456138935965e-01
6.904076303985524909e-02
2.774543465628772146e-02
1.502292321636502365e-02
6.423409420802435321e-02
-5.865782914824568817e-02
-1.158993737051529221e-01
-1.243870600721813831e-02
-4.849560883200760425e-02
-4.077353497985822944e-02
-1.155556205328798526e-02
-5.591933273091004991e-02
-2.548458067447634257e-02
1.146427709352644889e-02
6.500579180493742948e-02
-6.392979566649797940e-02
-8.702107897742793197e-02
-3.975833887338486167e-02
6.521423602019839512e-03
-1.182521895605201726e-02
-1.613934055178975480e-02
3.343312623387494770e-02
-3.361689761586535152e-02
-6.357949555541682340e-02
3.962341638415450840e-02
4.986143199971836831e-02
-1.233950837753473515e-02
5.054168512963350124e-02
3.661715731168331545e-02
1.006223705389770601e-01
2.189148892425550261e-02
1.528229626700615233e-02
5.910251945200425960e-02
-6.175898391642711295e-03
1.084992029145927656e-01
-7.754872983939030406e-02
1.009952587792986162e-01
-3.877060975430850209e-02
1.081651423860290201e-01
5.406176065685654869e-02
2.294596983785074026e-02
-7.111139234193229741e-02
8.900434592804991329e-02
4.150942964993888096e-04
4.854550840925030836e-02
-1.745220255560065098e-03
-7.876151176552330380e-02
4.589473938480631565e-02
-6.865153364026871374e-02
2.871863711010936432e-03
3.096981074852069027e-02
2.780502846437642867e-02
6.574535543904375806e-03
-2.587436081049109687e-02
-2.985312994840695622e-02
-1.443695870237974611e-02
-6.587397461494652606e-02
-3.678074031509460939e-02
8.292236039772788933e-03
3.898584770813140477e-02
1.213158633024174170e-02
1.138299664983200357e-02
8.020810431891731151e-02
1.968051864832002368e-02
-4.499522014817255305e-02
-1.014903041685272754e-02
-4.558067042987326567e-02
-3.151244008257483853e-02
5.212268593997329558e-02
-3.844782424472478755e-02
7.639903977059038509e-02
3.101395854243236411e-02
-7.004786474925681072e-02
-5.919384329661447897e-02
5.312831319939844213e-03
-3.019982091067609231e-02
-5.475759312042989546e-02
-1.348224678767298221e-02
-6.030095366254330236e-02
-2.604310359525149540e-02
8.196616927163466459e-02
-4.795396034842216298e-02
-7.513421245842230589e-02
-1.735255894050995867e-02
-7.461853270520725501e-02
1.984964710729384546e-02
1.123564291254969781e-02
4.564342819493505052e-03
-2.242199570834210037e-02
-4.149941035366144781e-03
2.086462418890527512e-02
5.694601335840531603e-02
6.724183249188200873e-02
-6.025140960391708878e-02
7.710177310445162635e-02
-7.100651435006850865e-02
4.949432728546145771e-02
2.502469512413629110e-02
6.151078986299683693e-02
-3.531897790930601383e-02
3.583404661489897683e-03
7.343656662486765241e-02
1.144541524378510783e-01
-1.641025843464664208e-02
-1.249828315037170012e-02
5.050049575849473865e-02
4.284898282889804122e-02
8.752472823460291651e-02
5.576275217453421917e-02
-8.846702239191950659e-03
-1.078588250066447457e-01
-4.819079288392331267e-02
-7.301579129661459056e-02
9.758979039179234427e-02
-4.819562412797950834e-02
3.066675969642538788e-02
1.310987357320432881e-02
2.912932896224547374e-02
-2.154665332476616083e-02
-1.105467838177920034e-02
4.212053788080868943e-02
2.834805458260076377e-02
-1.126947415932284535e-01
7.367161521873964725e-02
-3.287632059498836468e-02
-1.015337234667024885e-01
3.143857077361114378e-03
-1.291658810038118915e-02
3.598324539857265109e-02
7.694990951829097647e-02
5.867186578505021594e-02
-3.039928391624487514e-03
-7.455158728001332058e-02
5.747797713396483876e-02
-8.260651543684907616e-02
1.449841422179497241e-02
6.839201298591627599e-03
3.821216619036738732e-02
-1.151825243776531150e-02
3.811194882536660458e-03
1.345442586879615904e-02
-6.288069197197711235e-02
-4.077405238641615415e-02
-1.036635069400076818e-02
-8.087559052137251181e-02
7.646870237378175506e-02
4.174327231752163192e-02
1.532560446561371213e-02
-1.227348864980984909e-03
6.599155604880302395e-02
-8.245201085525166729e-02
-8.019195361605402361e-02
-8.381024433535509688e-02
5.988777119617092609e-02
4.651577644516275561e-02
-2.153578143850303980e-02
3.968617494278463276e-02
-3.108517019102414666e-02
-1.475199104927801125e-02
5.661922191583939473e-02
-6.530969435586195769e-03
3.098918651311925732e-02
-5.795301428462764498e-03
3.901546367859415332e-02
-7.237348343046276500e-02
2.021135873110957784e-02
3.650062656230947111e-02
-2.754672831813148592e-02
-7.952580695695737889e-02
2.201952641456476900e-02
-2.777493952718281672e-02
-2.372674426944101564e-02
-6.496824649961767395e-02
-1.485683888554487596e-02
-8.727785229818599277e-02
-6.897376047774080032e-02
7.246629918355287914e-02
2.373595918500943577e-02
2.828281056792859155e-02
3.171715095557850993e-03
2.787226274844625817e-02
3.437187314071007277e-02
3.803435291947651620e-02
5.222959546678845183e-02
-5.563122298352730921e-02
-4.956230117522451156e-02
-3.374813794799636640e-02
9.140848978367253908e-02
-4.471284631275402460e-02
-1.866421154617012648e-02
6.242374897304317494e-02
3.701402083870424659e-02
-4.826303299708421812e-02
3.896923356135734151e-02
-8.329127603493753640e-02
-1.198420481806752175e-02
1.955137492374427535e-02
-1.655744155473576687e-02
5.413544665153361378e-03
8.327438731351770318e-03
-1.118051578322161593e-01
6.962983834173479269e-02
-9.164501124038426649e-02
-4.230779144067665226e-02
8.563700691216193095e-02
9.663784009491008589e-03
-2.666229957705826617e-02
7.405351204686112798e-03
9.872040942623640236e-02
8.670427379885727037e-02
4.032016938700268976e-02
-3.891779168404512065e-04
-3.253254361566507852e-02
-5.488587820406135714e-02
-1.918496061394348723e-02
-1.268595301619102056e-01
-7.849849147478982214e-02
-5.901297954902320897e-02
1.512255730863563442e-02
-3.429039271779385500e-02
5.749438812724376457e-02
-8.403822064817767501e-02
-1.694536315369736187e-02
1.631677608415060821e-02
9.073578507581105124e-02
1.323212991815397345e-02
-2.690284918666573100e-02
2.910796927679597593e-02
2.567866527061823945e-02
-2.369509676402691001e-02
5.799285538315611215e-03
2.383769147197199387e-02
-7.982457591428802901e-02
4.537049226778859176e-03
-9.715684172519794062e-03
1.736585597162126210e-02
1.206713096378623368e-01
-7.919726966404262714e-02
-3.729248714361476508e-02
-8.615285014045509851e-03
-9.148371371379325490e-02
-1.037189376885827852e-01
-9.172566317795313728e-02
-3.636702774507086233e-02
1.153008454172028442e-02
3.292610589839005397e-02
7.342261728058056651e-03
7.591881823795991469e-03
3.401508798915138521e-02
-2.688971404349586175e-02
2.102887220258579590e-02
-3.667435454338409395e-02
8.074735622611482755e-02
-1.086642651293905221e-01
-2.694066430522121941e-02
-5.451201228754446598e-02
2.395198435862598910e-02
2.997639968012725739e-02
-3.351624140757233916e-02
7.805654374321557842e-02
-5.661959648009604745e-02
7.834149508860363889e-03
2.918772606927690083e-02
7.489605942520277670e-02
2.827267828735869834e-02
-4.706316718925914605e-02
1.457860271545306265e-02
6.734126977920419643e-02
6.625857592397199625e-03
-1.461264298812706419e-01
-1.149171392532653130e-01
-2.020973350314849218e-02
-3.036918426587866676e-02
2.940685250796763392e-02
3.042661639380819794e-02
-1.008006456666420310e-02
-4.544884285717037259e-02
3.262974661132495621e-03
-1.239821735692392748e-02
4.117553448117806242e-02
3.394367953561118478e-02
3.115444235859205283e-02
2.809476978826698154e-02
6.450044113724068273e-02
8.034716288633769743e-02
-9.010172555898907087e-03
3.853168854693549139e-02
-3.774811599337705298e-02
-3.374395108143254940e-02
-1.162451520638306361e-02
-4.978353771213229594e-04
-1.086668600978635442e-02
2.037103737828622682e-02
1.308263433992099857e-02
-1.780839094376738055e-02
1.174786762792443123e-01
-3.948653219398675501e-02
-2.227924863527566343e-02
-8.764282390074397411e-02
4.304584808850460409e-02
3.354123722315742896e-03
-6.065426933331788222e-03
-2.778660498178631144e-02
-8.722002497322295725e-03
3.919707655469873570e-02
-1.925811650496918326e-02
-8.931540567183626766e-02
2.633918235590827425e-02
6.933551971565696248e-02
-6.463489938899192114e-03
1.237965896771594729e-02
-4.065614082813005792e-02
1.720352680618776262e-02
-2.154313940415498660e-02
-1.491184904289958625e-02
1.819422704513047606e-02
5.886947699889673313e-02
-1.690078207147184541e-02
3.914550413539452656e-02
4.032456258133500226e-02
5.374778693012434438e-02
-4.359554335506143907e-02
-8.052163999592562571e-02
1.492528058384458419e-03
-3.458897756726952988e-02
-5.989983581564962793e-03
6.491090007706890042e-02
2.572487316794152407e-02
