-8.562427014112472534e-02
3.976822793483734131e-01
-1.348327547311782837e-01
-1.319668889045715332e-01
-3.757938146591186523e-01
-2.549166977405548096e-01
4.004932641983032227e-01
6.258192658424377441e-02
1.446161866188049316e-01
-4.537419602274894714e-02
3.665987551212310791e-01
-1.869664341211318970e-01
-7.645713537931442261e-02
1.492059696465730667e-02
-5.100919008255004883e-01
-1.702317297458648682e-01
1.742295473814010620e-01
1.685972511768341064e-01
1.667783260345458984e-01
2.036048471927642822e-01
1.002824828028678894e-01
-1.034576967358589172e-01
-3.396703675389289856e-02
-1.759545654058456421e-01
-5.287861451506614685e-02
1.906490325927734375e-01
-2.365465015172958374e-01
1.238802727311849594e-02
1.362278759479522705e-01
1.925851106643676758e-01
3.327547907829284668e-01
2.020066231489181519e-01
3.984574973583221436e-01
1.432595700025558472e-01
1.176621168851852417e-01
-3.350181877613067627e-02
-2.629951536655426025e-01
7.397149503231048584e-02
4.814942181110382080e-02
4.390639662742614746e-01
-2.318638861179351807e-01
-1.264731865376234055e-02
-5.026628449559211731e-02
-1.351370513439178467e-01
4.401177540421485901e-02
5.494419112801551819e-02
-2.341700345277786255e-02
-9.539985656738281250e-02
2.849396318197250366e-02
3.311732783913612366e-02
-5.568068623542785645e-01
-5.223499611020088196e-02
-2.494757771492004395e-01
-1.646387875080108643e-01
2.429693043231964111e-01
-1.852002739906311035e-01
-1.101443842053413391e-01
1.021657660603523254e-01
-2.554452717304229736e-01
8.170490711927413940e-02
2.548899054527282715e-01
7.287270575761795044e-02
-2.251162230968475342e-01
1.031365171074867249e-01
-1.182621270418167114e-01
-7.185790687799453735e-02
3.232936561107635498e-01
3.695465624332427979e-02
1.300920099020004272e-01
-9.507552534341812134e-02
2.743839323520660400e-01
-1.778802871704101562e-01
-4.372830986976623535e-01
2.881302312016487122e-02
7.833641953766345978e-03
2.628927826881408691e-01
2.585077583789825439e-01
-2.775079943239688873e-02
-5.939307436347007751e-02
-5.937108397483825684e-01
2.764176428318023682e-01
7.431157678365707397e-02
4.837592691183090210e-02
-1.450704783201217651e-01
5.522163957357406616e-02
2.023079544305801392e-01
7.024999707937240601e-02
7.428131252527236938e-02
2.704555690288543701e-01
1.778513640165328979e-01
2.879870235919952393e-01
3.015570938587188721e-01
-2.765848673880100250e-02
-1.347701400518417358e-01
5.977891683578491211e-01
7.409221678972244263e-02
1.057112775743007660e-02
-2.965754568576812744e-01
-4.505445063114166260e-02
1.078783273696899414e-01
-1.379817426204681396e-01
-2.605399787425994873e-01
-1.520975828170776367e-01
3.450507223606109619e-01
-2.349914312362670898e-01
-1.387780755758285522e-01
2.224078625440597534e-01
-9.379736334085464478e-02
-1.586513370275497437e-01
1.606321483850479126e-01
-1.429100334644317627e-01
-2.068312168121337891e-01
-4.481298327445983887e-01
-1.285054534673690796e-01
1.061128228902816772e-01
-6.736706942319869995e-02
2.553856074810028076e-01
-9.705262631177902222e-02
-2.151258736848831177e-01
1.036064103245735168e-01
-7.578703016042709351e-02
-3.684169799089431763e-02
-2.675687074661254883e-01
2.857490181922912598e-01
-1.105272471904754639e-01
3.023000061511993408e-01
1.812536120414733887e-01
7.618062943220138550e-02
-2.685859799385070801e-01
1.090305969119071960e-01
5.206667631864547729e-02
-6.018545851111412048e-02
-2.017988115549087524e-01
3.243356943130493164e-01
-2.438482046127319336e-01
2.968395687639713287e-02
1.765418611466884613e-02
-3.894808590412139893e-01
-4.594405889511108398e-01
-1.467389613389968872e-01
-1.838448643684387207e-01
1.081686187535524368e-02
2.143852412700653076e-01
-1.121278479695320129e-01
2.620177865028381348e-01
-9.176789969205856323e-02
-1.364990230649709702e-02
1.075922921299934387e-01
1.024356558918952942e-01
-5.173978954553604126e-02
7.988440245389938354e-02
-3.505930900573730469e-01
8.390692621469497681e-02
2.332530915737152100e-01
-8.152380585670471191e-02
-4.195967614650726318e-01
-3.024602308869361877e-02
1.438046246767044067e-01
1.225322484970092773e-01
-8.937150985002517700e-02
-3.575989603996276855e-01
-8.447454310953617096e-03
2.449972778558731079e-01
3.189592063426971436e-01
2.711710333824157715e-01
1.019780151546001434e-02
-4.721024334430694580e-01
-2.560992836952209473e-01
-1.948151439428329468e-01
3.462204635143280029e-01
-1.881745010614395142e-01
2.809865772724151611e-01
3.346556425094604492e-01
6.213851273059844971e-02
4.697149246931076050e-02
-2.157814055681228638e-01
-7.218374405056238174e-03
2.026453018188476562e-01
-1.603793650865554810e-01
2.224635481834411621e-01
-1.769206076860427856e-01
-1.877644471824169159e-02
-1.088558323681354523e-02
1.443501412868499756e-01
2.239554077386856079e-01
1.867245286703109741e-01
-1.802833229303359985e-01
8.997821062803268433e-02
-1.121109258383512497e-02
7.519289851188659668e-02
-5.622702836990356445e-01
-5.902500078082084656e-02
-3.183205053210258484e-02
1.726250797510147095e-01
8.468331396579742432e-02
-9.477905184030532837e-02
1.653846055269241333e-01
-2.074767947196960449e-01
3.032638430595397949e-01
-1.488681435585021973e-01
-2.306952029466629028e-01
3.414287865161895752e-01
-7.930719107389450073e-02
-4.915555939078330994e-02
1.426689922809600830e-01
-1.198791116476058960e-01
4.348612576723098755e-02
-1.846346706151962280e-01
2.105055153369903564e-01
3.407188355922698975e-01
-2.079702541232109070e-02
-6.628034263849258423e-02
-4.009324684739112854e-02
2.251400351524353027e-01
3.029636442661285400e-01
1.127467985497787595e-04
3.405848741531372070e-01
2.836408019065856934e-01
-1.579879373311996460e-01
9.664741903543472290e-02
-9.187826514244079590e-02
-2.813194394111633301e-01
2.554421126842498779e-01
-6.887023150920867920e-02
1.406946033239364624e-01
-1.220403239130973816e-01
-3.561100363731384277e-01
1.940485648810863495e-02
-2.318164259195327759e-01
-4.131731018424034119e-02
-3.096576929092407227e-01
3.151112496852874756e-01
2.123138755559921265e-01
-8.834048360586166382e-02
6.379465013742446899e-02
-4.731901884078979492e-01
3.215114176273345947e-01
-1.409236639738082886e-01
-6.976450234651565552e-02
1.043505445122718811e-01
-4.870674386620521545e-02
3.663361370563507080e-01
-2.400825172662734985e-01
7.355444133281707764e-03
-3.638344109058380127e-01
2.952219545841217041e-01
1.814594119787216187e-01
1.149449869990348816e-01
-3.358312845230102539e-01
2.005288898944854736e-01
3.979225456714630127e-02
1.887666285037994385e-01
-5.487074255943298340e-01
-8.444514125585556030e-02
-2.045595496892929077e-01
-1.551500260829925537e-01
-3.027742803096771240e-01
-1.681574881076812744e-01
3.647100180387496948e-02
-4.601120948791503906e-02
3.764785528182983398e-01
6.254159659147262573e-02
-3.337532579898834229e-01
8.751989901065826416e-02
8.507165312767028809e-02
3.397742211818695068e-01
-1.228049769997596741e-01
4.099034667015075684e-01
-3.764624148607254028e-02
2.450371682643890381e-01
-2.431486994028091431e-01
-1.905831843614578247e-01
3.669733703136444092e-01
-1.433092951774597168e-01
1.129477396607398987e-01
-2.644451856613159180e-01
2.231550663709640503e-01
-2.953196465969085693e-01
1.148407608270645142e-01
-9.681174904108047485e-02
5.576003342866897583e-02
-2.033044099807739258e-01
-3.113896548748016357e-01
5.922225303947925568e-03
2.516217827796936035e-01
-3.288084566593170166e-01
-2.006509751081466675e-01
-1.234421730041503906e-01
-2.013165354728698730e-01
1.132566109299659729e-01
-5.453021824359893799e-02
1.139108315110206604e-01
1.768836677074432373e-01
-1.706668585538864136e-01
2.016408443450927734e-01
-1.959584802389144897e-01
-2.489658594131469727e-01
-1.090513393282890320e-01
-2.275075018405914307e-01
-5.527533888816833496e-01
-2.612995803356170654e-01
1.337293535470962524e-01
7.139317691326141357e-02
-8.412295579910278320e-02
1.273247301578521729e-01
-3.605783283710479736e-01
5.076054111123085022e-02
1.826422661542892456e-02
1.098642200231552124e-01
-3.106072843074798584e-01
2.070820629596710205e-01
-2.519359886646270752e-01
-2.769453823566436768e-02
2.938758432865142822e-01
-1.245744600892066956e-01
1.692036390304565430e-01
-2.961285710334777832e-01
-1.785578131675720215e-01
7.373706996440887451e-02
2.890689671039581299e-01
2.712788283824920654e-01
-3.177080452442169189e-01
3.665383905172348022e-02
1.158595755696296692e-01
5.667234584689140320e-02
-1.301506906747817993e-01
-3.836782574653625488e-01
-1.874491721391677856e-01
2.430513650178909302e-01
2.482192963361740112e-01
-2.112462371587753296e-01
2.706327140331268311e-01
1.565849781036376953e-01
-2.396876513957977295e-01
-2.410141564905643463e-02
2.044889330863952637e-01
2.420547008514404297e-01
5.302872508764266968e-02
-8.647660166025161743e-02
-9.499458596110343933e-03
-1.567214876413345337e-01
-1.205786410719156265e-02
1.620731651782989502e-01
8.229773491621017456e-02
-2.475529760122299194e-01
-2.109245061874389648e-01
2.094921469688415527e-01
1.455110758543014526e-01
-1.742199808359146118e-01
-1.528693288564682007e-01
9.220117330551147461e-02
3.724279701709747314e-01
2.160876244306564331e-01
1.136513501405715942e-01
-2.338788360357284546e-01
1.183414086699485779e-01
-4.152491688728332520e-02
1.651476025581359863e-01
2.237489679828286171e-03
2.462402880191802979e-01
-5.198756605386734009e-02
3.727633506059646606e-02
-2.998376190662384033e-01
1.763877123594284058e-01
1.950825005769729614e-01
-1.030563488602638245e-01
8.936814218759536743e-02
-1.180600598454475403e-01
2.517536580562591553e-01
-1.339238733053207397e-01
-1.664658337831497192e-01
1.945311278104782104e-01
1.548593044281005859e-01
-3.128060996532440186e-01
-8.163439482450485229e-02
-9.024205058813095093e-02
2.137959599494934082e-01
2.729007303714752197e-01
-7.834902405738830566e-02
1.776527166366577148e-01
2.209862768650054932e-01
-3.901545405387878418e-01
-1.776377558708190918e-01
8.523130416870117188e-02
