-7.553481707802106593e-02
9.167488467305630329e-02
-5.475907012554885600e-02
-7.222806158415169021e-03
-6.220555937147803811e-03
-6.327257606942215430e-03
6.513663214882466079e-02
4.286578061063200593e-03
1.622053172236927188e-02
4.442397659034040547e-02
4.502310094834049287e-02
-4.591406771576391627e-02
-2.638209465792456729e-02
-1.876670618631849294e-03
-8.311872651450187555e-02
-1.409008018249987421e-02
2.461856955423770161e-03
7.263935068101254333e-02
2.283738555893906341e-02
1.851780540164044836e-02
1.247642884456953427e-01
-5.616887434665514267e-02
-5.185839434738535175e-02
-3.618211450967064730e-02
-7.134848261498338666e-03
1.441069938251677597e-02
-1.538281152905449090e-02
-7.178638443055351814e-02
5.791713225650768626e-02
-6.278992788095380355e-03
1.908131606275587783e-02
1.003276570160647205e-03
2.200769893375371933e-02
5.519235276138700214e-02
5.194261592785583137e-02
-2.743952098921994404e-02
-4.151600784114986564e-03
-3.553418390837784213e-02
7.704633105178973485e-02
2.129861338446407612e-02
8.339726581636904001e-03
-4.628140062675566851e-02
-6.226755734822918970e-02
-5.273916347479504912e-02
4.931324745175384022e-02
-1.136316669463078265e-02
2.447547416239973656e-02
1.063326069266325169e-02
-7.941682059959693715e-03
-5.059164974833382095e-02
-1.344473768761233479e-01
1.863681472218324531e-02
-4.363324976266921840e-02
-4.543743698037125758e-03
-1.568517675833892150e-02
-1.099631033470536146e-01
7.124455025806419872e-02
1.137745103237640734e-02
-5.581356333462089703e-02
1.009303290861996751e-02
4.205704451006350014e-02
5.373233426824886028e-02
-1.117061323649603533e-01
8.760367850908298490e-03
1.551842778440279923e-02
-4.675375036945760704e-02
-1.793674966185982225e-02
-8.093427235737869763e-02
6.993454373211771546e-02
3.987235297165173109e-02
1.148210171157845599e-01
-6.146593049207395298e-02
-8.085852496373084619e-02
1.757749747007537541e-02
-2.685877213792028061e-03
-5.349088172797496904e-03
-6.398842698543646609e-03
6.816523367894601615e-02
7.455286580225136154e-04
-9.309910086499831317e-02
8.240580872071090468e-02
7.954503901341743177e-02
-1.047030250279792213e-02
3.333988330547610346e-02
3.945557321306793208e-02
5.530321957855149906e-02
3.153919014523411807e-02
5.975953623577263951e-02
4.647784502435419601e-02
-1.769913586968421132e-02
8.548007850859780377e-02
-2.111258774917548764e-02
1.004667526957799401e-01
2.639647207840150212e-03
1.735437499261824335e-01
3.083696101302640588e-02
9.916263517686945209e-03
-3.313931237561436316e-02
6.190386970332652748e-03
1.997169262875631013e-02
-1.703503895227908779e-02
-3.113801901932438179e-02
-5.154403973712815695e-02
9.644222935069597658e-02
-6.049899520870646863e-02
2.829206125407890057e-02
3.171879673033550090e-02
-6.183147816570360583e-02
-5.471537896125536898e-02
2.144425818630547181e-02
-1.679126787969340354e-02
-3.421536175676898744e-02
-9.905356010066398986e-02
-5.080663590082974690e-02
1.560214696200907906e-02
-7.983044123596346603e-03
3.209799545395801423e-02
-5.521183753784179860e-02
2.767455122750814983e-02
4.564882501785597069e-02
-5.377930649720237544e-02
4.364341976239591650e-03
-2.390473475327712857e-02
-1.531578871071175019e-02
2.363684346551230345e-02
7.710453987036933882e-03
6.305343899617446568e-02
4.488511413190481025e-02
-2.924123196238421346e-02
-4.524159253959113974e-02
1.164271730582328718e-02
9.648633999699257613e-03
-2.142924951044981527e-02
2.495626882573804758e-02
-2.500757732795632488e-02
1.088614655637089486e-02
9.831309307020330568e-02
-5.534106400918915869e-02
-5.161600528915102210e-02
-4.412414126026856231e-02
-7.229378043130644735e-03
-4.478132322821922612e-02
1.106376791850404405e-02
9.645892733585875733e-03
5.092375592645929233e-02
3.068777175084860809e-02
4.223995817421270088e-02
-1.632724111518505869e-02
3.542696560910091330e-02
-2.100045110470698598e-02
5.864615945993768842e-02
-4.488310126864954869e-02
6.662245691465058794e-02
6.882288390587690263e-02
-1.084213590287736069e-02
-4.008205495162779630e-02
-5.565878423086669663e-02
6.423152656163731711e-02
1.391987227052721154e-01
-8.204702153610821461e-03
-2.172116996303651709e-02
2.861424294326244538e-02
5.429066481439558806e-02
4.199246704417303189e-02
4.308053507248667952e-02
-1.431141547151582732e-02
-1.179855503257061788e-01
-4.737433334558606435e-02
-5.946465664657481220e-02
8.353641352485985383e-02
-1.779299578083092317e-02
4.247532334774370422e-02
1.843301475643706333e-02
1.785585629712724623e-02
-9.761590910332762841e-03
-1.121428127237287815e-03
3.654921003937381535e-02
3.346040471230919949e-03
-4.471038199271560459e-02
8.827819906649575499e-02
-7.230267247423295685e-02
-2.511675971351140860e-02
-2.108392964922620877e-02
1.657536959772558383e-02
5.131635937634027554e-03
3.720346864049656893e-02
2.016053432152318040e-02
-3.373044056116746708e-02
-1.143043664965752958e-02
5.341091349990817472e-02
-5.607997017638245013e-02
3.842660662201493466e-02
3.287773445458635341e-02
-1.980230807215720493e-02
-3.425638969811246187e-02
7.564249062908433296e-02
1.002151610478648619e-01
-5.687467070178857387e-02
-2.747508265732902244e-02
-3.549211539152276329e-02
-4.230576807172473086e-02
-1.816793790025127836e-02
-5.969385641019955835e-02
2.507650204193140851e-03
1.407951834105709149e-02
4.363803641002259731e-02
-5.201154104830572195e-02
-1.676882559252672669e-02
8.024764698014733022e-03
4.164469695279944539e-02
4.044540766128765924e-02
-6.654298295995181300e-02
-6.452454693505776939e-03
2.606434842185923612e-02
2.091027385533181238e-02
5.306958196951264140e-02
4.430021314042896508e-02
1.082759142125383489e-01
-3.563195898488696889e-02
5.069549918439193031e-02
-1.417921685636344339e-02
-1.501533391303065852e-02
3.390347444860375686e-03
-3.526505856309222753e-02
-9.226974917505575621e-03
-2.262047921944437823e-02
-1.018913460963449119e-01
2.039075514986869037e-02
-1.016616179154681762e-02
-1.106715304071523298e-02
-1.091297844629730840e-01
-3.374292421550825066e-02
2.702440940325318355e-02
6.413797231954714018e-02
-2.205386146488726509e-02
-7.809459381498604080e-02
1.192984964774729401e-01
8.725095592863385541e-03
-4.586730035011424983e-02
8.417519681704596635e-02
-8.020959606030658717e-02
6.970628373825188233e-04
-4.423919314206879033e-02
1.037454565501154113e-01
-1.031624090837695989e-01
-1.283874504346588577e-02
1.818801775582676999e-02
3.602391126212357852e-02
-9.997790983121906949e-02
1.345597297651903584e-02
2.817517129319137715e-03
-1.834742904650684195e-02
-3.819794990873530416e-02
-4.654430528156097702e-02
-1.560306234327944394e-02
3.683755351363937613e-02
-1.560832440356968720e-01
-3.502242236817388471e-02
-2.185453434794174324e-02
2.252125302786634094e-03
7.478570676721711663e-02
-3.650236137876230330e-02
-4.780142455713017047e-02
1.676794435514033718e-02
1.078846838345629139e-01
1.094971336329571970e-01
2.740262527078700383e-03
5.845328878886182217e-02
1.957159622224215537e-02
-4.391553513637815737e-02
-1.582486507832599892e-03
-1.267823155569313132e-01
-6.281862662838400002e-02
-6.370767483470790582e-02
4.851850140116908267e-02
-7.656195615833182033e-02
1.922853636095781318e-02
-5.925038914154158454e-02
5.611521967183804444e-02
-1.118083103766029547e-02
1.599506827519087593e-04
-5.977055983259869226e-02
-7.692116282493763335e-02
6.245044499799060067e-02
8.433006697115742745e-02
9.240578816420565861e-03
-5.632799785317028907e-02
-1.928847351042622255e-02
-4.184087876767121107e-03
8.910300149037349640e-03
-7.772481880334049242e-02
1.629495400813905925e-02
8.265533222479667930e-02
-7.021590234326162416e-02
5.571654267535768729e-02
-8.203499313355375189e-02
-3.163692945196002609e-02
-2.486489491452452752e-02
-9.164876622771503389e-02
-8.016190518389038067e-02
-7.701445692314990397e-03
-1.421992937325496434e-02
4.033937952025212076e-02
2.450672719753108075e-02
-5.562746941156435782e-02
-1.180596393021324103e-01
6.039908695239855352e-02
-4.534541108356375527e-03
6.782744335708841554e-02
-2.876787416215540252e-02
-2.179614668044608204e-03
-3.833418725759209916e-02
2.254201657407093815e-02
2.974826538760732067e-02
-3.332968566546237743e-02
3.390644090176144626e-02
-8.764502187487840934e-02
-1.426104186135875550e-02
8.285760709705866645e-02
3.330498825605414381e-02
7.224464738226711591e-02
-1.631647928813613826e-02
-4.076105973913588670e-02
4.728628439831197156e-02
9.322224159550201658e-03
-1.167079056981705915e-01
-1.035633168140029647e-01
-3.669207130172166820e-02
-1.776044365220931162e-02
3.521537758601006596e-02
-3.111928866011550582e-02
-2.388062591939264789e-02
-7.268312639206634534e-03
-6.407716450103738068e-03
2.515318148231679776e-02
1.831984566595314459e-02
-2.807997895762004079e-02
2.306501307800174969e-02
-1.524956583479355685e-02
2.108654734699758754e-02
7.766159733741358207e-02
2.230192003376060481e-02
9.417766388637315023e-02
-6.209437306511349230e-02
-1.162879229180901336e-02
-6.482317178314775385e-02
1.780329422659733193e-02
3.211751925199449187e-02
-3.152805923905842300e-02
1.326814259307750781e-03
-2.857768297302192007e-02
8.459992071930116930e-02
3.523048218992069769e-02
-6.749288532291372600e-02
-2.569371493541661514e-02
4.465422343307370173e-02
7.967410939843805329e-02
-3.168020438604887690e-02
-1.170271380061384259e-02
9.733621378710304028e-03
3.603285370792642939e-02
2.025044004572579617e-02
1.363808344644521680e-03
2.558847698141020546e-02
4.198132313080344541e-02
2.309292163840282602e-02
1.786433698754682012e-02
1.869917039676651524e-03
3.569870540035943729e-02
-4.315956027899608277e-02
-1.017185487772475846e-02
-1.721580480353636713e-02
3.683145639150107314e-02
2.022615724062296755e-02
1.122336700054597791e-02
-1.748749337896892938e-03
7.526680384781347932e-02
2.785548779818530080e-02
-4.210316476781689188e-02
1.168377451335302596e-02
-1.985469454556953658e-02
-2.682822189773408431e-02
8.618048013006326599e-03
6.678557362969152200e-02
