9.130597843531901292e-02
-1.394864043193961012e-01
-9.048969315458080254e-02
2.126397917101294499e-01
3.377906708952580495e-01
1.129751348643061037e-01
2.534467734626347224e-02
-3.571836385161135385e-02
-3.083232734265169972e-01
-3.075490535153227803e-02
-2.884011686883781733e-01
3.039277227449666552e-01
-2.695642600213140616e-01
-4.920246509978161709e-01
-1.329325473739137731e-01
6.542274947067883151e-03
3.912553394551354646e-01
-1.742818829114235746e-01
-4.199540533580932433e-02
-2.786902921891451154e-02
