6.810165304748645732e-02
-5.802692623020051267e-03
-2.212434259264452197e-01
6.313217393067657723e-02
3.863511252340795510e-01
1.514608906452159509e-01
2.057082215744524822e-01
2.089182389221728650e-02
-2.883942988023254772e-01
-4.182848397175537025e-02
-2.600484089647968622e-01
2.740194598921135705e-01
-3.618466912887520759e-01
-3.513088923844011613e-01
-6.728197987727467522e-02
-1.095774803518634105e-03
3.253254851377474499e-01
-2.780187920215114183e-01
2.394641532162748998e-01
-2.117237544407099201e-02
