-8.979068032148429523e-02
5.377852666801611475e-02
-1.598645292090329351e-01
3.696250823708278066e-01
-8.169495127940051837e-02
-1.818250334245253286e-01
9.015589151634832710e-02
-7.727887644712386900e-03
-2.392927302956451563e-01
-1.367386585708671443e-01
-2.355342106001616642e-01
2.704001290364370091e-01
-1.024384411313510879e-01
-3.452552549312274954e-01
-2.526451842337438247e-01
9.242767030275066131e-03
5.464307720875681840e-01
4.368033678365102618e-02
2.519364186211769940e-01
-1.296784229377309916e-01
