-1.004439155597119937e-01
7.009134894260955762e-02
-1.002689516708230311e-01
3.156376475326536646e-01
-5.984167073766745448e-02
-2.294910533139556952e-01
6.871649660543859006e-02
6.106613076434457693e-02
-3.102129599212583577e-01
-1.160269277448182784e-01
-2.595295261595297331e-01
2.379445524100621545e-01
-1.178181372800977261e-01
-2.108410253657901912e-01
-4.343449095036801544e-01
1.185937870120051391e-01
4.869247063596583991e-01
-2.651656369525680693e-02
2.632156809882636450e-01
-9.388925889155316784e-02
