8.615787752442730096e-02
-8.395473594630016578e-02
-1.074886328017057163e-01
4.322054384026091656e-02
3.158384905851037705e-01
1.836476255892594833e-01
1.982702523304564202e-01
-8.534530461108082167e-02
-2.589678939310587347e-01
-2.215459496885504795e-02
-1.077137730112361080e-01
3.480520471851774600e-01
-1.443575919515628359e-01
-3.915366277323242272e-01
-1.763522727281061908e-01
2.355134857523956959e-01
5.158120437950322046e-01
-2.496837743344320071e-01
-1.267128092109595086e-03
-5.119741371064290281e-02
