-3.104322384227577863e-02
2.814903076284362184e-03
-8.548715066680315916e-03
-9.159572492599381277e-02
-4.837250930186313969e-02
-1.368218071981952208e-02
8.781736240556306528e-02
5.086628519803976060e-03
-3.129536125950709013e-02
5.444541038429023122e-02
7.423626020273731141e-02
-4.094015940824415056e-02
-7.118892683614004568e-02
1.931386333838967101e-02
-4.289328277166335607e-02
2.238608697648780330e-02
-7.068895957502997415e-03
8.607746519326617274e-02
7.621492247166329614e-02
-1.230708932900472863e-03
1.654074838091883493e-01
-2.454879533407710104e-02
-4.935297294897642711e-02
-4.423532515906224150e-02
-1.398359145842130793e-02
1.020862740759800602e-01
-1.076458177543004532e-02
-2.154902902576688248e-02
5.870769790572410995e-02
9.956577716845823461e-03
3.848806544458296258e-02
6.184312356070600925e-02
4.534632174257074988e-02
1.638566015946235285e-02
2.272724644729759436e-02
2.759031639804179412e-02
-8.581944434382461628e-03
9.436178907939991129e-04
2.282753407113011918e-02
1.620586829696832668e-02
-1.825684055584275364e-02
-6.797164119862662834e-02
-7.074736119220161046e-02
-7.436137543629989764e-03
-2.502457303470444119e-03
-1.830252945456700350e-02
-3.910865407415202444e-02
-3.366636073037741761e-02
-2.712473605383240380e-02
3.739574545589730709e-02
-1.226281794114978708e-02
-1.507885231643139867e-02
2.056675496154572111e-02
-4.373415631615793636e-02
6.102094015952527067e-02
-3.927456889475463425e-02
9.529162624960559741e-03
6.758060465181683907e-02
6.785010615380683216e-03
6.124924578111392431e-02
-4.870496217365367919e-02
1.233410756037092888e-02
-1.509731789350716447e-01
1.066569557363378218e-02
3.332273035352423252e-02
3.943999935680453373e-02
-6.592164612466450135e-02
-7.488776648873420039e-02
-1.244725693605167570e-03
-1.347644476726020477e-03
4.850350966119734708e-02
-6.092390163318708862e-03
3.756754709583291774e-02
-6.945173678169810905e-03
4.949582146367703661e-02
1.844055640003831875e-02
-9.291259591070390178e-03
1.109432748936563795e-01
-1.879400604573289862e-02
-5.783457895268517140e-02
9.882790941380005523e-02
1.395384015771115593e-01
-4.433016798308015566e-02
2.174861354002865718e-02
5.286854893826164331e-02
3.543185104214501002e-02
1.330207103098915954e-02
3.976479394406579049e-02
4.065519399735612743e-02
-4.003179066878492787e-02
4.264772314680527476e-02
2.513526886334586929e-02
-2.122281184695220049e-02
-2.091148954041418401e-02
1.315104735682818549e-01
2.061068933068740949e-02
5.598153490504959723e-02
-6.598358982544802465e-02
1.225337040902979222e-02
4.833081382085672312e-02
-4.052544687343803687e-02
6.510559680277723006e-03
-6.879090490000008828e-02
1.022811216990811983e-01
-7.529417379856649661e-02
-3.523842939772005300e-02
3.110773498210097493e-02
-3.499528140425730433e-02
-6.390176257191658611e-03
2.178860191117095585e-02
-4.947870294531745566e-02
-7.512060746768009500e-03
-1.373952606276273858e-01
-2.017928844211048720e-02
-6.868899484437211191e-03
5.523689290489890852e-03
-9.084805991879208592e-03
-6.964122089593054871e-03
8.945630981153052108e-02
-3.779793241078777122e-02
3.246175465892096618e-03
-5.354515719093103782e-02
-6.168128006164439597e-02
-9.431102881114383080e-03
1.495182674563992620e-02
1.439818967783473846e-02
3.601333872673129211e-02
1.791066475624576021e-02
-1.795925303204080545e-02
4.406454981731874887e-02
-2.564403163544728276e-02
4.648056076236407180e-02
1.903739621847200247e-02
1.342688904453076017e-02
-2.187600322651535312e-02
-6.471917690427059049e-03
5.119227543963043858e-02
-1.195257087672756818e-01
-9.865504421732211593e-02
-1.028351194954588571e-01
-3.702072661255456643e-02
-2.366167062848239383e-02
8.355885491311400293e-02
5.118940993378710835e-02
4.563316700658294478e-02
2.474541061186144066e-03
1.822362134950884782e-02
-8.344386887012410214e-03
2.922242520318456618e-02
-8.513569434284475046e-03
-2.540649441081370766e-02
-6.408098201066649013e-02
1.026109529378661268e-02
3.684520252472082286e-02
5.201029945407877053e-02
-1.779651025189005892e-02
-3.896358360692987050e-02
1.383271800315413226e-02
3.197138692706412433e-02
1.838042311636265899e-02
5.558389008176186502e-02
3.765725842889025565e-02
3.586511823535511873e-02
4.637340574716351110e-02
6.432381838883657887e-02
1.143506865051626548e-02
-7.134173349171464562e-02
-4.679920433471811830e-02
4.023613917118930988e-02
5.505924170398051459e-02
-3.067357020136311091e-02
-2.099297355232086770e-02
9.177905294463493610e-03
1.742015518862392170e-02
2.242325387438247331e-02
-6.565525569491693914e-02
7.212077849759906956e-02
5.525630111823495033e-02
-3.059421330254107410e-02
3.543812399347107817e-02
-5.996803273111505489e-02
-1.028004556812736753e-01
7.613122328148055548e-03
-5.268328602575172992e-03
-4.290628593588623196e-02
2.007606926354107632e-02
-4.468535522274356964e-02
-1.928154002602214950e-02
-6.989289258378424650e-03
-1.030467740216269197e-02
-6.043191273970582172e-02
-2.645871679364849259e-03
-1.137704469753083626e-02
3.099942157092119323e-03
-2.764467802455783385e-02
-4.643605735660100847e-02
1.110906892498189497e-01
1.351051287123239224e-04
-4.527409135000683843e-02
-1.957124910231630710e-02
-8.473147003362241358e-02
4.155611445389633535e-02
-5.930557249015677365e-03
-1.607539294165979266e-02
2.629476227033527777e-02
9.989511727444495837e-02
-3.284293764227155105e-02
-2.429786542610483033e-02
1.350805720724135642e-02
2.601751949930871527e-02
2.945560150728233559e-02
1.666460495966890984e-02
9.490422577906391932e-02
-3.728722204310726263e-02
-8.724894562765457898e-03
3.984133275676293717e-02
-6.988157874703106176e-02
8.329313513367020416e-02
-1.776430548881865676e-02
6.001472760529494299e-02
-7.704371753644471965e-02
-4.569463651018200456e-02
1.553190877428650869e-02
-1.366642551836531189e-02
7.600459569761176988e-03
7.261960006444022342e-02
-3.884572528385114160e-02
4.255967150389359382e-02
-8.306145593782628123e-02
2.716953921995850577e-02
-1.280304666017357705e-03
-7.565133573079097992e-03
4.241596266001543963e-02
4.319317184537138643e-02
-1.616646251093838485e-02
-6.911642094440630102e-02
7.351585984008157659e-02
-3.616477021047091039e-02
-4.469529304088108723e-02
3.899626256718574657e-02
-1.646557186899022529e-01
5.980837731334752438e-02
-5.348438204749496327e-02
1.432271315150888339e-04
-1.730313348486351571e-02
5.807379788376226121e-02
4.622363734069229874e-02
2.383364501167806182e-02
-4.419922181770989666e-02
-1.787136735814369437e-02
1.489985981490549085e-03
3.982186357521745601e-02
-1.416796525121033143e-02
-4.554665989164356776e-02
-2.413450068553980345e-03
-3.194566850405180375e-02
-1.659904753762739549e-01
-4.962846796466592603e-02
-2.085413200382908033e-02
-2.231659380249320732e-03
9.853494361898536280e-02
3.764905143047608121e-02
-6.124331154206247990e-02
9.793323481160394473e-02
3.909968497311993446e-02
1.100272546439133581e-01
1.844062922317736206e-02
-1.463399608274497605e-03
-2.833878245977301119e-02
-1.276016797251382784e-01
1.698721485275882584e-02
-1.043940427394232789e-01
-1.949633949566010466e-02
7.965082486614968871e-03
4.786168038488650828e-02
-6.125655519200034343e-02
-1.736732623515056459e-02
-1.027888920442179554e-01
4.679498397977628621e-02
2.639463243128932664e-03
2.190199261934737407e-02
-7.932566955031596090e-02
-9.164865888027230734e-02
3.776295698130992945e-02
5.788456611017441661e-02
-6.040280973428930646e-03
9.824788157911740205e-03
-4.081566571170550106e-02
-1.073379791035069565e-02
-3.632837331979920422e-03
5.422923404925592689e-02
2.085413539095182581e-02
7.291215263027986393e-02
4.428936077501394696e-03
4.900689368237769877e-02
-8.982093357516500454e-02
-4.823801343185479817e-02
-3.109508069152096266e-02
2.039084728206096587e-03
-1.388217270494767064e-01
-5.244472843039084398e-02
-1.403396051400019814e-02
2.473857074086571739e-02
2.601362092102777260e-02
-3.046837153114941715e-02
-7.855392718107247207e-02
-2.776803195429236593e-02
5.457145877016940892e-03
3.538474632611282589e-02
-1.072985021878993320e-02
5.845496435488945625e-02
-1.122492054718960590e-03
-1.410914193725678646e-02
9.859021807508151422e-03
-1.421137800344909712e-02
9.821562600920480390e-02
-1.420601957526451964e-01
3.719839813620944013e-02
-1.754609518657521822e-02
6.685995364207787672e-02
1.081112528756221058e-03
-9.422160877064267304e-03
-1.222380895654956723e-01
-6.142526777599136706e-03
2.566124838036650327e-02
-2.319801078287013138e-02
-2.743282873883186659e-02
-6.846829500691017922e-02
-1.646621271261381955e-02
1.044574683064082923e-02
-2.697660701477037903e-02
6.510261274763777528e-02
-1.000683144089520304e-01
-6.008667686667091765e-03
2.219994341206386369e-03
8.659330027766176316e-03
5.176844110760166554e-03
3.931355129044129815e-02
-1.901248223711191412e-02
-2.390079810724533502e-02
-8.452144810061805805e-03
-1.965549700638393599e-02
-3.051320010069611885e-02
6.739530871486014429e-02
-1.772129749774806889e-02
-8.700423617060580594e-02
3.956391724247632080e-02
1.383278981015635400e-01
5.378864050954566822e-02
1.273891106758287192e-02
-7.672881334760253691e-03
9.461657776696084932e-02
2.806102484608901868e-02
-4.553120445055239968e-02
-5.171980625886885702e-02
1.322563298519370892e-02
4.018227714527834032e-02
2.385935327332214598e-02
5.453717770085455413e-02
1.031362076106190628e-01
4.032534582295745768e-02
-3.448042181121262900e-02
-2.281445977732957098e-02
4.636326808878396544e-02
1.265818577117134832e-03
-1.675910229716671106e-03
-1.970101316184812851e-03
-5.515450537799965885e-03
-7.290518362522943260e-03
-1.867878290415075568e-02
-4.672908411962512529e-04
3.496424181141061238e-02
-5.675013233082318656e-03
-1.687298583170271024e-02
-2.645235493035033927e-02
1.675032753230219209e-03
2.669067966102241576e-02
1.478122076003374717e-02
-2.267621944312524229e-02
-3.211952189359095367e-03
-9.036469548660347462e-02
-4.244063784922191829e-02
5.272399670081966833e-02
4.467003187943950626e-02
