2.529144496654455176e-01
-1.223750887229806544e-01
-3.218898903813264822e-01
1.940700249656361065e-01
-3.248072999008307371e-01
3.675876659674748859e-01
1.911545608527090989e-01
5.374014473868910652e-02
-3.734565879837825619e-02
1.043399752722528884e-01
-2.593265486521865726e-01
2.089621512226013944e-01
-6.609642768599184592e-02
-1.930232989567478019e-01
-1.240245581062911495e-01
1.555990651867144858e-01
4.751039065584006793e-01
-1.781909550439013112e-01
1.258469118813085041e-01
1.483366289850582831e-01
