6.564450628492342343e-02
-5.584399413306557342e-02
-5.940281100444323031e-02
3.872760078199689870e-02
2.886778354918027589e-01
1.768936436512062726e-01
1.559416540534634965e-01
-1.345897553196067908e-01
-3.054740431344667440e-01
-8.880971164251200145e-02
-1.980739340043888852e-01
4.071900568159393385e-01
-1.278525024089840478e-01
-3.833163104217133799e-01
-2.206333121319951351e-01
1.614674917629304596e-01
5.180197854531840562e-01
-1.091052229204311358e-01
-3.685811858252644596e-02
-6.790621980533056989e-02
