3.933479052470805620e-02
-1.393265242953301841e-01
-9.483249076978893244e-02
2.055904805675534408e-01
3.650266030849079746e-01
2.026789227684723527e-02
7.872644616019972008e-02
-7.528967357953962602e-02
-3.476054219800187584e-01
-6.698420686207787189e-02
-2.481743322558127851e-01
2.847337731120622717e-01
-2.381002510133944927e-01
-4.929930979799466706e-01
-1.856840890560853552e-01
-1.891563173275278772e-02
3.717386346304052402e-01
-1.756375965005395889e-01
-8.348910090637556847e-02
-6.082353240496039815e-02
