-2.452673082528898305e-02
2.685798806243875486e-02
-6.463542665058710779e-02
1.122157436403516811e-02
-7.896506250719174946e-02
-3.047523826107868816e-02
1.723086554328795081e-02
5.412537803409054465e-02
-8.422981487795822009e-02
-1.709345741691283352e-02
5.744782314212393964e-02
-1.022588991266709241e-01
-8.516930236431377588e-02
2.934099883738398862e-02
-8.605189248936970237e-02
-3.056773355121354674e-02
8.858502064427019318e-02
2.537071440478811529e-02
8.033015121532952052e-02
-5.869886287836205419e-02
1.116649730665541240e-01
-4.028493145197920705e-03
-4.632439203482566908e-02
7.333683049371068907e-02
-4.873355246833301069e-02
7.703069750831919964e-03
-9.783349028567103756e-02
-7.529178968591671017e-02
6.925680116665787478e-02
1.159421000834201347e-02
-2.573984201410473363e-02
4.534937623551475727e-02
3.879646373064983556e-02
8.128569575571710504e-03
-6.401487372415826452e-03
-6.695054511071540752e-03
-2.157851647324478608e-02
2.367131964776949399e-02
4.812117789440079757e-02
7.764317196590514447e-02
-1.887627015868608565e-02
-6.740813634268891241e-02
-9.709013192036522466e-02
1.073188718466188546e-02
5.914625689732255082e-02
1.370483182133734774e-04
-2.178186748513720461e-02
1.747770831943796371e-02
-1.655727591011517050e-02
6.945058150845616340e-02
-5.102998360488093799e-02
-4.364619649337510288e-02
-8.318009518598661750e-03
-9.993703397974951219e-02
2.963468099358036387e-02
-4.381904364277270508e-02
-2.154339072168174468e-02
5.133462269521417431e-02
5.452290740900749000e-03
2.825341718709250063e-02
-1.119905457276352233e-03
5.616431819164496853e-02
-9.722249894900417133e-02
6.552874972825332989e-02
5.126791857518432638e-02
-1.571978022794265697e-02
-5.923620515428719771e-03
-4.669743024052483427e-02
3.858633273741306907e-02
2.429390808199033414e-02
9.987618970073872116e-02
-2.924790121854933811e-02
-2.703367432902430492e-02
4.235037861249039970e-02
5.824462834250948573e-02
1.926573468525837746e-02
-2.040038272390017060e-02
8.041615406797167354e-02
-5.708687388530394452e-02
-1.233483095618005121e-01
1.271339242525295621e-01
1.159947054743865891e-01
-6.097459993792277849e-02
3.613931639914062799e-02
4.955403614820823310e-02
3.679585468191009373e-02
7.151320014550027054e-03
2.795312152230799291e-02
3.999869668154076852e-02
-1.036037523145954403e-02
6.252359564002611669e-02
-2.910902661853076445e-02
-2.091671462460128680e-02
-3.774988583360475852e-02
3.685915670415822187e-02
6.236444768507697078e-02
-2.622981068377490399e-02
-3.509061067759328134e-02
7.870915907293713279e-03
-4.404958419592240777e-03
-4.034271717244158201e-02
-6.618097182647054988e-02
-6.122637938798914520e-02
1.040487566928097879e-02
-5.361674020150431624e-02
-1.301359758939362767e-02
5.577429371125628560e-02
-3.275779767686716470e-02
2.832230966717233164e-02
6.240348100624517474e-02
-2.522328613187706584e-02
1.502684494710807700e-03
-1.115436719360379109e-01
-3.846549167705951705e-02
5.052141538817458977e-02
7.604705539345855969e-02
6.485214845158160900e-03
-2.497092289212239895e-03
7.592163784569756768e-02
1.199900289229070827e-02
-8.577111045839190540e-02
1.851120599800999689e-02
-7.130974319639935000e-02
-1.079562733293661439e-02
2.561664006739020755e-02
-1.924271074637839713e-03
5.482185161768921011e-02
3.460182850465837179e-02
-2.041588890444799229e-02
-1.602946798295552464e-02
2.459880293501267093e-02
5.672100914200929600e-02
2.443496801528150658e-02
-2.537845992811856022e-02
3.483131271250040212e-02
4.539794390544845543e-02
6.042631737513640133e-02
-3.033032221339791376e-02
9.939866562629056518e-03
-5.333626084826511432e-02
-2.068436859874090913e-02
-8.143143811362422990e-02
8.592177738310584345e-02
-9.425437748209308797e-03
1.881192692501721872e-02
-5.834791409402497603e-02
-6.949710913043178825e-03
-1.248183820435672456e-02
2.729975832901630067e-02
-6.805916286383870140e-03
-1.449190895920470130e-02
3.339022011081470460e-03
5.178454710006925865e-02
5.561916531667557978e-02
1.956130857732092318e-02
-1.744464985682946806e-02
-5.279533940808117665e-02
2.045021861355855383e-02
4.848752692207718845e-02
-3.976302271394462073e-02
-4.376452986866445627e-03
3.526633629228484446e-02
-5.116120575497368553e-03
3.251194163014495264e-02
5.805831808729952637e-02
-2.075605025418181889e-04
-1.945738720255439994e-02
-1.718900634708286348e-03
-4.475601512042624505e-03
4.165427732251020254e-02
1.315493447281560792e-02
-2.899074015829089176e-02
-1.774043865008641252e-02
2.206570353449734123e-02
5.701043564920113549e-02
1.587047969051348564e-03
1.937215769153432729e-02
-4.238660308424451600e-02
-3.367803788582595520e-02
3.825000631462713990e-02
-4.190869914923443101e-02
-9.970035966222734122e-03
2.303062957139244762e-02
2.484501311468903517e-02
-2.748663761837480402e-02
6.069406610269062474e-02
-5.355437648024580916e-02
-8.959353076213316669e-02
3.490458872292932432e-03
5.926164975838152382e-02
-6.101839135314156976e-02
9.331798033544852489e-02
-6.323172231656039310e-02
3.867157586893137794e-02
-6.602261083364173444e-02
4.324733987657444767e-02
2.058829959254654951e-01
-5.234225504763524023e-02
-8.749051372731983522e-02
-2.152084274354569213e-02
-6.804888090105890019e-02
-2.449808994427517261e-02
-1.981472248717566255e-03
-7.865068930078555204e-03
-1.366083458525631407e-02
7.494483927450637691e-03
-1.297727928754054995e-02
3.030054780425309180e-02
4.047427907829588556e-02
1.154275252269915293e-02
-4.182859548571732887e-03
-1.414435773248326998e-02
3.251263173538893048e-02
2.783202318587664481e-02
6.567449511293783904e-02
6.352298305084806695e-02
1.750537003796744442e-02
7.124530915940890941e-02
-5.989470630219140279e-02
4.301923285244298872e-02
3.949391799012152288e-02
-3.340607285737320908e-02
2.982758356993675183e-02
-9.069439542498254972e-03
-2.694156949317222383e-02
3.986914758264806236e-02
-4.298168567897124592e-02
7.240695605233267440e-02
-3.977403413007442323e-02
-1.502887591473399745e-02
-2.911202312814277840e-02
-3.052019801236843105e-02
1.268538141661314407e-02
5.845782848801552717e-02
-1.942456785535939118e-02
-6.142789011923095038e-02
4.241222778159330770e-02
-8.250277807646312980e-03
-8.905066613086749794e-02
4.735079646059391079e-02
-1.550360294419987073e-01
4.390461366624868328e-02
-3.931862520459614152e-03
4.456157267107479364e-02
-1.441850658081992274e-02
5.746328392101097277e-02
7.724580452357834859e-02
4.055192348518696539e-03
-6.582019206918417187e-02
-3.149640333519198795e-03
-2.948436517504319371e-02
3.098294384623006756e-02
-1.694563112277554240e-02
-1.446432291010986589e-02
-6.434319734753594922e-02
-4.229576646811711305e-02
-1.153517089936415135e-01
-7.503419882326947676e-02
-1.785125048357187605e-02
-4.875592337999198889e-02
6.543846095883278091e-02
2.856348328927860170e-02
-5.925838083880478890e-02
1.218309497369343131e-01
5.261322426632803612e-02
6.409764095177493404e-02
-6.703589266605353494e-03
5.859690285534157467e-02
-5.440560086794629310e-03
-5.717989280792656198e-02
1.792036089162349008e-02
-1.680400457675773340e-01
1.187003720473913358e-02
-3.868061987976036120e-02
1.317879909911451493e-02
-1.005224853688344022e-01
2.013379325208473208e-02
-3.335982672569447194e-02
7.014218803401835178e-02
2.345410145528370460e-02
-8.979340703358660095e-03
-4.951403728505393564e-02
-2.366455782708945521e-02
-1.008252690446300934e-02
7.958102986588098948e-02
-5.534813367069920222e-04
-4.894203386789448135e-02
-6.425857470538174493e-03
3.211877535482973722e-02
1.033977271448826077e-02
-1.866142798644820563e-02
1.036412404659081549e-01
-8.056102471399166978e-03
5.033279570181920654e-03
1.833218119596783172e-02
-3.479141978655461709e-02
-2.510963064103757802e-02
-5.274590153964903334e-03
-4.899755101870614110e-02
-8.897743627879371731e-02
2.537698588753163967e-03
-1.851693568760145320e-02
1.690372236309076182e-02
3.075816627722306393e-02
-1.062394019597214939e-01
-8.543432699222071325e-02
-3.583347567818519902e-02
2.010190009876980030e-02
8.604115953675939288e-02
-1.204589297085829078e-03
-2.663841352375806437e-02
-1.917622985118076079e-02
5.609731744743130799e-02
5.845386340964003891e-02
-5.169574599173385951e-03
9.853440717847217201e-02
-4.432876506166306962e-02
-8.627584374815036594e-02
3.257337310396860725e-02
7.424450049618595837e-02
1.197286288609197315e-02
-2.421354562900674117e-03
-9.020636237945064972e-02
5.662496344200081133e-02
1.871521533398384091e-02
-5.899122535961819069e-02
-1.174334054085487550e-01
-7.725766949093096359e-02
-2.144011707727579499e-02
-6.482772992502109505e-03
-6.402023414690864722e-02
8.213526071271579077e-02
-3.254004223139538715e-02
-9.004663933679818433e-02
7.552998495907528587e-02
-5.032768650159186175e-02
5.915027116083056147e-03
4.626253378539060129e-02
-1.469482260176485991e-02
-4.813268872879926386e-02
-2.103321679957218665e-02
-7.743138229866092237e-02
-2.499467666269954841e-02
3.589206198126614067e-02
-3.998145615755083898e-02
-6.278788173425089991e-02
4.340617304667546139e-02
7.562264066841159482e-02
-2.576315425353072064e-02
-3.426798101255146972e-02
-2.182673945988275466e-02
6.199663369714582262e-02
6.524565977951881333e-03
-4.333779814552861376e-02
4.807941442003053900e-02
3.105335576855760421e-02
5.887533610706792431e-02
-2.014334122134846597e-02
3.102851197977436748e-02
1.290714492069929831e-01
-6.104568077805259257e-02
2.018862786459588166e-02
-7.763310944448581670e-03
4.194675784808438862e-02
2.123094254569296221e-02
-4.385758662600439811e-02
3.310414878635509900e-02
6.367587465694061512e-03
3.480849081101092951e-02
1.143452555710122373e-02
-7.706885003726811519e-03
1.418528884307241472e-02
3.056694658909321974e-02
-4.384229534665096822e-02
1.742105764049529243e-02
3.579832873918045721e-02
5.119143796419811654e-02
-1.772743712782540171e-02
-6.940829742837553717e-02
1.967681342914318066e-02
-2.337808242784883764e-02
-1.565711836911164515e-02
2.782307300514662296e-02
1.811130968317729503e-02
