-2.995316728028672715e-02
2.941375849790125660e-02
-3.640694169936094932e-02
-7.043669667339827467e-02
-3.421226339138279393e-02
-1.372898360266776134e-02
3.395930901954674619e-02
-2.562744029287790382e-02
2.390643311947403607e-02
6.596377356873941999e-02
1.251349135841441362e-01
-1.081367990186716255e-01
-3.694912346000574221e-02
-3.861338481918090253e-03
-7.639193446136668952e-02
-1.040803943191520933e-02
-3.852931961123164540e-03
1.031368075796145756e-01
2.722359794118883042e-02
2.324815547305170149e-02
9.161229405425440342e-02
2.560185822859290666e-02
-1.835267970848737315e-02
-5.087392855459683602e-03
1.561886058667422139e-02
5.517989038021811447e-03
-6.922993305806228459e-02
-3.753165135959039139e-02
4.574194176243426974e-02
-5.430788796527262485e-02
4.837200743140936121e-02
1.003789546562524823e-02
4.515219260665247203e-02
3.000346596968631388e-02
5.625956048196999876e-02
4.576189847211159512e-02
-1.830932239702110637e-02
-5.407271082557006670e-02
2.498331932572935704e-02
7.820545827305884490e-02
-3.467276337546335539e-03
-7.819438223963937062e-02
-3.504447297282135051e-03
-2.962595386073450451e-02
-2.402812260062364008e-02
-5.462669411967283929e-03
-2.071731359593558322e-02
-1.659593347025952945e-02
-4.788772672718864115e-02
3.746783117562924037e-02
-1.762571676019866751e-02
-2.749515727023649561e-02
1.161331135565357893e-02
-3.249719321008603945e-02
4.472426866602421253e-02
-4.680088598552136631e-02
1.649844254169360175e-02
8.877322482562501060e-02
1.787144044731449723e-03
1.826845024574143619e-02
2.176751211951618442e-02
4.262577717299969454e-02
-8.750089426836923923e-02
1.651952571175901996e-02
7.974486812218885279e-02
-4.848619974800245057e-03
-9.923522518379625235e-02
-4.698277509777241262e-02
2.650928310848237393e-02
-9.998039609885142620e-03
3.857065475261796383e-02
-8.201675710184281459e-03
-2.886313572791661917e-03
-9.103025643786951532e-03
1.498154602070764924e-02
1.058654618557364202e-02
-5.304407682296961857e-02
1.439507203609828034e-01
-2.532164252288890416e-02
-1.153058033334283666e-01
5.816979910590783232e-02
1.076944722646935859e-01
-3.749481064628114313e-02
4.671976098805644823e-02
1.704446841044251690e-03
5.385891559124289518e-02
2.780499838790927505e-02
1.231133072306304227e-02
2.805474309199634461e-02
-3.253249360046812921e-02
6.009300740768847710e-02
3.978092379358456887e-02
3.036038419929634399e-02
-9.277039458082479706e-02
4.671649375669292142e-02
4.163913284978199708e-02
1.916269901275661700e-02
-2.506982949858263879e-02
4.668314258939647993e-02
5.301543793225702017e-02
-3.721904520346719001e-04
1.820605922738280369e-02
-9.502780928884886624e-02
1.006239930386123860e-01
-1.064128362514036724e-01
-4.240778971957181315e-02
1.511360290733215414e-02
2.024236018222348721e-02
-4.103253790069862246e-03
6.343038698286994348e-02
-3.281953158697191453e-02
-4.966219461888765618e-02
-1.458571319970294600e-01
-6.415474368888628154e-02
8.041452103357869070e-04
-3.848985131741361476e-02
5.953183362414805196e-02
-3.795426356806264057e-02
5.293141887444700877e-02
-5.153898679782220604e-02
-1.095527686587889453e-02
-8.896549523801654258e-02
-1.723393879960065031e-02
-8.695720394403290074e-03
4.433371343599723513e-02
-1.536728178673059039e-02
-8.980875653720981136e-03
-1.500662390712731442e-02
-2.030778817748746246e-02
2.608887618193288932e-02
3.983773709618895070e-02
2.493549984165968972e-02
-1.753790445868531889e-02
-6.132649244988702675e-02
-5.491005101227403040e-02
-1.143726395780280715e-02
6.969031493748541195e-02
-1.106711066223738382e-01
-7.143935162126857641e-02
-4.630744274182674314e-02
-4.610569219760520671e-02
-2.498761079244135250e-02
6.616379720452458812e-02
4.024577181551555749e-02
4.020418706638685669e-02
-1.710954184361517319e-02
3.097636846864539745e-02
-2.021735375408394500e-02
6.009557990577300141e-02
4.161408672259794134e-02
-1.775089578736107482e-02
-1.029031628230302614e-01
4.460936375158209427e-02
-2.591009252743897012e-03
2.968285450123681057e-02
-6.294855967960019671e-02
-1.515496534181157672e-02
2.967913668571805011e-02
1.203110509259791017e-01
3.581807088493902964e-03
2.196949887305258212e-02
6.848633819507431164e-02
-6.797511573429397720e-03
1.309094572011013924e-01
4.613308056841559923e-02
7.271094377629638145e-03
-9.482308925609765626e-02
1.572313905937597822e-03
2.958626871088581092e-02
9.288379490147982351e-03
3.205320902099952768e-02
-4.289736627633074229e-02
5.903877943108967741e-02
2.377281606040011763e-02
7.874453953832707964e-02
-3.067143613782680883e-02
1.147266736720541358e-01
6.071969652439080517e-02
-8.701853896780745862e-03
6.543132998371398168e-02
-1.079671987456499657e-02
-9.155884326072039059e-02
4.119470601634914880e-02
5.502757507117797889e-03
-4.563239224909712566e-02
1.296343516806340752e-02
-4.447346598240083104e-02
3.200685046176798831e-02
-1.330297315598508862e-02
-1.194697884736771291e-02
-8.123951332872454689e-02
6.135787851448001179e-02
-4.423336616117850423e-02
-3.950613097736122015e-02
-7.820111519758898844e-02
-2.160881717402259733e-02
1.159156044765943111e-01
7.891902577125232271e-03
-3.390897857091154655e-02
-2.108690177560234441e-02
-7.295437037744900710e-02
7.255495829059090129e-02
8.519633297508003023e-03
-1.600439091014180248e-02
3.517541382005694856e-02
5.113617250284922811e-02
-1.974171354690175406e-02
-8.267056562832894931e-03
-3.317864715869580511e-02
2.763183909554691592e-02
-3.229892228711617186e-02
7.483505107779373638e-03
3.606057547578281341e-02
-1.423391674232092445e-02
2.399390400920456065e-03
6.061481164878409350e-02
-2.429579936311780999e-02
-2.637915410670709036e-03
1.822489840895705204e-02
3.236748452194455200e-02
-4.055255015190405848e-02
-3.535265020429092381e-02
-3.463387518393328673e-02
-2.354674191160468361e-02
-3.912474821156926297e-03
1.334109962209854101e-04
-1.365512472132029143e-01
1.038502093342972069e-02
-3.222126698614180551e-02
-1.930339441146742760e-02
-4.695788776676641102e-02
-2.944032708344243576e-02
1.630283542461064689e-02
7.634367630285514295e-02
-1.392357045430670133e-02
-6.376043292924825356e-02
7.237775763549698926e-02
-3.002105661631058672e-02
-1.196976054105267362e-01
1.963586596946556920e-02
-6.721600052985315932e-02
7.114204746185340787e-03
-4.964658495458464105e-02
3.658935483899958263e-02
-1.160591959206024454e-01
2.155273433383728468e-02
4.796772030188490438e-02
4.557654363327445085e-02
-4.560790587844072708e-02
2.697829953008735668e-02
4.184434912058963146e-02
-3.409154256691934032e-02
-3.900169109833614284e-02
-2.312687092215614387e-02
-6.184193094919477815e-03
-1.775505823217839521e-02
-1.903882648114917364e-01
-4.957322112032225975e-02
-4.599965604970757821e-02
-2.920922306570703994e-02
2.187463800618572388e-02
5.473077012724757162e-02
-4.949702674418601789e-02
9.140088870240699326e-02
4.471530859167734129e-02
7.848424084325587857e-02
-1.057673555919805101e-02
-1.740964081576415121e-02
-4.050133044467174592e-02
-1.935686108461925209e-02
4.771113743738024382e-02
-3.823738127392063701e-02
-1.281167564564646665e-02
-1.969450542811760491e-02
4.015643308574063514e-02
-5.680717307190434606e-02
8.297286095011567608e-02
-1.081836438911984721e-01
7.753010606759092038e-02
2.996137704269228111e-02
-7.412388239436503400e-03
-2.745155680212258038e-03
-6.905385191602367301e-02
3.242136406515932351e-02
2.535238546296075639e-03
1.164495447155979371e-02
1.677282447280623034e-02
3.498171424206290153e-02
-1.283074706663112421e-02
-4.605708964988249055e-03
-1.356577189838456543e-02
8.071913031342253797e-02
-4.151018241339073100e-02
-5.500052017234149937e-03
3.584729235912987449e-02
-1.011723162414435301e-01
-9.771067071712348506e-02
-3.008261196978219421e-02
-3.648783644236768681e-02
-1.256136205425150698e-01
6.242223669476274633e-03
-4.302119950588411540e-02
5.346495021329214503e-02
1.083327276980151563e-02
-1.974505025159317695e-02
-4.708594100475165661e-02
-1.184117692383272226e-02
7.159609535872428834e-03
1.141688465179662715e-01
-3.773117478741468134e-02
2.059698182210836434e-02
-2.406944335110632396e-02
1.093246678737710628e-02
8.125693326945741812e-02
7.417438950374831939e-03
7.082589022619840968e-02
-1.053049470763349343e-01
-7.990107592254361638e-04
5.275126659539346521e-03
5.214506417061272325e-02
1.710129635206955948e-02
-3.039116882336493838e-02
-1.339821473668883767e-01
3.002134046447886562e-02
4.769449559791986287e-02
-7.614528330532339094e-03
-5.450589091969201827e-02
-5.373198186631295697e-02
-1.326585355688813042e-02
8.097655479767090769e-02
-3.968658298420085079e-02
7.212160352067308045e-02
-4.253966994544823577e-02
-3.920533528698101622e-02
8.058829119498851778e-03
3.703291226335756609e-02
4.562468666455690713e-02
3.727843497406054668e-02
-4.156335134370869877e-02
-4.510782495450332136e-02
1.830486419432215614e-02
-1.972858904278533207e-02
-3.263803549526155673e-02
7.554735614637165739e-03
-4.720253312858562617e-02
-2.229456655924881223e-02
1.916430483910721780e-02
8.145609543597662205e-02
4.364249352243695923e-02
6.508184440771313519e-04
5.469109490216000902e-02
8.526020873770349950e-02
-1.120871854348635781e-02
-4.792034743206601693e-02
-4.330260618292355174e-02
4.779463246780266822e-02
1.291572684131837845e-02
1.659399020203055491e-02
2.430729422145691543e-02
9.562111944892358328e-02
-1.820408816982267003e-02
5.217351647581610491e-02
2.759865267928520577e-02
3.093714779761752229e-02
4.806754751922049512e-02
2.181792395119263456e-02
-4.025145671869000130e-02
4.110091305377972654e-02
5.814088629178808948e-02
-6.190212462543955019e-02
-2.055770160251371714e-02
-1.935635889170614701e-02
2.819287591738376189e-02
-1.530025987482936702e-02
-4.001103930511155926e-02
5.149542205884836098e-03
4.676032944164558447e-02
-2.863867484904262985e-03
-6.376622303489066536e-03
-1.119358229028917778e-03
2.842909515700482032e-02
-7.864369801040414082e-03
7.982829169433114380e-02
7.373201114101241016e-02
