-4.425573348999023438e-01
-1.422297507524490356e-01
-3.255233168601989746e-02
-3.463178873062133789e-01
-7.322968542575836182e-02
-3.985741734504699707e-01
5.613591074943542480e-01
-1.354839801788330078e-01
1.203735396265983582e-01
-1.656187027692794800e-01
2.003258466720581055e-01
-3.130275905132293701e-01
2.998802065849304199e-01
-8.628280833363533020e-03
-1.710941940546035767e-01
2.042149007320404053e-01
-4.303421080112457275e-02
1.067592799663543701e-01
-1.268228143453598022e-01
-1.382494997233152390e-02
-8.376588672399520874e-02
-1.509988009929656982e-01
-2.337105423212051392e-01
-1.911200582981109619e-02
-1.063503473997116089e-01
6.740365922451019287e-02
-3.171562850475311279e-01
3.782077878713607788e-02
1.539706252515316010e-02
4.844626784324645996e-01
2.692671418190002441e-01
1.056218519806861877e-01
2.714430093765258789e-01
5.458117648959159851e-02
1.624462306499481201e-01
-2.029780298471450806e-04
-3.995379507541656494e-01
1.740177720785140991e-01
-5.742688477039337158e-02
5.377427488565444946e-02
-1.248687952756881714e-01
-3.368421792984008789e-01
-8.826004713773727417e-02
-1.192884743213653564e-01
-1.631117463111877441e-01
-9.977651387453079224e-02
1.687121391296386719e-02
3.068473637104034424e-01
5.976467952132225037e-02
1.009880676865577698e-01
-2.131291925907135010e-01
2.128249965608119965e-02
-6.229905486106872559e-01
-1.972156465053558350e-01
3.340046107769012451e-01
-1.887525022029876709e-01
-8.745384216308593750e-02
6.524829864501953125e-01
-2.707267366349697113e-02
-2.565957307815551758e-01
7.254417985677719116e-03
-5.126317217946052551e-02
-1.844128072261810303e-01
1.931824982166290283e-01
-2.034342736005783081e-01
4.458720088005065918e-01
-8.487883955240249634e-02
5.799487978219985962e-02
2.491220645606517792e-02
6.335140019655227661e-02
1.262051463127136230e-01
8.127534389495849609e-02
-7.226638495922088623e-03
6.880781613290309906e-03
1.074077859520912170e-01
2.759724557399749756e-01
2.173477560281753540e-01
-9.941212832927703857e-03
-6.060658488422632217e-03
-1.169597804546356201e-01
1.516560316085815430e-01
-1.745363622903823853e-01
-8.092353492975234985e-02
4.601940140128135681e-02
1.737934052944183350e-01
1.776582375168800354e-02
2.771484255790710449e-01
-1.383374333381652832e-01
6.385341286659240723e-01
-1.857738010585308075e-02
4.305040538311004639e-01
-1.116772182285785675e-04
1.442075520753860474e-01
-2.233254760503768921e-01
5.762841701507568359e-01
3.080416321754455566e-01
2.696759700775146484e-01
-5.750758647918701172e-01
-2.643922567367553711e-01
2.487964630126953125e-01
-8.655782043933868408e-02
-1.827448979020118713e-02
-2.442025691270828247e-01
2.657486796379089355e-01
-1.545284539461135864e-01
-3.231952786445617676e-01
6.278760731220245361e-02
-2.523584477603435516e-02
7.447822019457817078e-03
3.486472070217132568e-01
-2.523390054702758789e-01
-2.093310803174972534e-01
-6.637630611658096313e-02
-2.165588736534118652e-01
7.478793151676654816e-03
2.672946639358997345e-02
1.564757376909255981e-01
-8.430625498294830322e-02
-1.246229112148284912e-01
8.666929602622985840e-02
-2.065910585224628448e-02
1.273899823427200317e-01
1.547557301819324493e-02
2.494639754295349121e-01
1.648809462785720825e-01
1.345308423042297363e-01
1.584882289171218872e-01
1.861701160669326782e-01
-1.501456499099731445e-01
-3.911676630377769470e-02
2.639550864696502686e-01
-2.982095479965209961e-01
-1.876105368137359619e-01
2.008365392684936523e-01
-3.405721485614776611e-01
1.040798332542181015e-02
9.171622991561889648e-02
-6.466224193572998047e-01
-3.740847110748291016e-01
-3.476679921150207520e-01
-7.860925793647766113e-02
-1.134472340345382690e-02
9.882048517465591431e-02
-2.778813242912292480e-01
1.994384676218032837e-01
1.378851681947708130e-01
7.448653876781463623e-02
3.788733109831809998e-02
-3.243294358253479004e-01
9.988617897033691406e-02
9.617596864700317383e-02
-9.462315589189529419e-02
-2.190475352108478546e-02
9.412261843681335449e-02
9.010993689298629761e-02
1.885709613561630249e-01
4.892163723707199097e-02
8.679067343473434448e-02
2.559472322463989258e-01
-4.240597784519195557e-02
-1.752304732799530029e-01
-1.527623683214187622e-01
1.397561430931091309e-01
2.688271999359130859e-01
-4.133050516247749329e-02
-1.975873857736587524e-01
-2.282828092575073242e-01
-9.979645162820816040e-02
8.587352931499481201e-02
2.248107790946960449e-01
-2.833517193794250488e-01
1.557853966951370239e-01
3.278352022171020508e-01
-2.627657651901245117e-01
-6.865033879876136780e-03
-9.820693731307983398e-02
-2.213294804096221924e-01
-9.802882373332977295e-02
-7.013827562332153320e-02
1.719825118780136108e-01
1.637018173933029175e-01
-2.587031200528144836e-02
1.563562005758285522e-01
-9.602864086627960205e-02
3.377494961023330688e-02
7.568912953138351440e-02
-1.618015021085739136e-01
3.877458721399307251e-02
-1.826580166816711426e-01
-1.064349040389060974e-01
-2.542753815650939941e-01
-3.579519391059875488e-01
2.787745296955108643e-01
-1.455446481704711914e-01
-1.553852111101150513e-01
-5.743420124053955078e-02
-2.149590700864791870e-01
-3.598431646823883057e-01
7.922077551484107971e-03
7.937566190958023071e-02
-6.044810265302658081e-02
3.122100532054901123e-01
-2.959272265434265137e-02
-3.478513956069946289e-01
5.529255047440528870e-02
-1.033306941390037537e-01
9.193025529384613037e-02
-1.388279050588607788e-01
1.449202299118041992e-01
3.218541443347930908e-01
2.280207425355911255e-01
-3.862853348255157471e-01
-2.024392634630203247e-01
-2.638550400733947754e-01
9.302123636007308960e-02
-7.174415141344070435e-02
-4.544890671968460083e-02
1.829723566770553589e-01
-1.252566874027252197e-01
1.507876515388488770e-01
-2.947632968425750732e-01
-1.232584789395332336e-01
3.037246689200401306e-02
-2.972534298896789551e-01
-4.853956103324890137e-01
1.813798770308494568e-02
-4.406042695045471191e-01
-6.933654099702835083e-02
-3.697969615459442139e-01
-1.292879879474639893e-01
-1.306860446929931641e-01
-5.723654478788375854e-02
3.032143115997314453e-01
-1.736737787723541260e-03
2.633749246597290039e-01
3.281255811452865601e-02
-9.119905531406402588e-02
-2.146923094987869263e-01
9.914118796586990356e-02
-2.772996947169303894e-02
5.324486643075942993e-03
2.632200121879577637e-01
-1.998751610517501831e-01
-4.184839129447937012e-02
1.312619745731353760e-01
6.641133129596710205e-02
-2.292098402976989746e-01
1.505692899227142334e-01
-3.168596923351287842e-01
2.376314997673034668e-02
3.016893267631530762e-01
5.130733549594879150e-02
-4.193560220301151276e-03
3.951850160956382751e-02
1.342538148164749146e-01
8.493146300315856934e-02
-2.619492113590240479e-01
1.866145730018615723e-01
2.186726778745651245e-02
1.447702944278717041e-01
5.126581788063049316e-01
-4.189944863319396973e-01
-3.276799321174621582e-01
1.067845299839973450e-01
4.555031061172485352e-01
6.258688122034072876e-02
-9.317380189895629883e-02
1.556162834167480469e-01
3.113733604550361633e-02
-1.870272159576416016e-01
-2.501645088195800781e-01
-5.312614142894744873e-02
1.432775408029556274e-01
-4.869343042373657227e-01
3.008217215538024902e-01
-3.645163178443908691e-01
1.733197271823883057e-01
2.412639707326889038e-01
1.718976199626922607e-01
3.675118982791900635e-01
3.193838149309158325e-02
-2.509857118129730225e-01
3.567087277770042419e-02
2.553840875625610352e-01
2.631348669528961182e-01
-3.874382972717285156e-01
-1.338840872049331665e-01
1.715498119592666626e-01
-6.744948029518127441e-02
1.220714375376701355e-01
-7.278531044721603394e-02
4.399521946907043457e-01
3.487037420272827148e-01
-2.882067859172821045e-01
4.084039106965065002e-02
-2.965035438537597656e-01
-3.849569708108901978e-02
-2.605887651443481445e-01
-2.729543149471282959e-01
-1.042873710393905640e-01
1.534757763147354126e-01
-1.263447999954223633e-01
-6.576438900083303452e-03
-1.244753301143646240e-01
-8.034747093915939331e-03
-1.267539560794830322e-01
8.698160201311111450e-02
-1.702884733676910400e-01
4.444576427340507507e-02
-4.004403948783874512e-01
2.928310334682464600e-01
2.077676355838775635e-01
-2.664493955671787262e-02
1.048369519412517548e-02
-1.520720422267913818e-01
-2.683996036648750305e-02
-5.914433673024177551e-02
4.728780388832092285e-01
2.319163233041763306e-01
4.995551705360412598e-01
4.582919552922248840e-02
-2.682105898857116699e-01
1.305118203163146973e-02
2.132570892572402954e-01
1.257501542568206787e-01
1.662554144859313965e-01
-1.324242800474166870e-01
-4.990552067756652832e-01
1.885091066360473633e-01
-4.049731492996215820e-01
-1.713965386152267456e-01
-9.915575385093688965e-02
-2.597022354602813721e-01
3.883680999279022217e-01
3.513232469558715820e-01
2.756970524787902832e-01
-3.318243324756622314e-01
-3.557584285736083984e-01
-3.777676960453391075e-03
1.169707160443067551e-02
-2.452071569859981537e-02
-3.419275283813476562e-01
2.468164265155792236e-01
-2.272462248802185059e-01
-9.866771101951599121e-02
-1.117387786507606506e-01
9.441617131233215332e-02
3.217914402484893799e-01
1.776351481676101685e-01
3.500900566577911377e-01
3.488434478640556335e-02
3.708477318286895752e-01
1.102817058563232422e-01
-1.319186687469482422e-01
-1.460699439048767090e-01
4.302287101745605469e-01
-1.966539323329925537e-01
3.513100743293762207e-02
-1.075623631477355957e-01
-6.596823036670684814e-02
7.511662691831588745e-02
1.300548613071441650e-01
-2.721761167049407959e-01
2.661880254745483398e-01
4.966533780097961426e-01
5.573117360472679138e-02
2.474507540464401245e-01
6.448128819465637207e-02
8.584772050380706787e-02
-9.242966771125793457e-02
-1.317856162786483765e-01
2.591145932674407959e-01
2.514865100383758545e-01
-3.658441305160522461e-01
-3.891561925411224365e-02
-2.672964930534362793e-01
2.458766400814056396e-01
2.361842244863510132e-01
-2.336257845163345337e-01
9.124442189931869507e-02
9.050922095775604248e-02
9.252959489822387695e-02
-1.103978231549263000e-02
4.401443302631378174e-01
