-4.006581604480743408e-01
4.124855995178222656e-01
-2.408788949251174927e-01
-5.291880369186401367e-01
-1.901013553142547607e-01
-7.477176189422607422e-02
2.054428756237030029e-01
1.671688556671142578e-01
-5.969149060547351837e-04
-8.636026829481124878e-02
3.147144019603729248e-01
-9.768038988113403320e-02
-1.501852124929428101e-01
-3.109147548675537109e-01
-2.828316092491149902e-01
-1.762518286705017090e-01
-2.764383889734745026e-02
6.095150709152221680e-01
-1.343069225549697876e-01
1.927760988473892212e-01
4.314912855625152588e-01
1.357129961252212524e-01
-1.576319187879562378e-01
-1.653864048421382904e-02
2.087887972593307495e-01
4.352764487266540527e-01
-3.898295387625694275e-02
1.065528914332389832e-01
3.238204717636108398e-01
9.808284789323806763e-02
4.857929795980453491e-02
2.810176312923431396e-01
2.400506585836410522e-01
2.488614618778228760e-01
2.463332116603851318e-01
-1.802353421226143837e-03
-1.567597985267639160e-01
1.037403121590614319e-01
3.223442286252975464e-02
4.194673001766204834e-01
1.175304129719734192e-02
-1.712974905967712402e-01
-1.519236564636230469e-01
8.717664331197738647e-02
-1.277002692222595215e-01
-1.105961054563522339e-01
-2.235347777605056763e-01
1.798309832811355591e-01
-9.505511820316314697e-02
2.725330293178558350e-01
-2.266808599233627319e-01
-8.593950420618057251e-02
-2.149166017770767212e-01
-1.697049587965011597e-01
3.728078603744506836e-01
-3.102630376815795898e-01
-1.139930263161659241e-01
3.284679353237152100e-01
-1.132247075438499451e-01
1.849186569452285767e-01
1.095025762915611267e-01
6.747403740882873535e-02
-3.469681143760681152e-01
-8.503112941980361938e-02
9.045077860355377197e-02
1.581967473030090332e-01
-4.900620318949222565e-03
3.493464738130569458e-02
-3.748466670513153076e-01
-1.865314133465290070e-02
2.990538626909255981e-02
5.407849699258804321e-02
-1.420531868934631348e-01
-4.042945057153701782e-02
3.746932372450828552e-02
7.295276969671249390e-02
5.252174660563468933e-02
4.552993923425674438e-02
-7.341349869966506958e-02
-2.439527362585067749e-01
1.542523056268692017e-01
3.691254556179046631e-02
-3.613949120044708252e-01
2.052189260721206665e-01
2.899206280708312988e-01
-1.230894923210144043e-01
-9.717924892902374268e-02
1.476908624172210693e-01
5.171088576316833496e-01
1.380811035633087158e-01
3.956246674060821533e-01
6.319218128919601440e-02
1.899361759424209595e-01
7.438563555479049683e-02
3.517574071884155273e-01
3.010068237781524658e-01
1.815312355756759644e-01
-3.618412613868713379e-01
-4.678370431065559387e-02
4.432416856288909912e-01
2.235798239707946777e-01
-4.085586592555046082e-02
5.173617601394653320e-02
3.196575343608856201e-01
-1.528103798627853394e-01
-8.006343990564346313e-02
-1.820610649883747101e-02
6.828473508358001709e-02
-3.502375259995460510e-02
9.350754320621490479e-02
-1.066400259733200073e-01
-1.093853786587715149e-01
-3.603456020355224609e-01
-1.791118681430816650e-01
-1.797784119844436646e-01
-1.862095594406127930e-01
1.143567711114883423e-01
-1.674539446830749512e-01
1.241619288921356201e-01
-5.097677111625671387e-01
-9.760951250791549683e-02
-1.329497154802083969e-02
-2.981808483600616455e-01
-2.673427015542984009e-02
-4.216016083955764771e-02
2.018090188503265381e-01
3.233388811349868774e-02
2.767536789178848267e-02
-4.682696461677551270e-01
1.244757231324911118e-02
9.550223499536514282e-02
2.877901867032051086e-02
-2.797550521790981293e-02
-1.643234938383102417e-01
-1.861124783754348755e-01
1.980560272932052612e-02
-6.557998061180114746e-02
-4.633947014808654785e-01
-2.341783791780471802e-01
-2.404796481132507324e-01
-3.312128484249114990e-01
-2.012479454278945923e-01
-1.583859510719776154e-02
2.506921291351318359e-01
2.743416726589202881e-01
1.473423242568969727e-01
5.046650767326354980e-02
2.551949024200439453e-01
9.747786074876785278e-02
-4.028843641281127930e-01
1.407085955142974854e-01
-2.620440125465393066e-01
-1.585779041051864624e-01
-5.977692082524299622e-02
6.690614670515060425e-02
-4.213427603244781494e-01
5.246758926659822464e-03
3.061162233352661133e-01
2.880425751209259033e-01
7.964578270912170410e-02
-9.752205759286880493e-02
-5.428808555006980896e-02
5.073563456535339355e-01
2.289662361145019531e-01
1.408565640449523926e-01
9.600702673196792603e-02
-1.061038374900817871e-01
-5.508328601717948914e-02
6.407462060451507568e-02
1.515155434608459473e-01
1.258910298347473145e-01
-1.002868935465812683e-01
1.961456388235092163e-01
1.658664047718048096e-01
1.544693559408187866e-01
3.754729777574539185e-02
2.025656998157501221e-01
1.491723209619522095e-01
1.013718396425247192e-01
5.306802690029144287e-02
-3.083601891994476318e-01
-1.553247570991516113e-01
3.947745636105537415e-02
7.492463290691375732e-02
1.027271226048469543e-01
2.190541326999664307e-01
-1.470659524202346802e-01
4.276745952665805817e-03
-5.395663380622863770e-01
3.255966901779174805e-01
-6.761420052498579025e-03
-1.503542661666870117e-01
-2.454211562871932983e-01
-7.076198607683181763e-02
-4.762660562992095947e-01
-3.962080478668212891e-01
1.838552951812744141e-02
9.885172545909881592e-02
3.332867345307022333e-04
-4.997192323207855225e-02
-4.224708676338195801e-02
5.132046937942504883e-01
7.547076046466827393e-02
-1.402565091848373413e-01
2.756975293159484863e-01
2.259619086980819702e-01
-1.704722344875335693e-01
-7.169754058122634888e-02
5.657043308019638062e-02
4.049397408962249756e-01
-1.078244820237159729e-01
-1.065456196665763855e-01
4.195633158087730408e-02
-1.743208020925521851e-01
2.219367027282714844e-01
4.679817706346511841e-02
1.137632355093955994e-01
9.989754855632781982e-02
6.986835971474647522e-03
-5.336411297321319580e-02
-4.074472784996032715e-01
-1.527907103300094604e-01
1.330521404743194580e-01
7.550229202024638653e-04
-1.774522513151168823e-01
1.537565588951110840e-01
-1.555346995592117310e-01
7.573314011096954346e-02
-2.934571206569671631e-01
-1.677085459232330322e-01
1.483660936355590820e-01
-5.375984311103820801e-02
1.709108203649520874e-01
-7.256169617176055908e-02
6.925436668097972870e-03
-2.003250271081924438e-01
2.254100441932678223e-01
-1.513724923133850098e-01
1.409392221830785275e-03
8.335644006729125977e-02
-3.033999502658843994e-01
2.383222132921218872e-01
-1.049156188964843750e-01
-3.793069124221801758e-01
1.300203651189804077e-01
-1.380219757556915283e-01
1.883027702569961548e-01
4.079431891441345215e-01
-2.446756660938262939e-01
-7.994348555803298950e-02
-3.363574147224426270e-01
3.478882908821105957e-01
-1.551588475704193115e-01
-1.503512412309646606e-01
-1.280583143234252930e-01
-2.430673129856586456e-02
-3.502061963081359863e-01
-1.835196167230606079e-01
-5.296015739440917969e-01
-1.671234071254730225e-01
5.140152573585510254e-01
2.281261086463928223e-01
-1.558438539505004883e-01
2.250772714614868164e-02
-2.949623391032218933e-02
1.292315721511840820e-01
-2.058416157960891724e-01
7.497581839561462402e-02
-1.518520712852478027e-01
1.482198573648929596e-02
3.846838474273681641e-01
-5.410383343696594238e-01
2.068700045347213745e-01
-5.205495283007621765e-02
3.404693603515625000e-01
8.823599666357040405e-02
-7.924541085958480835e-02
4.656558483839035034e-02
1.161603629589080811e-01
2.977670133113861084e-01
-1.530642211437225342e-01
-1.701816618442535400e-01
-2.592648863792419434e-01
-4.183284565806388855e-02
1.036261916160583496e-01
-9.490188211202621460e-02
-2.142753005027770996e-01
1.556998491287231445e-01
4.807564616203308105e-02
8.249267190694808960e-02
1.222559213638305664e-01
-1.166463568806648254e-01
-2.519913576543331146e-02
-1.715166419744491577e-01
-3.810918331146240234e-01
-2.074671685695648193e-01
-1.784667521715164185e-01
5.887578055262565613e-02
-1.886066980659961700e-02
-5.720545649528503418e-01
-1.353072226047515869e-01
-7.322775572538375854e-02
1.570117175579071045e-01
2.067311480641365051e-02
-7.418242841958999634e-02
-2.380435019731521606e-01
-1.815243214368820190e-01
1.048474088311195374e-01
1.794550120830535889e-01
-2.626419365406036377e-01
4.275036752223968506e-01
-3.545103967189788818e-02
-2.265072017908096313e-01
6.770778447389602661e-02
-3.456684350967407227e-01
5.023684501647949219e-01
-2.783097326755523682e-01
2.048531770706176758e-01
2.683207094669342041e-01
3.660419285297393799e-01
2.114633098244667053e-02
-1.870151609182357788e-01
-1.345859020948410034e-01
1.677153855562210083e-01
-6.538581103086471558e-02
-3.353727608919143677e-02
-1.861886829137802124e-01
-1.692163348197937012e-01
2.035229206085205078e-01
1.184247136116027832e-01
2.403036318719387054e-02
2.360299676656723022e-01
-3.901661634445190430e-01
1.010578796267509460e-01
-1.241667345166206360e-01
-2.998666651546955109e-02
-4.525289312005043030e-02
-3.433874621987342834e-02
-9.169618785381317139e-02
5.657960101962089539e-02
9.492760524153709412e-03
3.642233833670616150e-02
6.539023667573928833e-02
1.133538931608200073e-01
-6.660445034503936768e-02
-2.317861765623092651e-01
1.522676795721054077e-01
4.579428583383560181e-02
5.032047629356384277e-01
1.266406029462814331e-01
1.120635680854320526e-02
2.964628040790557861e-01
2.131001651287078857e-01
-2.787512242794036865e-01
-7.622336596250534058e-02
1.665143519639968872e-01
-1.029401272535324097e-01
-2.556172432377934456e-03
-2.801621332764625549e-02
2.584234178066253662e-01
-7.196946442127227783e-02
-7.330150157213211060e-02
-4.194331765174865723e-01
1.257635951042175293e-01
1.328819841146469116e-01
-5.080593377351760864e-02
-2.074291929602622986e-02
9.232049807906150818e-03
2.872108221054077148e-01
-2.002149261534214020e-02
7.753083854913711548e-02
-3.085559420287609100e-02
1.001899465918540955e-01
-1.629495173692703247e-01
-1.362222582101821899e-01
-6.926221400499343872e-02
2.409891486167907715e-01
-2.319871485233306885e-01
-3.616373986005783081e-02
-6.918705999851226807e-02
-1.173420548439025879e-01
-3.204145431518554688e-01
-8.309898525476455688e-02
8.069605380296707153e-02
