-5.173072218894958496e-01
1.881721168756484985e-01
-1.117566376924514771e-01
1.249234937131404877e-02
-9.150408208370208740e-03
-1.184795200824737549e-01
5.148086547851562500e-01
2.491774559020996094e-01
-2.314442396163940430e-01
8.191543817520141602e-02
4.126699268817901611e-01
-3.539659976959228516e-01
-9.408791363239288330e-02
-1.305965483188629150e-01
-2.457918077707290649e-01
3.891285881400108337e-02
1.466393172740936279e-01
7.262547314167022705e-02
1.748887151479721069e-01
-6.836689263582229614e-02
6.611900329589843750e-01
-1.909864991903305054e-01
-2.475159168243408203e-01
-9.502795338630676270e-02
-1.558560729026794434e-01
2.874127328395843506e-01
1.319473087787628174e-01
-2.625543475151062012e-01
1.888497918844223022e-01
-8.495508134365081787e-02
1.323974132537841797e-01
-1.382749527692794800e-03
2.883109450340270996e-01
2.074093967676162720e-01
-1.756185665726661682e-02
-1.377702802419662476e-01
7.555093616247177124e-02
-1.877187788486480713e-01
-2.122477814555168152e-02
3.655066946521401405e-03
-2.862649559974670410e-01
-5.088531374931335449e-01
-1.645709872245788574e-01
-3.801542818546295166e-01
2.955561578273773193e-01
-9.421674534678459167e-03
5.543571710586547852e-02
-2.996998652815818787e-02
-3.884998336434364319e-02
-3.939797282218933105e-01
-2.038878947496414185e-01
3.031010180711746216e-02
6.946245580911636353e-02
-2.468323409557342529e-01
4.877704977989196777e-01
-1.061238534748554230e-02
-1.312669366598129272e-02
-1.969251781702041626e-02
1.144859418272972107e-01
1.244621276855468750e-01
-6.153593212366104126e-02
-7.953192293643951416e-02
-5.802972912788391113e-01
-1.324211210012435913e-01
1.512060314416885376e-01
-1.025009900331497192e-01
-6.555186212062835693e-02
-3.612178862094879150e-01
1.487575285136699677e-02
2.598075568675994873e-01
3.025749027729034424e-01
-2.755847573280334473e-01
-4.115528464317321777e-01
8.039419353008270264e-02
2.470077574253082275e-01
1.403386145830154419e-01
-1.032690405845642090e-01
1.125835627317428589e-01
-1.548943519592285156e-01
-5.205197930335998535e-01
2.246038764715194702e-01
1.849917769432067871e-01
-2.140273749828338623e-01
1.503735035657882690e-01
2.095766216516494751e-01
3.098636269569396973e-01
-1.064485013484954834e-01
2.113797143101692200e-02
-3.177974000573158264e-02
1.244246438145637512e-01
2.454490065574645996e-01
1.048225015401840210e-01
1.036202311515808105e-01
-1.213263124227523804e-01
5.255737900733947754e-01
-4.179113358259201050e-02
-3.421774134039878845e-02
-3.333362340927124023e-01
4.621696472167968750e-01
9.769167751073837280e-02
1.172654181718826294e-01
2.588753700256347656e-01
-2.275981009006500244e-01
3.622133433818817139e-01
-4.090206623077392578e-01
-8.738312125205993652e-02
2.930055856704711914e-01
2.619084119796752930e-01
9.091798216104507446e-03
2.369099110364913940e-02
1.013583019375801086e-01
-2.535187304019927979e-01
-4.821553230285644531e-01
-7.172477245330810547e-02
1.926042735576629639e-01
-1.467578411102294922e-01
9.609168767929077148e-02
-7.151146233081817627e-02
5.445169806480407715e-01
-2.593694031238555908e-01
-1.507509350776672363e-01
-9.870569407939910889e-02
-2.366944104433059692e-01
-5.748179182410240173e-02
2.813214659690856934e-01
-4.112918674945831299e-02
3.213932812213897705e-01
1.387412846088409424e-01
-2.771465778350830078e-01
1.207909546792507172e-02
8.660002052783966064e-02
-6.969026476144790649e-02
-2.537467479705810547e-01
1.727903783321380615e-01
-3.607974052429199219e-01
6.312801688909530640e-02
5.115276575088500977e-01
-9.946104884147644043e-02
-2.279846817255020142e-01
6.316264718770980835e-02
-2.529419064521789551e-01
3.234783932566642761e-02
3.779561221599578857e-01
3.769882395863533020e-02
-3.531927615404129028e-02
-3.149445056915283203e-01
2.707909792661666870e-02
1.044746339321136475e-01
2.919045686721801758e-01
-1.914762407541275024e-01
3.971056640148162842e-01
-2.350675165653228760e-01
2.242374047636985779e-02
-7.745273411273956299e-02
1.100986748933792114e-01
-6.137521192431449890e-02
-6.230600178241729736e-02
2.597189247608184814e-01
5.347371101379394531e-01
3.133767545223236084e-01
2.668260335922241211e-01
2.779782116413116455e-01
2.038705497980117798e-01
4.193528890609741211e-01
4.658146202564239502e-01
6.398596614599227905e-02
-4.422121942043304443e-01
-2.131689935922622681e-01
-1.437906324863433838e-01
4.546009302139282227e-01
-4.623547941446304321e-02
3.348158299922943115e-02
-1.551368832588195801e-01
2.321685701608657837e-01
2.563852965831756592e-01
-5.511975288391113281e-02
2.393238246440887451e-01
2.210538536310195923e-01
-3.946302235126495361e-01
2.287389785051345825e-01
-1.064485609531402588e-01
-4.139290153980255127e-01
1.347360853105783463e-02
1.089497655630111694e-01
-1.302956044673919678e-02
4.283812046051025391e-01
3.053394556045532227e-01
4.927580058574676514e-02
-1.383074223995208740e-01
4.244908094406127930e-01
-3.831369876861572266e-01
1.091928482055664062e-01
7.663299143314361572e-02
2.073571085929870605e-01
1.044085100293159485e-01
-3.151866048574447632e-02
1.820095926523208618e-01
-3.031542301177978516e-01
-6.880162656307220459e-02
-1.549459099769592285e-01
-3.474850654602050781e-01
1.854156553745269775e-01
1.419903486967086792e-01
-4.238596931099891663e-02
1.767381131649017334e-01
9.752130508422851562e-02
-4.047597646713256836e-01
-4.664285108447074890e-02
-1.313987374305725098e-01
1.052825432270765305e-02
2.070394009351730347e-01
-3.728033602237701416e-01
1.864288449287414551e-01
1.950125694274902344e-01
4.185900092124938965e-02
1.056791469454765320e-01
-1.279169917106628418e-01
3.796989917755126953e-01
-9.254224598407745361e-02
3.286824226379394531e-01
-1.588174849748611450e-01
-5.111201107501983643e-02
-4.669129848480224609e-03
-2.547222375869750977e-01
1.822263561189174652e-02
-1.231406629085540771e-01
-1.388033479452133179e-01
9.487282484769821167e-02
-1.526487618684768677e-01
-6.110320240259170532e-02
-2.021525204181671143e-01
-1.143658440560102463e-02
3.045120090246200562e-02
1.438463851809501648e-02
9.392505139112472534e-02
-2.123858481645584106e-01
4.798740744590759277e-01
9.499658830463886261e-03
-5.131191760301589966e-02
6.361505389213562012e-02
-4.924637377262115479e-01
-9.052781760692596436e-02
-2.131983339786529541e-01
2.600989937782287598e-01
-3.656211793422698975e-01
1.695446670055389404e-01
1.485694497823715210e-01
2.674959003925323486e-01
-2.364525198936462402e-01
2.391931414604187012e-01
2.823019772768020630e-02
2.784721553325653076e-01
-8.481964468955993652e-04
-3.028565645217895508e-01
-2.347946912050247192e-02
1.731227338314056396e-01
-3.519469201564788818e-01
-3.554467856884002686e-01
-1.220667213201522827e-01
-1.659305393695831299e-01
2.309942245483398438e-01
-5.623192340135574341e-02
1.334401667118072510e-01
3.297938406467437744e-01
1.739939749240875244e-01
4.958702027797698975e-01
2.119679003953933716e-02
1.386870890855789185e-01
4.856829345226287842e-02
-1.629393249750137329e-01
-9.978464990854263306e-02
-5.494700670242309570e-01
-6.726803183555603027e-01
-1.696020662784576416e-01
2.725058197975158691e-01
-7.776166498661041260e-02
2.972439676523208618e-02
-4.449025094509124756e-01
2.178876399993896484e-01
8.443733304738998413e-02
3.745533823966979980e-01
-3.448494523763656616e-02
-1.332816481590270996e-01
4.246454685926437378e-02
-2.990642096847295761e-03
-3.396877944469451904e-01
2.285249978303909302e-01
-5.377858877182006836e-02
-1.087658256292343140e-01
-2.128646671772003174e-01
2.273603379726409912e-01
1.087727621197700500e-01
8.128731846809387207e-01
-5.607738718390464783e-02
6.232139468193054199e-02
-8.398292213678359985e-02
-3.657376170158386230e-01
-4.316232502460479736e-01
-4.918842911720275879e-01
-2.326981723308563232e-01
-2.487325519323348999e-01
-8.155736327171325684e-02
-1.401627808809280396e-01
-5.535037815570831299e-02
-2.628483772277832031e-01
-1.276240777224302292e-02
3.317080438137054443e-01
-1.899832040071487427e-01
4.825713634490966797e-01
-4.262449741363525391e-01
-3.473439514636993408e-01
-2.694735825061798096e-01
1.189605221152305603e-01
3.409831225872039795e-01
-1.111683845520019531e-01
1.461750864982604980e-01
-4.480030238628387451e-01
3.837430477142333984e-01
1.777110099792480469e-01
2.518279552459716797e-01
1.082364022731781006e-01
-1.539393663406372070e-01
6.937631964683532715e-02
2.298937588930130005e-01
3.412556648254394531e-01
-2.208608537912368774e-01
-4.700993746519088745e-02
-2.546702325344085693e-01
-7.795976102352142334e-02
-1.096175760030746460e-01
2.184115052223205566e-01
2.127378731966018677e-01
-4.084205627441406250e-01
-8.835572004318237305e-02
-1.199615001678466797e-01
1.010505855083465576e-01
-5.587349086999893188e-02
4.361516237258911133e-01
-2.612549960613250732e-01
4.874448478221893311e-01
2.449427098035812378e-01
1.655254513025283813e-01
-2.679992914199829102e-01
1.163840480148792267e-02
-8.568435162305831909e-02
-5.131091177463531494e-02
1.923766136169433594e-01
1.194269955158233643e-01
-1.465668529272079468e-01
-4.445161819458007812e-01
-1.908437907695770264e-01
4.592281877994537354e-01
1.200169026851654053e-01
-2.523865103721618652e-01
-4.567730724811553955e-01
2.401165068149566650e-01
9.971488267183303833e-02
-2.567997761070728302e-02
-3.284885287284851074e-01
-7.521681487560272217e-02
1.444625556468963623e-01
-3.411737680435180664e-01
-4.126413166522979736e-01
1.334708034992218018e-01
-2.204503118991851807e-01
-1.367974430322647095e-01
-1.091110035777091980e-01
2.884421870112419128e-02
1.321841329336166382e-01
1.502674072980880737e-01
-2.576490342617034912e-01
7.511707395315170288e-02
5.174336954951286316e-03
-1.348148435354232788e-01
1.516015082597732544e-01
-2.625335380434989929e-02
2.360786199569702148e-01
2.601311355829238892e-02
-5.352109670639038086e-01
1.592030674219131470e-01
6.286575645208358765e-02
-4.920427873730659485e-02
3.338083624839782715e-01
-3.569586202502250671e-03
