-5.240521814231237363e-02
6.442121428709962627e-02
-2.117883788097638803e-02
-6.547029918109917301e-02
-2.636720930514247288e-02
-2.856458412397679808e-02
6.389199772141590516e-02
7.424924292301042159e-03
3.757943056202563137e-02
5.501865598068087643e-02
8.790776720096100949e-02
-7.667464901536451272e-02
-6.892033042315495739e-02
1.147425711303225355e-02
-2.756617612812552881e-02
-1.994540589376382275e-02
-9.731313883947861204e-03
1.112545765190980362e-01
-2.990861476782129269e-02
8.958237175049563183e-02
1.356898869169136934e-01
5.137834823419058783e-02
-1.240662610680235995e-03
-1.786577566893328070e-02
1.034677458501659375e-02
2.381322249055604218e-02
-2.720056110045337289e-02
-5.334092796794987629e-02
5.768277440923453431e-02
2.020205414510286082e-02
4.160568169122263321e-02
-4.207101125081878779e-02
5.463154960635848573e-02
1.362993960545397058e-02
6.561245736893986380e-02
-1.176583572524706606e-02
-4.347082118777301912e-02
-1.580478653828536195e-02
4.650536906008402582e-02
6.690755744807802552e-02
-2.851875810077785043e-03
-3.389437532860854752e-02
-4.322968318334647481e-02
-3.307121355507305904e-02
-2.886037350424771469e-02
-5.375709067247968348e-02
-4.542806223621084077e-02
-2.678073220330654675e-02
7.087186912063911902e-03
3.681335875469055052e-02
-1.424708590595805124e-01
-1.067926281182648290e-02
-2.223461274579370539e-02
-7.693085422227853576e-02
6.329845110521961637e-02
-1.355414965708277575e-01
-1.542458888796558944e-02
7.290582515728720459e-02
-3.319474541687863350e-02
-4.408698891390334246e-02
3.668476511032914278e-02
7.562993549302513691e-03
-9.941394843384344926e-02
-3.460834141952466581e-03
5.639465227979040263e-02
-1.516170386333520921e-02
-4.353288063560738219e-02
-5.785047041614062996e-02
-4.374465125571977420e-03
-6.225301394365271440e-02
8.479064692393731284e-02
-2.712875467526862025e-02
-1.147570254546887401e-02
-1.324824852621820162e-02
-3.562722914392238427e-02
-1.905275998623804506e-02
-4.285183643750695853e-02
4.815775862374088029e-02
-3.421046537363747059e-02
-2.476234917819783443e-02
5.061347633883993280e-02
8.581642029710717656e-02
-3.907668812026251354e-02
8.016875579363581805e-02
-4.879804365774888415e-03
3.668040112274272013e-02
-2.029586972510959240e-03
2.745163437611093660e-02
1.081607013062402811e-01
6.353435195533876576e-03
6.627627083094397853e-02
1.579071433973573343e-02
3.833946219703297104e-02
-3.869790728909358601e-02
1.306656449920323149e-01
6.097289061209859758e-03
3.605353018171134072e-02
-2.155766670862469675e-02
-6.128910064832595456e-02
7.220882766784926521e-02
1.782387105040035124e-03
-8.672995205723567705e-03
-5.529842745896896422e-02
6.268317315997620764e-02
-3.351505176801897190e-02
2.770807218134809305e-02
-7.933703587862371912e-03
-6.403047864052896498e-02
-1.516944883369005133e-02
1.745474120362305523e-02
-3.607201621034521188e-02
-6.473468852400249794e-03
-9.855968494167170746e-02
-5.570692918698284118e-02
-1.445730660899025716e-02
-3.087528047663847669e-02
1.846794503725147918e-02
-1.093874285544875827e-02
-1.857664967896646355e-02
-1.080428736414068142e-01
-1.505100921374452269e-02
-8.330638164346407248e-02
-2.333397210592214402e-02
2.503481596152844213e-02
4.448452529239802639e-02
2.828185347813327866e-02
8.446291219460418673e-04
2.417534300532586666e-02
-7.801849874940212926e-02
-3.072283073600830250e-02
1.823063936710134225e-02
2.697205355417671424e-02
5.930336999734104990e-03
-3.339567344769793500e-02
-5.079159496584457339e-02
-4.271754505723797911e-03
3.223450200620577022e-02
-1.545857316439210871e-01
-1.039940604748657710e-01
-6.187985977668151311e-02
-5.224944372247613406e-02
-4.613911161799558874e-02
3.420615307456729981e-02
7.984919523394425067e-03
1.335167540122015883e-01
3.320904098365920726e-04
4.445566094810811386e-02
6.184841562162509201e-03
7.889443449803098737e-03
-3.067420845638104202e-02
2.514037129578892277e-02
-6.083007339567568506e-02
2.148640301286058873e-02
3.111015494050633004e-02
4.606982685399656219e-02
-7.949618482016385101e-02
7.169923612417540212e-03
9.688426075995079656e-02
1.223681760869722440e-01
1.638705767386494996e-02
-2.708301033838553945e-02
6.868042925108158725e-02
6.058005604256441051e-02
1.321652765299799193e-01
2.570356198479774659e-02
4.178600261822329638e-03
-1.052868936433625918e-01
-7.896536591047632891e-02
-8.387331236582742586e-03
6.104574003770057988e-02
1.322665934059077432e-02
3.622219073325107144e-03
3.530441220770694222e-02
-1.599318379595041084e-02
3.780027343974948066e-04
-1.244820905662254173e-02
7.092916030284922291e-02
5.687415556895025065e-02
6.387115986529257050e-02
4.867269808282839033e-02
-7.771713993150504429e-02
2.533080194276296059e-03
3.555441848470759086e-02
-5.440106958938127797e-03
-5.773330362590780663e-04
6.644023418856929986e-02
-5.149331087840895022e-02
1.814092102501680889e-02
-3.485808556190717750e-02
2.868719297656358719e-02
-3.095384148328631305e-02
1.451600076521292193e-02
1.395207628387516371e-02
3.752122467767970071e-04
-2.742264265654884015e-02
1.017207616867216819e-03
9.600184917864293399e-02
-2.179670579008771703e-02
2.571063638895513918e-03
2.408825339349644074e-02
-8.144342414070690483e-02
8.872025898792731957e-02
-1.146330007059603341e-02
-2.806046971700721510e-02
3.896349396170735446e-02
4.544835367087665667e-02
3.839562546197771570e-02
-1.863547859453507094e-02
1.623061499535430330e-02
7.981625488094418186e-02
-2.671443891218560664e-03
-1.860093774354962259e-02
-5.224846902474108989e-02
-2.414626821493407946e-02
1.928314308724727796e-02
5.557279379527183677e-02
5.962323145803793273e-02
7.781660340492153882e-02
-1.646379112225958632e-02
2.437577999524077541e-02
-6.714889851453270664e-02
-4.304896167034485965e-02
7.966417803603839665e-03
-3.334120851971575372e-02
1.330358108286604571e-02
-2.250313643374165715e-02
-9.430900596694508087e-02
-4.041821925514253733e-02
-1.312628245725137588e-01
-2.139340983406779959e-02
-1.396542576620647853e-02
-8.292876749594768615e-02
7.878842135119798473e-02
2.116357684655296306e-02
-1.915466020399212918e-02
-5.844182396243308153e-02
8.346485863429292662e-02
2.828530830163919485e-03
4.909140829280205474e-03
3.530730307258018313e-02
-7.486545495358325197e-02
4.442796328747075640e-02
-4.812801188263780838e-02
-5.177677808560905703e-02
-7.515724401189993742e-02
2.449492479422945949e-03
4.402021473497941262e-02
1.640417395681813620e-02
-6.023481367436932243e-02
3.991026882185967628e-02
2.453661619763284826e-02
5.884442212348359180e-02
-3.639292436349619853e-02
-6.398560562434840726e-02
3.921880938773446290e-02
2.122360198206911866e-02
-1.412284738829457098e-01
-5.115704015982047020e-02
-1.070423094960204630e-01
2.852528054542240871e-02
5.289768786497774100e-02
2.323827635613674725e-02
-2.486634093484169084e-02
2.557446068536601072e-02
6.773393129369489896e-02
6.684355968088422084e-02
1.278048037626601519e-02
1.643264694519927516e-02
-6.160723238974683685e-02
-4.239090409382910429e-02
5.052808321795463492e-02
-1.110297831619177777e-01
5.152307146465029408e-03
-8.363404253205970751e-02
4.398957082891568476e-02
-9.510897436483090051e-03
5.887519525083795280e-02
-6.139237799583446842e-02
4.090900171695596027e-02
5.091114311986186247e-02
2.129407188990507099e-03
-1.072071515584220591e-02
-4.853168073438211827e-02
1.278873300169119064e-02
7.015863220700584157e-02
-1.705604921758645254e-02
-3.533033030657048434e-02
-1.593741373293286467e-02
-3.025598005721959194e-02
6.733549405820268841e-02
1.621610436742575373e-03
4.815024348268151511e-03
4.244315010764932589e-02
-4.552686852706355064e-02
5.107307585720585741e-02
-9.857021463083963375e-02
-3.355148847993980749e-02
-5.536614033826839365e-03
-1.573283981569935028e-02
-7.762307421600002366e-02
-4.031006472692195280e-02
1.132354909079793213e-02
4.977156640205243621e-02
-1.960708794072807751e-02
-1.618245975839174844e-02
-8.494617766933980352e-02
6.726369224806402064e-03
9.013131486920325855e-03
8.033449871303495471e-02
-4.507553917129795973e-02
6.572708772983947012e-02
-1.735968786825393267e-02
-2.017344085932046283e-02
5.131916488308196911e-02
1.697990834111027505e-04
6.490777305872787173e-02
-6.326981566721597006e-02
3.365342192602576582e-02
8.181375020743174298e-02
2.993949311822659276e-02
3.199630655516871869e-02
-5.065346479023465770e-02
-8.956925763551509823e-02
2.675611739345993417e-02
3.301112934696689982e-02
-4.871966817595402288e-02
-7.011919386910550611e-02
-3.218209354276304474e-02
-9.440757042938247717e-03
2.056840019607629466e-02
-2.992212208472902132e-02
5.770209853023906127e-02
-3.933097346800146221e-02
2.320919971972651777e-02
-2.024353048735827443e-02
3.963635291405557398e-02
-7.078639846697943813e-03
-1.067476406489411417e-02
-5.929421559190912322e-02
-4.467206599750803836e-02
1.205373614572501084e-02
-2.388590023644332917e-03
1.957721751638969235e-02
-1.971567997531836671e-03
-8.892262691312793899e-02
-6.190977265944395957e-02
3.543783134426416181e-02
6.279779613680205874e-02
7.551718807093187047e-02
1.141696131577605092e-02
2.810862864600664757e-02
1.181022268477300019e-01
-2.708867576897045285e-02
-5.009697145611735625e-02
-1.344837169299872327e-02
4.515348914584296075e-02
-9.581151360161842614e-03
-4.004389102044503268e-02
3.564194191086984820e-02
5.092788650709065973e-02
1.101136245175526190e-02
4.134861993175358019e-02
-6.408858391687004274e-02
3.153051179892630423e-02
9.773758647475624950e-02
5.914153417596503502e-03
1.643784717913792173e-02
2.310557532075174086e-02
7.110285586967743376e-02
1.527557920269383661e-02
-6.216704855705177529e-02
3.371879682297401065e-02
3.219959748958812346e-02
-2.098100562307689612e-02
-5.263983600961740644e-02
-3.485014214457029646e-03
7.005519610191168756e-02
-2.114987754372772699e-02
-4.031212488349828621e-02
1.834359723529649724e-02
5.018678025310533558e-04
-2.279025506541128981e-02
3.989064933790514161e-02
4.575203477996820506e-02
