-4.892698526382446289e-01
2.629458904266357422e-01
-1.706114783883094788e-02
-4.166015237569808960e-02
1.495701819658279419e-02
-2.924406528472900391e-01
4.897361695766448975e-01
1.221774071455001831e-01
-1.784900277853012085e-01
5.350746586918830872e-02
4.270255565643310547e-01
-2.487546056509017944e-01
-1.096024587750434875e-01
-1.728211939334869385e-01
-2.367424964904785156e-01
2.051007468253374100e-03
1.921242177486419678e-01
1.782671064138412476e-01
1.594179570674896240e-01
-1.206032745540142059e-02
6.619595885276794434e-01
-8.328875899314880371e-02
-1.567944586277008057e-01
-2.517523989081382751e-02
-9.457235783338546753e-02
1.474443078041076660e-01
1.277690380811691284e-01
-1.029124185442924500e-01
2.384668737649917603e-01
-1.961509138345718384e-02
1.788841187953948975e-01
4.591744858771562576e-03
4.243066012859344482e-01
8.313747495412826538e-02
7.459958642721176147e-02
-1.480882465839385986e-01
5.403801053762435913e-02
-7.401890307664871216e-02
-2.862217836081981659e-02
1.407741941511631012e-02
-2.417363822460174561e-01
-6.658164262771606445e-01
-2.030454874038696289e-01
-3.444325029850006104e-01
2.940295636653900146e-01
-4.293861985206604004e-02
8.270792663097381592e-02
-2.881992608308792114e-02
-3.122266009449958801e-02
-3.752429783344268799e-01
-1.627600044012069702e-01
-1.342768408358097076e-02
1.342923641204833984e-01
-1.830526441335678101e-01
4.128119945526123047e-01
-1.852474808692932129e-01
-2.187894470989704132e-02
-2.831370569765567780e-02
6.115715205669403076e-02
-7.800596766173839569e-03
1.111304573714733124e-02
-6.454496085643768311e-02
-6.221115589141845703e-01
-2.057371586561203003e-01
8.826886117458343506e-02
-2.564881183207035065e-02
1.076771505177021027e-02
-1.934889703989028931e-01
3.478993847966194153e-02
1.648265570402145386e-01
4.087828099727630615e-01
-3.163566589355468750e-01
-3.786049187183380127e-01
1.658113673329353333e-02
2.139754891395568848e-01
1.234706640243530273e-01
-5.039047822356224060e-02
9.342220425605773926e-02
-1.790390014648437500e-01
-3.918613791465759277e-01
2.684543728828430176e-01
1.489248275756835938e-01
-2.468060255050659180e-01
3.772260248661041260e-02
1.316187381744384766e-01
2.150119543075561523e-01
-1.036015525460243225e-01
6.929553300142288208e-02
-1.153798922896385193e-01
-4.101955518126487732e-02
2.776041328907012939e-01
1.351074725389480591e-01
1.071157455444335938e-01
-9.573154151439666748e-02
6.002913713455200195e-01
1.572232320904731750e-02
-3.155929595232009888e-02
-3.489057123661041260e-01
5.479969382286071777e-01
9.859244525432586670e-02
1.664654612541198730e-01
3.485201597213745117e-01
-3.789384067058563232e-01
3.743412494659423828e-01
-2.895086407661437988e-01
-1.823243685066699982e-03
2.857539057731628418e-01
2.151688933372497559e-01
3.003506548702716827e-02
2.072186768054962158e-02
7.720699161291122437e-02
-2.995805740356445312e-01
-4.768443107604980469e-01
-9.852252900600433350e-02
1.550357341766357422e-01
-2.663671672344207764e-01
1.694029197096824646e-02
5.996629595756530762e-02
4.815403819084167480e-01
-2.756065428256988525e-01
-6.700750440359115601e-02
-8.249469101428985596e-05
-2.075050324201583862e-01
-2.990493550896644592e-03
2.976322770118713379e-01
-2.763677574694156647e-02
2.031519711017608643e-01
1.498640477657318115e-01
-4.213358163833618164e-01
2.841282635927200317e-02
3.074255771934986115e-03
-1.065189018845558167e-02
-2.730773985385894775e-01
1.243686974048614502e-01
-3.255025148391723633e-01
2.578249573707580566e-02
4.927675426006317139e-01
-1.138190031051635742e-01
-2.886611223220825195e-01
1.127294078469276428e-02
-2.856429815292358398e-01
-1.054508239030838013e-01
3.769638538360595703e-01
-4.103623330593109131e-02
2.218687161803245544e-02
-3.553819656372070312e-01
1.249620616436004639e-01
7.287249714136123657e-02
2.922723889350891113e-01
-1.891791075468063354e-01
3.646875321865081787e-01
-2.556047141551971436e-01
8.257968723773956299e-02
-1.086878105998039246e-01
8.863337337970733643e-02
-1.457591652870178223e-01
-2.146202139556407928e-02
2.819731235504150391e-01
4.818781912326812744e-01
3.573799133300781250e-01
2.379291057586669922e-01
2.367751300334930420e-01
2.023874223232269287e-01
3.617987036705017090e-01
4.833793938159942627e-01
1.797601394355297089e-02
-5.440633296966552734e-01
-1.876341402530670166e-01
-1.417410075664520264e-01
4.777461886405944824e-01
-1.162299066781997681e-01
9.023661911487579346e-02
-5.438697338104248047e-02
3.290821611881256104e-02
2.484633922576904297e-01
1.067444011569023132e-01
2.729558348655700684e-01
2.372325360774993896e-01
-4.367702901363372803e-01
1.799013912677764893e-01
-2.005729079246520996e-01
-4.109198153018951416e-01
8.274167776107788086e-02
2.625210024416446686e-02
3.438230603933334351e-02
3.156780600547790527e-01
2.190264761447906494e-01
-4.474820196628570557e-02
-1.751735657453536987e-01
3.869853913784027100e-01
-3.104301095008850098e-01
-1.714584380388259888e-01
6.517235189676284790e-02
2.481845021247863770e-01
8.143331110477447510e-02
4.104317724704742432e-02
1.164383739233016968e-01
-2.343527674674987793e-01
-1.471015810966491699e-01
-2.437292784452438354e-01
-5.334035158157348633e-01
1.999180912971496582e-01
1.413343250751495361e-01
2.379203215241432190e-02
2.159001827239990234e-01
1.472191363573074341e-01
-2.777345776557922363e-01
-1.476513594388961792e-01
-1.609424948692321777e-01
2.648340305313467979e-03
1.403963714838027954e-01
-2.855141460895538330e-01
2.819309532642364502e-01
5.237007141113281250e-02
-8.213963359594345093e-02
2.230238020420074463e-01
1.385887619107961655e-03
3.457243740558624268e-01
2.181992307305335999e-02
2.700415849685668945e-01
-1.978186368942260742e-01
-5.440846458077430725e-02
3.354754298925399780e-02
-2.533145248889923096e-01
6.077742949128150940e-02
4.452522844076156616e-02
-1.934379190206527710e-01
1.579769849777221680e-01
-1.020265221595764160e-01
-1.558368802070617676e-01
-1.706695556640625000e-01
-2.546988725662231445e-01
7.509988546371459961e-02
-9.954310208559036255e-02
-3.941584378480911255e-02
-2.357691824436187744e-01
4.608494043350219727e-01
5.044386163353919983e-02
-4.496380314230918884e-02
1.233501881361007690e-01
-3.987812399864196777e-01
-1.230897679924964905e-01
-2.091514170169830322e-01
2.318064868450164795e-01
-4.304447770118713379e-01
2.548250555992126465e-01
1.754518598318099976e-01
1.846505105495452881e-01
-2.412874400615692139e-01
2.608999013900756836e-01
-4.802761226892471313e-02
2.246178388595581055e-01
1.085140854120254517e-01
-2.551050186157226562e-01
-1.055161133408546448e-01
1.395610868930816650e-01
-2.273687720298767090e-01
-1.888360679149627686e-01
-2.472913563251495361e-01
-1.243868321180343628e-01
3.239860832691192627e-01
1.739145629107952118e-02
2.363098785281181335e-02
2.132338881492614746e-01
2.436742633581161499e-01
4.083001613616943359e-01
-9.250500798225402832e-02
1.849978864192962646e-01
-1.007763668894767761e-03
-3.161604702472686768e-01
-8.974627405405044556e-02
-5.352039933204650879e-01
-5.874316692352294922e-01
-2.287384867668151855e-01
3.185978531837463379e-01
-4.512758180499076843e-02
-2.579817548394203186e-03
-3.189651966094970703e-01
3.782922327518463135e-01
7.538923528045415878e-03
3.520793914794921875e-01
-8.094787597656250000e-02
-1.584400534629821777e-01
-3.005303442478179932e-04
1.104793399572372437e-01
-2.781901657581329346e-01
2.118659615516662598e-01
-3.116681054234504700e-02
-7.034096866846084595e-02
-1.639621108770370483e-01
1.227114051580429077e-01
1.541340500116348267e-01
6.364315152168273926e-01
-4.132423549890518188e-02
6.124872341752052307e-02
-5.693572387099266052e-02
-3.670814633369445801e-01
-5.401998758316040039e-01
-5.415942668914794922e-01
-1.039863377809524536e-01
-2.346561104059219360e-01
-3.275809809565544128e-02
-2.277104184031486511e-02
-4.177478700876235962e-02
-3.661098182201385498e-01
-1.225790753960609436e-02
3.058739900588989258e-01
-8.868066966533660889e-02
3.885212838649749756e-01
-3.576576709747314453e-01
-2.735575139522552490e-01
-2.456691414117813110e-01
2.031136751174926758e-01
2.291944921016693115e-01
-1.735922507941722870e-02
1.094497144222259521e-01
-3.550882041454315186e-01
3.608520030975341797e-01
1.315308958292007446e-01
2.150212675333023071e-01
1.845052093267440796e-01
-8.607936650514602661e-02
6.950400769710540771e-02
1.892790049314498901e-01
3.801010549068450928e-01
-1.934601664543151855e-01
-8.244229108095169067e-02
-2.970449030399322510e-01
1.370035670697689056e-02
-1.577749252319335938e-01
1.918596029281616211e-01
1.890855431556701660e-01
-2.704364955425262451e-01
-1.716235727071762085e-01
-1.110832020640373230e-02
1.857937872409820557e-01
1.308158934116363525e-01
4.629037082195281982e-01
-3.029152750968933105e-01
4.404957294464111328e-01
1.538105309009552002e-01
2.443848550319671631e-01
-3.050539791584014893e-01
4.417850077152252197e-02
-7.344747334718704224e-02
-1.137197986245155334e-01
1.371420025825500488e-01
2.383000999689102173e-01
-1.155461519956588745e-01
-4.820680320262908936e-01
-2.158660590648651123e-01
3.804848492145538330e-01
-6.989256292581558228e-02
-2.429977953433990479e-01
-3.215280473232269287e-01
1.945838630199432373e-01
5.044177919626235962e-02
-2.488715574145317078e-03
-3.497029840946197510e-01
-6.892336905002593994e-02
1.166593953967094421e-01
-2.411024570465087891e-01
-4.287443161010742188e-01
1.242018342018127441e-01
-5.866722762584686279e-02
-8.540972322225570679e-02
2.387457527220249176e-02
1.488653477281332016e-03
-6.604905426502227783e-02
2.158621251583099365e-01
-1.949923783540725708e-01
1.550541222095489502e-01
1.478148996829986572e-02
2.060722000896930695e-02
1.357943713665008545e-01
9.332622587680816650e-02
2.743958234786987305e-01
5.364179611206054688e-02
-5.793972015380859375e-01
2.339849621057510376e-01
-4.170174896717071533e-02
-8.945435285568237305e-02
3.094325661659240723e-01
7.436546683311462402e-02
