5.018815811558753615e-02
-1.597403646022046986e-01
-2.296574085389189723e-01
1.839579903396604266e-01
3.548017724804544692e-01
1.856095004926043290e-01
4.085549339575527371e-03
-4.605723842500873688e-02
-4.503344867072129887e-01
-1.918067220387887142e-02
-2.284356737732290143e-01
2.219981547799101118e-01
-3.689807309050244233e-01
-3.991598238397878196e-01
-2.034359178041319216e-01
-2.767304649471180600e-02
2.701202399027365919e-01
-7.039207951337843328e-02
-3.264556318202195551e-02
4.074100390379595260e-02
