-6.358542719888584521e-03
7.672112670693395815e-04
-4.627714524047114031e-01
2.762871044861300168e-02
2.925023596578015250e-01
6.945773963372280091e-02
-4.686850576753417812e-03
1.444251483497219213e-01
-9.004963885764155976e-03
-2.393583750247835762e-01
-2.913080105970983769e-01
2.578939365118755322e-01
-3.259920682692550864e-01
-1.277981894346510439e-01
-2.885329174326660140e-01
2.574728148995583665e-01
3.039166418411284876e-01
-1.520383611433691884e-01
-1.275090608588774418e-02
2.779247815027035551e-01
