-1.061585680261676601e-01
8.103642834477457757e-02
-4.055242901627936769e-02
-2.377434367345486466e-02
7.223830655787833420e-04
8.161486047033832472e-03
7.783150379102472816e-02
7.007579639044701769e-02
3.590280361355854127e-02
3.481369915030903955e-02
1.107589939818319907e-01
-3.272861218708316561e-02
-4.071107482958574719e-02
1.222972133414468657e-02
-9.939182680549638049e-02
-5.021522686159209797e-02
-1.371058869811598094e-02
-9.550175330823482481e-03
-4.339145802415482565e-04
4.818229219369334765e-02
5.414786250815556423e-02
-5.729177915992385295e-02
-3.027212448903356806e-02
-3.657993212168044427e-03
2.426340586285155240e-02
5.544186232165478762e-02
-2.961460377487592360e-03
2.713256512481289004e-02
1.792856057050472990e-02
2.274324725339654796e-02
-4.522544215256661324e-03
1.649687575918440050e-02
9.690649227727655968e-02
3.790619804612100491e-02
4.155043884491915751e-02
-7.630327406296333326e-02
1.296596410175020718e-02
8.169207524899729095e-03
2.529555855052508656e-02
6.278305593357878106e-03
-3.118153711692439253e-02
-1.087092060426095019e-01
-4.754849930483080744e-02
-3.889306050526947223e-02
8.700858600831416767e-02
3.353193676272741425e-02
-4.191098382238175879e-03
2.286010365281911441e-02
2.858577671420370423e-03
-4.781646808177278385e-02
-6.123622032325489600e-02
4.664841532694920245e-02
-1.226165396421167661e-02
-7.542711550146756483e-02
2.985945439420056510e-02
-6.741040569534058335e-02
1.084241812614774453e-01
3.978105469964699978e-03
9.230360561472002526e-03
-3.521002721322038197e-03
7.689842136644910175e-02
-6.404360041689534377e-02
-1.381869996560549374e-01
-3.375466379074279488e-02
-3.618143202584963442e-02
-3.057352655997708918e-02
2.426687803045734365e-03
-3.500571508723107541e-03
-1.662718451264388192e-02
4.168319949079839215e-02
5.975078779709405014e-02
-1.117198184893641727e-01
-5.812424731964415531e-02
-6.962011754637466299e-02
3.605718322219928634e-02
-2.643273347381815391e-03
-1.583186053982643324e-02
7.433213766140911276e-03
-4.161476980301422740e-02
-9.166511901927804074e-02
-2.532942962999162884e-02
1.002178633384859241e-02
-6.442617790278522272e-02
-1.552397909709304479e-03
1.702361981830336282e-02
9.448277678779477828e-02
6.051314564294978798e-02
-1.270327519380557400e-02
3.638097405316493421e-02
5.563224905025238205e-03
5.093740834202230283e-02
-1.436285084491803823e-02
3.944891289057467915e-02
-4.120482044201068811e-02
9.294483351109385227e-02
5.520880179377093272e-02
-5.276175145755743895e-02
-5.433262560333027708e-02
8.116840450260577600e-02
2.067858195375778252e-02
5.977821843535737617e-02
6.109514762985564229e-02
-1.058375214342913290e-01
5.621358701356703180e-02
-8.752060696028471365e-02
2.720004248230279906e-03
3.338103887070428127e-02
5.598727249526463945e-02
-1.055824467614644574e-02
-3.435824948252037131e-02
-1.629130903994975912e-02
-3.016080357830938641e-02
-5.175620231681570677e-02
-2.406323360075610096e-02
1.118155642272698064e-02
-3.941986332753810024e-02
3.275841391843544587e-02
-9.860100996625820180e-03
8.752092428129290558e-02
6.048437520487411068e-02
5.326784486044044628e-04
-3.157079891108859754e-02
-4.418078907388072601e-02
5.293428226859014409e-03
3.236680453644215361e-02
-6.911022382042195100e-02
8.651576297733895582e-02
3.816315754697336554e-02
-4.832577417622884591e-02
-3.269336017359950747e-02
2.636577947562994059e-02
-4.672296960400712344e-03
-5.050189113459979673e-02
1.338860189584503181e-02
-8.912098608350403628e-02
-3.382813241861067077e-02
1.084533512889708368e-01
-1.030479260078968201e-02
-3.102278259179113221e-02
-2.977070440926246619e-02
-7.642410872761816465e-02
1.450821031008530694e-02
4.418816678732108427e-02
-2.151114119636006114e-02
-3.818786451324975018e-02
-2.839109256301721937e-02
-1.413899556442910384e-02
1.858730429271476456e-02
5.018517538685373508e-02
-5.069284786574913132e-02
8.098071500257777999e-02
-1.022641225505710599e-01
4.866023933333102347e-02
1.412553292684099598e-02
6.089904324679570879e-02
-4.705459797005925870e-02
-5.827750161396882955e-02
9.441856041784155162e-02
1.220859436585372965e-01
3.734300908158019738e-02
1.366415846448741991e-02
3.782496974433995074e-02
2.490236256349085200e-02
4.136182676344143244e-02
5.481309074393106440e-02
-4.222969310998017298e-03
-8.805539863275022028e-02
-4.143923252233682603e-02
-1.715546375904782733e-02
7.334572474035558343e-02
-5.113632747995116440e-02
2.433974213242305271e-02
-1.822318284305572342e-02
4.375604902810666108e-02
3.415522280042997127e-02
6.478510909725015976e-02
5.777932526005920277e-02
3.006822517417065410e-02
-1.303720296190407080e-01
5.416091968001098683e-02
-2.987025799926635791e-02
-9.713510443473082068e-02
3.720207154342517614e-02
1.166674391694267308e-02
2.439725950331453688e-02
6.199301917515238208e-02
4.966018540775225809e-02
-9.444790967294142137e-03
-1.132581554791678435e-01
3.678192971411234358e-02
-6.536080579819703029e-02
3.768519865470575797e-02
8.012078535394057816e-03
9.407571857375472690e-02
8.408405863766031663e-03
-5.645515644552228512e-02
3.553033045125344319e-02
-5.286230108294814184e-02
-4.121004154785836565e-02
-4.513376282461774996e-02
-8.139014724786428068e-02
6.717623454392807059e-02
4.900636016116912547e-02
-2.032960560411567301e-03
7.048326007021975259e-02
4.721470992394976446e-02
-1.084180111307626870e-01
-4.508101114516404467e-02
-8.653911545301558317e-02
1.506710075022816425e-02
4.768842611681160110e-02
-3.469078133199859221e-02
8.179280410199447904e-02
-1.604805751283535850e-02
2.234736725950139599e-02
5.318817212941190364e-02
-3.827427278667371729e-02
2.205908846895666964e-02
1.537033770051995409e-02
5.373767368731713345e-03
-5.050236123979710834e-02
1.603809422080976384e-03
3.493153689433099729e-02
-4.443868878512770987e-02
-6.288021933247008033e-02
5.038164410144159444e-02
-3.799468653504309984e-02
-3.490647147284166307e-02
-3.460209598652512486e-02
-4.089505931302740704e-02
-7.917518197125021640e-02
-4.415618494311625286e-02
6.071771779587636225e-02
1.969756348984344138e-02
9.356680766148015721e-03
4.229770778301982642e-03
1.911557472464626289e-02
4.190872364473779282e-02
1.238847071750235306e-02
2.311725707206536279e-02
-3.567669770443746002e-02
-8.720513699131154928e-02
-1.552283248113521877e-02
6.762673635451499354e-02
-1.623570294050110871e-02
-1.962371583966022667e-02
3.002366507778016225e-02
4.063989502639729634e-02
-2.371400860953697294e-03
1.552022339729012060e-02
-9.978215515082700104e-02
1.239284857215234778e-02
-1.418521865795509609e-02
-2.102536974334457895e-02
-2.367561276754627519e-02
-2.546956798931121826e-02
-5.423607774843171303e-02
7.741155294194830561e-02
-6.292225261342500320e-02
-4.368021224530730523e-02
9.095979668648654370e-02
-4.132928373115730275e-02
9.633462730095749237e-04
6.242950744362310220e-03
1.073252398469741187e-01
8.909018831676493444e-02
2.457576873028621822e-02
-1.230730999334340818e-02
-4.306032271765534991e-02
-4.815826981811055507e-02
-5.587236703241093422e-02
-1.168283929054361736e-01
-8.847995651276031881e-02
-1.031333088643591328e-02
6.978597065998737303e-02
-2.849087532930480449e-02
4.119013259275207395e-02
-7.226756785188855059e-02
-1.180651206841937684e-03
2.435954090662371951e-02
7.852261719422738706e-02
3.189196009110676494e-02
-6.371198233439440139e-02
4.231988646478190841e-02
6.107557362470244361e-02
-3.632100919708992903e-02
3.073556006886162331e-02
1.429593283915899481e-02
-6.122524924321255668e-02
-4.311359151282610075e-02
1.794674482716836911e-02
7.213728994908265302e-02
1.009474284086714496e-01
-4.732557248210656625e-02
2.461492849322255427e-02
3.551514605338017272e-02
-7.892001474646262449e-02
-1.021536948397217814e-01
-8.554545997376591937e-02
-2.425439453385052138e-02
-4.612023230520283235e-03
2.327723680886912769e-02
4.613871551939038862e-02
2.497635418339074626e-02
4.506121677819959620e-02
-3.391097670700750355e-02
7.316522784984651195e-02
2.462333015454581595e-02
5.580407837618596434e-02
-9.407662940257452422e-02
3.845806849349708411e-03
4.947551266092015294e-03
5.451960994556229873e-02
5.650911276954410922e-02
-2.398122962539947153e-02
4.980916174478136615e-02
-2.060282890844669992e-02
2.974369686567672130e-02
-2.844536326988974725e-02
4.937350350579965824e-02
5.193040567399572621e-02
-6.282772621087488740e-02
3.608415844605271372e-02
5.502171755418448079e-02
1.813456948244059411e-02
-1.065267074061850006e-01
-1.088487920283222471e-01
-4.266731183454255949e-02
4.241790046026459177e-03
3.797593521398519995e-02
6.984754268820569933e-02
1.188559331161957375e-02
-2.859437486480865750e-02
2.718488195695907897e-02
-4.112771327336952774e-04
1.211753991054760621e-04
1.164736089202588094e-02
3.425621902575812228e-02
-2.681808825306904870e-02
3.777013197307315523e-02
4.030284429070988411e-02
2.864270167909263587e-02
2.787619809302807616e-02
-3.300734931120113264e-02
-1.038660706498864203e-02
-8.149177370797257985e-03
-2.918449498084064314e-02
-4.950946380517811524e-02
-1.015932736195301715e-02
1.159405904258344229e-02
-1.575391269087538654e-02
1.008880306169907121e-01
4.876867203524919842e-02
-6.941239128138985623e-03
-7.833164283413315832e-02
2.925920351116644003e-02
-1.851159385068719063e-02
2.680091472257963708e-02
-4.267516846765268684e-02
-6.614663952234367539e-02
4.386907480471048150e-03
-3.565938901870381594e-02
-1.031126741843544914e-01
4.153467269186421340e-02
2.920088108512455469e-02
-3.460365394453060028e-03
1.038899982698903834e-03
-6.076977607016402494e-02
-1.032245533450004867e-02
-3.260351131776268591e-02
1.047411420931133874e-02
4.468901392638296305e-02
3.661821264098992501e-02
-7.714175369289429096e-02
1.027700644547088413e-02
2.072845423887793165e-02
1.912276586508643988e-02
1.247188207029344305e-02
-5.616389101789587279e-02
-1.287175667292187430e-03
-9.461785270177078960e-03
1.828309187413854758e-02
5.590988730347163510e-02
7.287266375661251294e-02
