2.872070669408440247e-01
1.115218426612149677e-01
-3.341293248039411967e-01
-3.321269943010768388e-01
6.266038912603127953e-02
2.658090904667441412e-02
9.595070268108750466e-02
-4.742161006300304842e-03
9.296442680695085614e-02
-7.756417006606408648e-02
-6.251461508697177261e-02
1.371560414135628847e-01
-2.683866196975824847e-01
-5.949564475172892664e-01
-1.041377148014235449e-01
7.736425729135920637e-02
1.703714875108414406e-01
-3.953654484188309781e-01
1.652499890651653452e-02
5.861821939017008293e-02
