-1.839547433717962921e-01
-2.566199721525569410e-02
-2.911802411359315501e-01
-4.036892268351167934e-02
2.161037859420420482e-01
4.409249552682081852e-02
-9.042466638614476970e-02
-1.864536436081724868e-01
-2.651387458067423486e-01
1.893217034162714696e-01
-3.328193995784420878e-01
4.476719141816665748e-01
-3.154129398579849086e-01
-3.726752818578619175e-01
4.036932686221151451e-02
1.573324422816822499e-01
2.615678996876585893e-01
-1.602634599493691636e-01
-9.398928505163986480e-02
-4.988287734503926013e-02
