-8.352779231000807825e-02
-9.089770241134496886e-02
-9.572306785767924209e-02
-1.256310285240919145e-01
2.141188554237088149e-01
-3.271409612442421899e-02
8.295360906254861666e-02
9.502568933115624131e-03
-3.561292696424824267e-01
4.550437238752570029e-02
-2.433559905635693799e-01
3.975322921164951007e-01
-2.433241941686661858e-01
-4.874210925373821390e-01
8.917759585298711336e-03
3.304415488443694648e-02
4.430489854320325827e-01
-2.507706200331673019e-01
4.467025956218073635e-02
-2.533821527337068794e-02
