-5.228148236968184481e-02
-1.265290609518024967e-01
-1.196968607566272352e-01
-1.409203528101065084e-01
2.355956102542766106e-01
2.980237941003602634e-02
5.389936427755396414e-02
-1.206833512376576621e-02
-3.781288976416329883e-01
9.797884911099496996e-02
-2.695818439296545632e-01
3.862324997063403265e-01
-1.829414899999718125e-01
-5.502161978329731529e-01
-1.822136217447223663e-02
1.623583628788771325e-03
3.899446148705325021e-01
-1.548968270383347112e-01
-6.090010685657252197e-04
-2.460404809043661295e-02
