-1.068796900368538250e-01
-1.373870597140629535e-01
-1.016963937032303589e-01
-1.357221662881867574e-01
2.423959489061323913e-01
6.523675274359505213e-03
8.000699599963063957e-02
5.868424217435205814e-02
-3.324328077525288139e-01
9.840217097898346088e-02
-2.616345996839571919e-01
4.060853758706612915e-01
-2.174207404926760123e-01
-5.173287204834390307e-01
7.526199677134843766e-03
8.858246829173423154e-02
4.054807467585571645e-01
-1.739643909861397220e-01
2.750047176670499666e-02
-2.245425232313166125e-02
