-1.738000810146331787e-01
3.338618874549865723e-01
-6.183809041976928711e-02
-8.989463746547698975e-02
-3.935223817825317383e-01
-1.329765170812606812e-01
5.943715572357177734e-02
1.336508244276046753e-01
8.434142917394638062e-03
1.709797680377960205e-01
3.786670267581939697e-01
-2.694043219089508057e-01
-1.430790573358535767e-01
2.805740758776664734e-02
-3.018750622868537903e-02
-2.418118119239807129e-01
8.563321828842163086e-02
2.799094319343566895e-01
4.047542437911033630e-02
2.724255919456481934e-01
1.472667902708053589e-01
1.131034269928932190e-01
-3.873356431722640991e-02
-8.867550641298294067e-03
6.500563025474548340e-02
1.217210590839385986e-01
-1.577685028314590454e-01
-1.790444254875183105e-01
1.137859076261520386e-01
1.855824291706085205e-01
1.814675927162170410e-01
2.003373205661773682e-01
4.222757220268249512e-01
9.657245129346847534e-02
-8.445447683334350586e-02
2.345679104328155518e-01
-2.747597396373748779e-01
6.864013522863388062e-02
-1.344825327396392822e-01
1.805555224418640137e-01
-1.927264928817749023e-01
-8.244700729846954346e-02
-1.583491414785385132e-01
2.868505008518695831e-02
-1.154278777539730072e-02
-4.611238837242126465e-01
-3.506366610527038574e-01
1.442449986934661865e-01
1.943750083446502686e-01
1.211580559611320496e-01
-6.587682962417602539e-01
-3.336095213890075684e-01
-1.151077374815940857e-01
-1.119235679507255554e-01
2.967065274715423584e-01
-4.427634477615356445e-01
1.375328600406646729e-01
4.118713140487670898e-01
-1.647602319717407227e-01
-7.631075382232666016e-02
-1.922882720828056335e-02
1.955983638763427734e-01
-7.007251977920532227e-01
-5.498131364583969116e-02
1.760894954204559326e-01
7.478113472461700439e-02
-8.165031671524047852e-02
3.111451305449008942e-02
3.521133586764335632e-02
-9.554821997880935669e-02
4.638471901416778564e-01
-3.580275177955627441e-02
9.928571432828903198e-02
4.015644267201423645e-02
-2.372061833739280701e-02
5.148670449852943420e-02
-1.170747578144073486e-01
1.436527073383331299e-01
-2.203241735696792603e-01
-2.727890312671661377e-01
1.848885715007781982e-01
4.394752532243728638e-02
-2.369211316108703613e-01
-6.266461312770843506e-02
4.533881321549415588e-02
2.001447677612304688e-01
-2.047606185078620911e-02
2.195435166358947754e-01
4.587892293930053711e-01
-2.948257923126220703e-01
2.088510096073150635e-01
1.774526834487915039e-01
-3.856645897030830383e-02
-1.353581994771957397e-01
4.893536865711212158e-01
2.171171456575393677e-01
-2.915819287300109863e-01
-2.949624061584472656e-01
-5.529063940048217773e-02
5.713365972042083740e-03
-2.055327296257019043e-01
-7.478940486907958984e-02
-1.361846774816513062e-01
4.893583059310913086e-01
-1.439430415630340576e-01
-1.901403665542602539e-01
2.859600782394409180e-01
-2.738963365554809570e-01
-3.258261680603027344e-01
2.621486186981201172e-01
-2.446017712354660034e-01
-1.633521318435668945e-01
-5.542188882827758789e-01
1.402501761913299561e-02
3.413546383380889893e-01
3.130179643630981445e-01
2.905724048614501953e-01
7.629790157079696655e-02
-1.732055097818374634e-02
-2.106090262532234192e-02
1.738557778298854828e-02
3.138495981693267822e-02
-9.687622636556625366e-02
-2.179660275578498840e-02
7.786324247717857361e-03
-3.185346424579620361e-01
1.277742385864257812e-01
2.493963688611984253e-01
-3.685660660266876221e-01
-1.938959956169128418e-01
1.629434525966644287e-02
3.365826606750488281e-01
3.413910418748855591e-02
4.264451935887336731e-02
-1.469939500093460083e-01
-2.443054504692554474e-02
2.751435041427612305e-01
-3.643565773963928223e-01
-2.241579592227935791e-01
-5.872236564755439758e-02
-3.233651444315910339e-02
6.683246232569217682e-03
8.132973313331604004e-02
4.050435125827789307e-02
2.483481466770172119e-01
-1.958301365375518799e-01
8.868598937988281250e-02
2.426999211311340332e-01
2.666429281234741211e-01
3.757560253143310547e-02
1.009822860360145569e-01
-2.325091660022735596e-01
-1.365197896957397461e-01
2.522301673889160156e-01
3.086590170860290527e-01
-1.938025653362274170e-01
1.142738386988639832e-03
1.585031151771545410e-01
2.161465734243392944e-01
-3.167200088500976562e-01
-1.532656848430633545e-01
-6.792876124382019043e-02
5.117023587226867676e-01
3.709663152694702148e-01
3.221439719200134277e-01
2.053648978471755981e-02
-3.137928843498229980e-01
8.553010225296020508e-02
9.801395237445831299e-03
1.448287516832351685e-01
1.695431768894195557e-01
1.229566708207130432e-01
1.446342617273330688e-01
1.243752241134643555e-01
1.457907855510711670e-01
-1.275110244750976562e-01
1.693052798509597778e-01
1.409499794244766235e-01
7.063482701778411865e-02
1.095509529113769531e-01
-2.584890723228454590e-01
-1.041755676269531250e-01
5.213486030697822571e-02
6.401413679122924805e-02
-8.476884663105010986e-02
3.690684437751770020e-01
-1.800681352615356445e-01
6.344604492187500000e-02
-1.461819857358932495e-01
7.259617559611797333e-04
-1.647780239582061768e-01
-2.409653551876544952e-02
-1.473553180694580078e-01
-2.459613680839538574e-01
-2.741652727127075195e-01
-1.889897137880325317e-02
4.731012582778930664e-01
-1.419654488563537598e-01
-3.005863130092620850e-01
1.920884698629379272e-01
-3.772118985652923584e-01
2.646619975566864014e-01
2.176017314195632935e-01
-9.849862009286880493e-02
4.571909606456756592e-01
-8.630470931529998779e-02
8.867209404706954956e-02
4.680151119828224182e-03
7.527696341276168823e-02
2.722997069358825684e-01
-7.078915834426879883e-03
-2.161806523799896240e-01
-1.741286665201187134e-01
9.077401459217071533e-02
9.363037347793579102e-02
3.008247017860412598e-01
1.929405778646469116e-01
4.466933608055114746e-01
-1.708402931690216064e-01
2.064795643091201782e-01
-1.314210891723632812e-01
-4.251151084899902344e-01
2.305132448673248291e-01
-1.827087700366973877e-01
1.844425126910209656e-02
2.036124765872955322e-01
-2.207766771316528320e-01
3.149894997477531433e-02
-6.334903836250305176e-02
-5.781092494726181030e-02
-2.613388001918792725e-01
-3.127420693635940552e-02
1.977827996015548706e-01
-1.969040632247924805e-01
2.789960242807865143e-02
-5.103673934936523438e-01
3.933660984039306641e-01
7.007268071174621582e-02
-1.987564563751220703e-01
1.485075056552886963e-01
-2.486212253570556641e-01
1.122575998306274414e-01
-5.005928128957748413e-02
-2.363238483667373657e-02
-2.160463780164718628e-01
5.032891407608985901e-02
8.263102173805236816e-02
9.307774156332015991e-02
-3.614305257797241211e-01
1.370291784405708313e-02
9.425785392522811890e-03
1.651548594236373901e-01
-1.063056290149688721e-01
1.397995352745056152e-01
1.924186646938323975e-01
-1.474902927875518799e-01
-4.137556254863739014e-01
-3.548645079135894775e-01
-1.762437522411346436e-01
3.314290642738342285e-01
6.093753576278686523e-01
2.394498586654663086e-01
-3.100193142890930176e-01
1.299034655094146729e-01
2.855589985847473145e-01
2.393039315938949585e-01
-2.277316749095916748e-01
7.798907160758972168e-02
-2.935835719108581543e-01
-1.724683642387390137e-01
5.601755529642105103e-02
-4.039185345172882080e-01
4.129791259765625000e-02
-4.024959206581115723e-01
1.472544223070144653e-01
-1.354956626892089844e-01
1.959019750356674194e-01
-4.022803604602813721e-01
3.551502525806427002e-01
-5.860930681228637695e-02
-1.550311148166656494e-01
-4.813044071197509766e-01
-2.280923277139663696e-01
1.594918370246887207e-01
6.337402760982513428e-02
-9.446574747562408447e-02
-1.960256844758987427e-01
-1.947923153638839722e-01
-5.856905505061149597e-02
2.089672088623046875e-01
7.848197221755981445e-02
3.603623509407043457e-01
-7.196176052093505859e-02
5.404976196587085724e-03
-1.091554760932922363e-03
-2.419036030769348145e-01
-7.606066763401031494e-02
-8.301927894353866577e-02
-2.055947780609130859e-01
-2.444263100624084473e-01
-7.673692703247070312e-02
7.515453547239303589e-02
1.716260910034179688e-01
3.844720870256423950e-02
1.439353972673416138e-01
-3.848708271980285645e-01
-2.535437941551208496e-01
-2.735037356615066528e-02
1.814007461071014404e-01
1.562192738056182861e-01
2.236626744270324707e-01
-3.045181930065155029e-01
5.097096785902976990e-03
2.564925849437713623e-01
6.815229356288909912e-02
3.095546960830688477e-01
-1.659850329160690308e-01
2.931371331214904785e-02
1.670873165130615234e-01
2.019283771514892578e-01
1.193394884467124939e-03
-9.108103811740875244e-02
-2.095303982496261597e-01
1.487705111503601074e-01
1.627157926559448242e-01
-1.181548982858657837e-01
-3.144930303096771240e-01
-4.037487506866455078e-01
-1.182505488395690918e-01
1.812798529863357544e-01
-3.874581456184387207e-01
1.203304380178451538e-01
-1.429671607911586761e-02
-3.841749578714370728e-02
1.052638143301010132e-01
2.854389548301696777e-01
2.987575531005859375e-01
1.548663079738616943e-01
-2.355687469244003296e-01
-1.689347326755523682e-01
3.446625173091888428e-01
-6.491634249687194824e-02
1.203332003206014633e-02
-3.164443075656890869e-01
-3.894542455673217773e-01
-9.414807707071304321e-02
2.157321572303771973e-01
3.385833799839019775e-01
-1.590082421898841858e-03
1.564206928014755249e-01
-9.938384592533111572e-02
2.489423155784606934e-01
-1.697854548692703247e-01
-4.745135605335235596e-01
-2.221419513225555420e-01
8.143202215433120728e-02
-3.698395192623138428e-02
-1.737270951271057129e-01
2.616923302412033081e-02
2.534207403659820557e-01
1.203228905797004700e-02
2.467614710330963135e-01
-4.174190759658813477e-02
4.463165402412414551e-01
1.719350367784500122e-01
-2.102276775985956192e-03
1.097019165754318237e-01
-2.076293677091598511e-01
1.210523843765258789e-01
2.146124839782714844e-02
-1.156131327152252197e-01
2.067333161830902100e-01
1.879719644784927368e-01
-2.068499475717544556e-01
1.214172318577766418e-01
2.935210615396499634e-02
3.698961138725280762e-01
2.868490517139434814e-01
-4.279122352600097656e-01
1.112803220748901367e-01
-1.906537860631942749e-01
-2.319998294115066528e-01
-1.945576220750808716e-01
2.127819657325744629e-01
