-3.976930379867553711e-01
2.276459634304046631e-01
8.936497569084167480e-02
-2.193354666233062744e-01
-3.155920207500457764e-01
-1.878670901060104370e-01
-1.658917367458343506e-01
5.590329319238662720e-02
1.137035805732011795e-02
3.139082789421081543e-01
1.932498663663864136e-01
-1.787689030170440674e-01
1.580210179090499878e-01
4.499445855617523193e-02
1.116616129875183105e-01
-3.221423029899597168e-01
8.094991743564605713e-02
2.613721489906311035e-01
3.238637372851371765e-02
4.236083477735519409e-02
2.818443477153778076e-01
1.486604511737823486e-01
-1.480241566896438599e-01
-7.764174044132232666e-02
8.622894436120986938e-02
9.494096785783767700e-02
-1.135988831520080566e-01
-2.125109434127807617e-01
1.532532125711441040e-01
1.645164489746093750e-01
2.807776331901550293e-01
8.684710413217544556e-02
4.101214110851287842e-01
-5.502761527895927429e-02
2.666653692722320557e-02
2.511523067951202393e-01
5.824188701808452606e-04
-7.035551220178604126e-02
-1.477684080600738525e-01
-1.303963363170623779e-01
-2.159565091133117676e-01
2.401898242533206940e-02
-1.140620931982994080e-01
4.703214764595031738e-02
2.469663172960281372e-01
-4.586916565895080566e-01
-3.329192698001861572e-01
-1.750404089689254761e-01
1.057981401681900024e-01
8.924545347690582275e-02
-5.179504156112670898e-01
-1.207558885216712952e-01
-2.249273061752319336e-01
-6.127660721540451050e-02
-4.055885225534439087e-02
-2.530377507209777832e-01
-6.845438480377197266e-02
3.677203357219696045e-01
-1.143433302640914917e-01
-8.049963414669036865e-02
-2.012171000242233276e-01
7.848440110683441162e-02
-3.780752420425415039e-01
3.980307281017303467e-02
1.897370368242263794e-01
1.866120547056198120e-01
-1.171775758266448975e-01
-9.919922053813934326e-02
8.406787365674972534e-02
-7.813031971454620361e-02
1.326741278171539307e-01
-1.680007278919219971e-01
2.739063501358032227e-01
-1.163340359926223755e-02
1.957469731569290161e-01
2.813225090503692627e-01
-1.550487056374549866e-02
1.496601104736328125e-01
3.117347508668899536e-02
-1.486919075250625610e-01
1.040683612227439880e-01
1.928778588771820068e-01
-1.146317273378372192e-01
3.053115122020244598e-02
2.485719621181488037e-01
2.730449438095092773e-01
-3.446048125624656677e-02
8.815353363752365112e-02
2.214909046888351440e-01
-3.515195250511169434e-01
3.493025302886962891e-01
-5.044938623905181885e-02
-4.606635123491287231e-02
-2.161096334457397461e-01
5.382670164108276367e-01
1.637493446469306946e-02
-3.859356641769409180e-01
-2.740755379199981689e-01
-1.185163781046867371e-01
1.721500307321548462e-01
-3.064695596694946289e-01
-1.947906762361526489e-01
-1.076575070619583130e-01
5.600833296775817871e-01
-4.335125386714935303e-01
-1.847438812255859375e-01
1.391394436359405518e-01
-1.646636128425598145e-01
-1.264729201793670654e-01
1.346692740917205811e-01
-2.130471169948577881e-02
-1.280968934297561646e-01
-5.054670572280883789e-01
1.422755233943462372e-02
3.197312057018280029e-01
2.391331493854522705e-01
3.251015543937683105e-01
-4.299211502075195312e-02
7.025823742151260376e-02
2.831912338733673096e-01
-3.561402112245559692e-02
-1.162636131048202515e-01
-1.399786025285720825e-02
-9.565944224596023560e-02
-4.460908845067024231e-02
-3.055264949798583984e-01
1.306813657283782959e-01
3.276540338993072510e-02
-3.405880331993103027e-01
7.629722356796264648e-02
-6.544742733240127563e-02
1.790777444839477539e-01
-3.596915304660797119e-02
-2.256436459720134735e-02
-3.698893636465072632e-02
1.030458658933639526e-01
1.260702908039093018e-01
-4.447975158691406250e-01
-2.495267540216445923e-01
-1.311683058738708496e-01
5.261831358075141907e-02
1.600913405418395996e-01
2.855369448661804199e-01
-1.343491226434707642e-01
4.148952364921569824e-01
-1.174756363034248352e-01
2.004419416189193726e-01
1.531191468238830566e-01
2.008169889450073242e-01
-1.582792103290557861e-01
7.669490575790405273e-02
-3.243729472160339355e-01
8.696670830249786377e-02
3.865160942077636719e-01
2.533315718173980713e-01
-1.080178320407867432e-01
8.203446865081787109e-02
1.600278541445732117e-02
5.934221670031547546e-02
-2.465403527021408081e-01
-7.349339127540588379e-02
4.558888822793960571e-02
2.579823732376098633e-01
2.340990602970123291e-01
1.985727064311504364e-02
-1.358819752931594849e-02
-1.909135133028030396e-01
-1.183234676718711853e-01
-4.989844560623168945e-02
3.015514910221099854e-01
-7.091909646987915039e-02
1.584851294755935669e-01
2.328547239303588867e-01
1.910877823829650879e-01
4.066236019134521484e-01
-9.672420471906661987e-02
4.659368693828582764e-01
1.535991877317428589e-01
-3.039382696151733398e-01
1.832026541233062744e-01
-5.490399003028869629e-01
-1.689696907997131348e-01
2.702404856681823730e-01
-7.704532146453857422e-02
-7.107631117105484009e-02
3.453551828861236572e-01
-3.762359917163848877e-02
8.644747734069824219e-02
-7.838904857635498047e-04
1.103227660059928894e-01
-6.081592291593551636e-03
-1.969472691416740417e-02
6.806287169456481934e-02
-1.244220286607742310e-01
-2.371274530887603760e-01
-2.072933465242385864e-01
3.112342357635498047e-01
-2.188210189342498779e-01
-2.876176536083221436e-01
1.822226941585540771e-01
-4.195162355899810791e-01
2.170487791299819946e-01
5.623686313629150391e-02
-3.805764764547348022e-02
4.660868048667907715e-01
5.025568604469299316e-02
1.307611465454101562e-01
-7.959497161209583282e-03
1.616447716951370239e-01
2.585444040596485138e-02
-2.595713920891284943e-02
-1.960132867097854614e-01
1.639656573534011841e-01
2.001813650131225586e-01
7.089939713478088379e-02
3.405544757843017578e-01
1.123435199260711670e-01
3.818423151969909668e-01
-2.324155867099761963e-01
1.586138457059860229e-01
-1.713227033615112305e-01
-2.970170974731445312e-01
-1.843430399894714355e-01
-3.431988507509231567e-02
7.257626950740814209e-02
1.025854200124740601e-01
-4.516849517822265625e-01
1.936002969741821289e-01
-1.029750406742095947e-01
1.385834068059921265e-02
-2.426723986864089966e-01
-3.786943107843399048e-02
5.969925969839096069e-02
-1.257445812225341797e-01
2.094454467296600342e-01
-4.286559820175170898e-01
2.279276698827743530e-01
-4.912093281745910645e-02
-1.439636051654815674e-01
4.928636550903320312e-02
-3.064697980880737305e-01
1.100979745388031006e-03
-4.051518812775611877e-02
2.092487514019012451e-01
-2.388909459114074707e-01
3.239400684833526611e-01
-2.031134814023971558e-01
-2.236618995666503906e-01
-2.385481745004653931e-01
2.009524777531623840e-02
6.631397455930709839e-02
8.345215022563934326e-02
-1.127798929810523987e-01
6.822215020656585693e-02
-3.435049951076507568e-02
-2.303597033023834229e-01
-2.502332329750061035e-01
-1.798433214426040649e-01
-7.429859042167663574e-02
1.515107899904251099e-01
4.691075682640075684e-01
1.163359805941581726e-01
-3.459053635597229004e-01
4.013231396675109863e-01
3.272274136543273926e-01
3.148039281368255615e-01
-5.022413656115531921e-02
-1.338739693164825439e-01
-2.072348445653915405e-01
-1.861529201269149780e-01
-1.715045571327209473e-01
-4.685698449611663818e-01
2.211833745241165161e-02
-3.267020583152770996e-01
2.000044286251068115e-01
-1.822907030582427979e-01
2.592527866363525391e-01
-2.969359755516052246e-01
2.615703344345092773e-01
5.860715731978416443e-02
-1.698438972234725952e-01
-7.396304607391357422e-02
-3.327476382255554199e-01
-7.211803644895553589e-02
2.196570485830307007e-01
-1.369495987892150879e-01
-5.834880471229553223e-02
-1.794324517250061035e-01
-1.628841161727905273e-01
1.386450976133346558e-01
2.409893274307250977e-01
3.872257173061370850e-01
-1.791091114282608032e-01
-5.051889270544052124e-02
2.142045646905899048e-02
-5.095913410186767578e-01
7.717427611351013184e-02
-1.163531243801116943e-01
-2.010699212551116943e-01
-1.687050461769104004e-01
1.250707954168319702e-01
-8.611290156841278076e-02
2.340312898159027100e-01
-1.338438093662261963e-01
-9.972529858350753784e-02
-2.004517465829849243e-01
-2.579843401908874512e-01
-4.247572273015975952e-02
3.301568925380706787e-01
1.779770851135253906e-01
3.504868745803833008e-01
3.000228106975555420e-02
2.136701643466949463e-01
2.501590847969055176e-01
-1.292541529983282089e-02
4.157332777976989746e-01
-8.819955587387084961e-02
-3.474468737840652466e-02
-5.318621546030044556e-02
1.658011376857757568e-01
2.018519863486289978e-02
-1.372684240341186523e-01
-1.338025331497192383e-01
1.132000759243965149e-01
7.423165440559387207e-02
-1.810032278299331665e-01
-4.058357477188110352e-01
-5.350713729858398438e-01
-4.035086557269096375e-02
3.093310594558715820e-01
-1.728101223707199097e-01
9.526938199996948242e-02
-2.396415770053863525e-01
-1.653862297534942627e-01
5.636939033865928650e-02
3.862196803092956543e-01
7.192495465278625488e-02
2.378862202167510986e-01
-6.175652891397476196e-02
-3.514004349708557129e-01
3.838041424751281738e-01
3.730165213346481323e-02
2.482461929321289062e-01
-2.549206465482711792e-02
-2.025260031223297119e-01
-9.010709077119827271e-02
2.952054738998413086e-01
3.465306758880615234e-01
-1.261246502399444580e-01
2.368581444025039673e-01
-1.313140392303466797e-01
3.159918189048767090e-01
-6.281281262636184692e-02
-6.185936927795410156e-01
-1.952789276838302612e-01
-2.359774708747863770e-01
-8.149545639753341675e-03
-1.945394277572631836e-02
1.653310805559158325e-01
2.817069888114929199e-01
1.203046273440122604e-02
2.617957592010498047e-01
4.513493739068508148e-03
3.213348686695098877e-01
3.341975510120391846e-01
9.060505032539367676e-02
1.727045029401779175e-01
-2.956491708755493164e-01
-1.175545826554298401e-01
-4.006353765726089478e-02
-2.275274991989135742e-01
1.901631206274032593e-01
-1.599271968007087708e-02
-5.146249756217002869e-02
1.670790910720825195e-01
-2.357124350965023041e-03
2.471558153629302979e-01
-2.956010587513446808e-02
-1.942572295665740967e-01
2.393949031829833984e-01
-1.650496721267700195e-01
-3.489007353782653809e-01
-1.959051489830017090e-01
-3.850693628191947937e-02
