-2.351094484329223633e-01
2.722820341587066650e-01
-2.752662599086761475e-01
-3.207987248897552490e-01
-4.832818806171417236e-01
-1.182348877191543579e-01
2.158287167549133301e-02
-1.356800366193056107e-02
-1.564688608050346375e-02
1.133460253477096558e-01
3.478954732418060303e-01
-1.955884844064712524e-01
-1.411715745925903320e-01
6.130501627922058105e-03
-5.428757518529891968e-02
-1.362746208906173706e-01
2.122502326965332031e-01
4.573850631713867188e-01
-3.757046163082122803e-02
-1.820493116974830627e-02
3.025189638137817383e-01
-1.225466206669807434e-01
1.167526394128799438e-01
-9.385660290718078613e-02
-1.440626010298728943e-02
1.463995277881622314e-01
-8.842851966619491577e-04
-3.294591307640075684e-01
2.419547885656356812e-01
-2.995684370398521423e-02
2.291724085807800293e-01
1.424441635608673096e-01
5.562138557434082031e-01
3.243687748908996582e-02
-7.455146312713623047e-02
1.155962795019149780e-01
9.330330789089202881e-02
-1.648669391870498657e-01
1.634005904197692871e-01
2.089723795652389526e-01
-9.243808686733245850e-02
-2.530176937580108643e-01
-2.156286239624023438e-01
-5.864385887980461121e-02
9.897004812955856323e-03
-4.483840167522430420e-01
-1.481875777244567871e-01
-2.557103708386421204e-02
1.161423921585083008e-01
-2.347710914909839630e-02
-4.486977159976959229e-01
-1.858747601509094238e-01
-3.380657732486724854e-02
-1.722230911254882812e-01
2.380438745021820068e-01
-1.114776805043220520e-01
3.618982434272766113e-02
2.265681922435760498e-01
-1.809542179107666016e-01
-7.023675739765167236e-02
-1.404762715101242065e-01
1.512104123830795288e-01
-4.761252701282501221e-01
5.042476952075958252e-02
4.248326420783996582e-01
2.502827346324920654e-01
-2.194444388151168823e-01
-7.457436621189117432e-02
2.882822044193744659e-02
-9.597149491310119629e-02
2.698501348495483398e-01
-1.250093281269073486e-01
-3.002364635467529297e-01
-3.764258697628974915e-02
1.302855014801025391e-01
-8.781981468200683594e-02
-3.247367590665817261e-02
1.244318485260009766e-01
-1.406235899776220322e-02
-4.193085134029388428e-01
8.396895229816436768e-02
2.175897359848022461e-01
-1.059190109372138977e-01
7.576481252908706665e-02
-3.926153481006622314e-02
3.935354575514793396e-02
1.496924906969070435e-01
3.225851058959960938e-01
2.933620810508728027e-01
-3.728763759136199951e-01
2.741025686264038086e-01
1.343433409929275513e-01
-2.257518023252487183e-01
-8.568949997425079346e-02
4.746264815330505371e-01
1.740794032812118530e-01
-3.745869696140289307e-01
-3.280669450759887695e-01
1.072555780410766602e-03
1.885457932949066162e-01
-2.283989638090133667e-01
-3.032096028327941895e-01
-2.697956264019012451e-01
7.820173501968383789e-01
-5.630430579185485840e-01
-2.890946269035339355e-01
1.470988690853118896e-01
-8.148457854986190796e-04
-1.996624767780303955e-01
2.130835503339767456e-01
-2.438224107027053833e-01
8.065473288297653198e-02
-5.576578974723815918e-01
1.425381470471620560e-02
3.634981513023376465e-01
1.113623380661010742e-01
2.681348919868469238e-01
-8.015965670347213745e-02
3.376340866088867188e-01
2.997010946273803711e-03
4.464869201183319092e-02
2.081402018666267395e-02
2.706212922930717468e-02
1.490080952644348145e-01
2.767276763916015625e-02
-3.487771451473236084e-01
1.180842965841293335e-01
1.369454711675643921e-01
-3.846361041069030762e-01
2.457476407289505005e-02
2.223134040832519531e-01
3.170324862003326416e-01
-1.783037036657333374e-01
6.744719296693801880e-02
-1.803891211748123169e-01
-1.234996505081653595e-02
5.195057392120361328e-01
-3.595746755599975586e-01
-1.334385424852371216e-01
3.706805035471916199e-02
-2.062517590820789337e-02
3.133152052760124207e-02
1.654195189476013184e-01
1.159457042813301086e-01
3.596166670322418213e-01
-9.042691439390182495e-02
1.292688697576522827e-01
1.461264193058013916e-01
1.059922128915786743e-01
2.235096879303455353e-02
1.903060376644134521e-01
-2.670668661594390869e-01
5.666064843535423279e-02
1.809714734554290771e-01
2.503617107868194580e-01
-2.365562915802001953e-01
-1.546950936317443848e-01
2.385801821947097778e-01
5.152790546417236328e-01
-2.909452915191650391e-01
-1.192065030336380005e-01
2.686614394187927246e-01
3.477770090103149414e-01
4.512243270874023438e-01
2.489519864320755005e-01
-1.426730751991271973e-01
-3.011003732681274414e-01
6.814907491207122803e-02
-1.623720228672027588e-01
2.059813290834426880e-01
1.952576935291290283e-01
-3.156559541821479797e-02
1.073337625712156296e-03
1.292019486427307129e-01
3.929575979709625244e-01
-1.836616098880767822e-01
6.544177979230880737e-02
2.121072709560394287e-01
-1.263463795185089111e-01
1.790568530559539795e-01
-1.522326171398162842e-01
-9.402520954608917236e-02
2.409520745277404785e-01
1.180576067417860031e-02
4.163767397403717041e-02
1.269078403711318970e-01
-2.172086834907531738e-01
-6.242072209715843201e-02
4.180188104510307312e-02
-2.758125774562358856e-03
-1.748485565185546875e-01
-5.012835934758186340e-02
-1.760444045066833496e-01
-7.713696360588073730e-02
-2.020626068115234375e-01
-1.107684802263975143e-03
4.937783181667327881e-01
-2.524976730346679688e-01
-3.396509289741516113e-01
7.380771636962890625e-02
-4.662187695503234863e-01
2.041199058294296265e-02
9.119882434606552124e-02
-1.708701848983764648e-01
4.172996580600738525e-01
1.130093112587928772e-01
-4.077494516968727112e-02
6.660370528697967529e-02
2.407894283533096313e-01
1.596255004405975342e-01
-8.759693801403045654e-02
-4.940773248672485352e-01
-2.304839789867401123e-01
1.849757581949234009e-01
6.667585670948028564e-02
2.978696823120117188e-01
2.992671132087707520e-01
7.321447134017944336e-01
-3.156850337982177734e-01
1.745907366275787354e-01
-1.595256924629211426e-01
-2.507689595222473145e-01
2.825390994548797607e-01
-3.772027790546417236e-03
-3.786935657262802124e-02
1.247170008718967438e-02
-5.819572210311889648e-01
3.504784032702445984e-02
-7.725851982831954956e-02
-9.058613330125808716e-03
-2.554450631141662598e-01
1.608897931873798370e-02
5.423802137374877930e-02
-5.907616391777992249e-02
-1.424764692783355713e-01
-3.159326314926147461e-01
2.887573540210723877e-01
-5.233813077211380005e-02
-2.589167952537536621e-01
1.796218156814575195e-01
-2.929074466228485107e-01
1.874524056911468506e-01
-9.492745250463485718e-02
6.875929236412048340e-02
-4.320600628852844238e-01
2.722780704498291016e-01
-1.005401164293289185e-01
-4.631453379988670349e-02
-2.397817373275756836e-01
2.941454201936721802e-02
-3.590081632137298584e-02
6.461013108491897583e-02
1.333150267601013184e-02
-7.928711175918579102e-02
-5.814825743436813354e-02
-1.250492781400680542e-01
-4.407470822334289551e-01
-2.745839357376098633e-01
-1.626677811145782471e-01
5.158148407936096191e-01
4.088644385337829590e-01
7.464925944805145264e-02
-3.598263859748840332e-01
4.160355329513549805e-01
1.769308000802993774e-01
3.517889082431793213e-01
-1.993042826652526855e-01
-1.259918957948684692e-01
-1.603360772132873535e-01
-1.647980064153671265e-01
-2.149494141340255737e-01
-4.710270166397094727e-01
-2.102639079093933105e-01
-8.378805220127105713e-02
1.867797672748565674e-01
-1.255296319723129272e-01
1.801123470067977905e-01
-6.412312984466552734e-01
4.105206727981567383e-01
-6.614477187395095825e-02
-6.157103925943374634e-02
-2.751528024673461914e-01
-5.493004247546195984e-02
2.388239800930023193e-01
5.997197702527046204e-02
-8.424310013651847839e-03
-1.913689523935317993e-01
-3.725646063685417175e-02
-3.661292791366577148e-02
3.409071266651153564e-02
-1.961299180984497070e-01
1.688942313194274902e-01
8.767206966876983643e-02
1.761380434036254883e-01
1.333837211132049561e-02
-1.812972128391265869e-01
-5.785355344414710999e-02
-1.781162470579147339e-01
-1.894347965717315674e-01
-4.134348630905151367e-01
-2.172792702913284302e-02
-1.976760476827621460e-01
2.937681414186954498e-02
-1.518213152885437012e-01
-2.395441830158233643e-01
-2.147945761680603027e-01
-4.230410978198051453e-02
-5.105365812778472900e-02
1.032117456197738647e-01
2.214703559875488281e-01
1.241443082690238953e-01
-1.693186014890670776e-01
-7.316331565380096436e-02
1.151270121335983276e-01
1.525387540459632874e-02
2.012733221054077148e-01
-2.046658694744110107e-01
5.050808563828468323e-02
3.777207806706428528e-02
3.097661733627319336e-01
-1.084353327751159668e-01
-1.309357434511184692e-01
-3.631204366683959961e-01
1.022180542349815369e-01
1.679166853427886963e-01
-3.814122825860977173e-02
-2.719278037548065186e-01
-2.995398044586181641e-01
6.967168301343917847e-02
1.558151841163635254e-01
-4.159810245037078857e-01
2.356449961662292480e-01
-2.723844721913337708e-02
-2.247253060340881348e-01
-3.018905967473983765e-02
3.541989028453826904e-01
2.602346241474151611e-01
-7.277567870914936066e-03
-1.743503212928771973e-01
-2.085802704095840454e-02
4.713648557662963867e-01
4.381201416254043579e-02
-1.213692277669906616e-01
-3.959661722183227539e-02
-2.548018693923950195e-01
-4.188079386949539185e-02
2.016320228576660156e-01
4.471247494220733643e-01
1.184220761060714722e-01
1.062024980783462524e-01
4.044310376048088074e-02
4.616367220878601074e-01
1.490450836718082428e-02
-3.837474882602691650e-01
-8.519662916660308838e-02
1.284255683422088623e-01
-3.214473277330398560e-02
-3.398393094539642334e-02
1.631695330142974854e-01
2.128054052591323853e-01
4.138386994600296021e-02
5.476865172386169434e-02
5.708724632859230042e-02
2.288394123315811157e-01
2.592554986476898193e-01
3.180586099624633789e-01
-8.696223795413970947e-02
-2.176595479249954224e-01
1.157049536705017090e-01
-5.547467619180679321e-02
-3.084244728088378906e-01
9.456245601177215576e-02
3.187070488929748535e-01
-7.397100329399108887e-02
5.035470426082611084e-02
6.637240946292877197e-02
4.554358124732971191e-01
-1.737829484045505524e-02
8.051517605781555176e-02
2.428765445947647095e-01
-7.207258790731430054e-02
-4.620665311813354492e-01
-2.129411846399307251e-01
-3.446175530552864075e-02
