-4.106220006942749023e-01
4.496151804924011230e-01
-2.645456790924072266e-01
-2.302779443562030792e-02
-2.066327035427093506e-01
-1.064350008964538574e-01
5.160896480083465576e-02
2.690245211124420166e-01
-4.304517060518264771e-03
3.944037854671478271e-02
1.674643158912658691e-01
-1.431428790092468262e-01
-2.035456150770187378e-01
-4.782339185476303101e-02
-8.209813386201858521e-02
-2.026821523904800415e-01
4.162073135375976562e-02
3.514930605888366699e-01
1.084215566515922546e-01
2.693923003971576691e-02
3.537766039371490479e-01
-1.570535898208618164e-01
5.850345641374588013e-02
7.539702951908111572e-02
-2.262371033430099487e-01
2.100383192300796509e-01
-7.224358618259429932e-02
-1.848825514316558838e-01
1.561843603849411011e-01
5.564703419804573059e-02
1.043750345706939697e-01
-6.678301095962524414e-02
3.776545822620391846e-01
1.994571089744567871e-01
6.859581172466278076e-02
-1.929364167153835297e-03
-4.064370319247245789e-02
-6.211576610803604126e-02
1.518027484416961670e-01
1.710976958274841309e-01
3.671585768461227417e-02
-2.196271419525146484e-01
-2.822220623493194580e-01
-2.651000767946243286e-02
2.847217619419097900e-01
-1.062559559941291809e-01
-1.232654787600040436e-02
1.449286937713623047e-01
7.495501637458801270e-02
-1.246512308716773987e-02
-3.710077702999114990e-01
-1.823584139347076416e-01
-8.776737004518508911e-02
1.659438610076904297e-01
1.178949624300003052e-01
-3.982471525669097900e-01
8.300875127315521240e-02
1.286032199859619141e-01
-1.401369273662567139e-01
7.377599924802780151e-02
-1.324444413185119629e-01
3.431048989295959473e-01
-3.182533085346221924e-01
8.787645399570465088e-02
1.356894969940185547e-01
-5.723491311073303223e-02
-6.940007954835891724e-02
5.107928812503814697e-02
3.351611793041229248e-01
-1.211948469281196594e-01
3.734002113342285156e-01
-2.589723169803619385e-01
-2.903190255165100098e-01
1.229513436555862427e-01
-1.630424559116363525e-01
9.375144541263580322e-02
-1.149951517581939697e-01
9.912197291851043701e-02
-3.054323196411132812e-01
-5.086826682090759277e-01
2.069124877452850342e-01
1.254813373088836670e-01
2.112475410103797913e-02
5.503154173493385315e-02
1.129261031746864319e-01
2.691231369972229004e-01
2.307230532169342041e-01
2.727976441383361816e-01
3.934283256530761719e-01
-1.283114999532699585e-01
2.262844592332839966e-01
1.313854008913040161e-01
8.662721514701843262e-02
1.206633821129798889e-02
5.888950228691101074e-01
8.789549767971038818e-02
-2.421170920133590698e-01
-1.281031668186187744e-01
-6.867541372776031494e-02
5.813205987215042114e-02
-1.416927576065063477e-01
-2.738655507564544678e-01
-8.394064754247665405e-02
4.960047602653503418e-01
-3.051721155643463135e-01
-9.779482334852218628e-02
3.762812018394470215e-01
-9.665985405445098877e-02
-2.093220949172973633e-01
2.537069916725158691e-01
-3.325231671333312988e-01
-4.769036918878555298e-02
-5.026859045028686523e-01
-4.945567250251770020e-02
1.350285112857818604e-01
2.437058538198471069e-01
1.451613157987594604e-01
-1.205798387527465820e-01
1.529513858258724213e-02
3.385459184646606445e-01
-1.934313923120498657e-01
-1.135628670454025269e-01
-6.093853153288364410e-04
1.838601082563400269e-01
9.069763123989105225e-03
-3.794987499713897705e-01
3.807313144207000732e-01
4.636435955762863159e-02
-2.734325826168060303e-01
-1.731624007225036621e-01
1.465815901756286621e-01
3.375463783740997314e-01
6.253332644701004028e-02
3.072943389415740967e-01
4.904794506728649139e-03
-2.272041738033294678e-01
2.831162810325622559e-01
-2.335662096738815308e-01
-2.722820639610290527e-01
-2.346990704536437988e-01
-1.969929933547973633e-01
-7.186580449342727661e-02
-1.289429068565368652e-01
-1.691276729106903076e-01
3.218310475349426270e-01
-1.025804728269577026e-01
1.600864082574844360e-01
2.478568255901336670e-02
1.034941338002681732e-02
-2.375887036323547363e-01
2.199115902185440063e-01
-3.388224244117736816e-01
6.318575143814086914e-02
4.785076379776000977e-01
8.952938020229339600e-02
-1.750224530696868896e-01
7.768343389034271240e-02
2.575556933879852295e-01
4.195082187652587891e-01
-2.932668924331665039e-01
-1.970318257808685303e-01
1.048117801547050476e-01
3.819387555122375488e-01
4.285413026809692383e-01
2.985577583312988281e-01
-1.532690823078155518e-01
-6.021182537078857422e-01
1.494656801223754883e-01
-9.463947266340255737e-02
1.061540320515632629e-01
-3.059093840420246124e-02
1.132362633943557739e-01
-5.376837402582168579e-02
1.880946457386016846e-01
6.918860226869583130e-02
-1.868600249290466309e-01
1.119736582040786743e-01
-1.108135059475898743e-01
-1.167173907160758972e-01
1.519190371036529541e-01
-3.731969594955444336e-01
-1.637530922889709473e-01
1.684674918651580811e-01
-1.353495568037033081e-01
-6.515888869762420654e-02
1.731550395488739014e-01
1.174922659993171692e-01
3.474772721529006958e-02
2.687281556427478790e-02
3.403050601482391357e-01
-1.986169368028640747e-01
-2.387868240475654602e-02
1.309253573417663574e-01
-1.156701594591140747e-01
-3.246293663978576660e-01
7.408819347620010376e-02
3.845673203468322754e-01
8.580379933118820190e-02
-2.468360662460327148e-01
1.442566365003585815e-01
-2.361695766448974609e-01
2.269830554723739624e-02
1.396478563547134399e-01
-9.077386558055877686e-02
2.963964343070983887e-01
4.497785121202468872e-02
-1.373614817857742310e-01
-1.348925232887268066e-01
7.719994336366653442e-02
1.406578570604324341e-01
1.735315024852752686e-01
-1.756042540073394775e-01
1.039523631334304810e-02
7.099078595638275146e-02
9.404462575912475586e-02
3.663107156753540039e-01
7.358136028051376343e-02
4.604841470718383789e-01
-3.993749022483825684e-01
2.254222333431243896e-01
-6.134157627820968628e-02
-4.258713126182556152e-01
1.542158424854278564e-04
4.146376252174377441e-02
5.496638640761375427e-02
8.791148662567138672e-03
-3.813593983650207520e-01
1.183367222547531128e-01
-4.335140436887741089e-02
2.175432741641998291e-01
-3.291699886322021484e-01
4.016043618321418762e-02
2.767213582992553711e-01
2.059835195541381836e-01
-6.256914883852005005e-02
-4.707433879375457764e-01
3.286432027816772461e-01
1.211894229054450989e-01
5.850258469581604004e-02
3.355377316474914551e-01
-2.739842534065246582e-01
-3.599430620670318604e-02
-1.575431376695632935e-01
1.905526667833328247e-01
-5.285343527793884277e-01
-6.397388875484466553e-03
-2.776203863322734833e-02
1.941961795091629028e-01
-5.303505659103393555e-01
2.520016580820083618e-02
-8.635166287422180176e-02
9.830254316329956055e-02
9.133002161979675293e-02
-3.215822204947471619e-02
-1.074918881058692932e-01
-1.351771317422389984e-02
-4.948558807373046875e-01
-2.272097021341323853e-01
-4.655652865767478943e-02
2.766011953353881836e-01
3.308240771293640137e-01
3.255226314067840576e-01
-1.258565783500671387e-01
1.663998067378997803e-01
2.211663275957107544e-01
2.635861635208129883e-01
-3.245046734809875488e-01
-5.774131417274475098e-02
-1.858143359422683716e-01
-2.339738793671131134e-02
-1.288830190896987915e-01
-5.964332222938537598e-01
-1.413679271936416626e-01
-1.425518542528152466e-01
4.768319725990295410e-01
-3.436767160892486572e-01
-1.385291218757629395e-01
-4.170536100864410400e-01
3.528894186019897461e-01
-2.443263679742813110e-01
-1.945739239454269409e-01
-4.007370173931121826e-01
-3.540043532848358154e-01
1.750889271497726440e-01
6.574745476245880127e-02
4.409056156873703003e-03
-3.865495324134826660e-01
-1.903554648160934448e-01
-1.069566383957862854e-01
4.891443997621536255e-02
-1.400955170392990112e-01
-5.097745731472969055e-02
1.588702499866485596e-01
-5.863706022500991821e-02
7.516925036907196045e-02
-2.596679329872131348e-01
-1.312270201742649078e-02
-1.095600426197052002e-02
-2.927237451076507568e-01
-5.352653264999389648e-01
-1.336280405521392822e-01
-2.686608582735061646e-02
1.075567007064819336e-01
-1.885805837810039520e-02
-1.655285507440567017e-01
-3.672283291816711426e-01
-3.520969301462173462e-03
-1.644880324602127075e-01
2.475166022777557373e-01
1.306470632553100586e-01
-1.251425296068191528e-01
-1.770405024290084839e-01
-9.742183983325958252e-02
1.681733578443527222e-01
5.987840518355369568e-02
1.982483565807342529e-01
-2.386618852615356445e-01
-6.864804774522781372e-03
2.062783092260360718e-01
2.808116078376770020e-01
6.865008175373077393e-02
-2.501599788665771484e-01
-5.563028156757354736e-02
5.155524015426635742e-01
7.366992533206939697e-02
-1.374100148677825928e-01
-2.748384475708007812e-01
-3.652362227439880371e-01
-1.464763469994068146e-02
2.026232331991195679e-01
-2.769830822944641113e-01
7.441567629575729370e-02
1.024344712495803833e-01
-1.369062662124633789e-01
-2.761813811957836151e-02
1.395674347877502441e-01
1.876391470432281494e-01
2.399809956550598145e-01
-9.201171249151229858e-02
-1.028980165719985962e-01
9.663073718547821045e-02
-2.943131327629089355e-02
8.394509553909301758e-02
-3.526276648044586182e-01
-1.723032295703887939e-01
-1.564541757106781006e-01
1.234809383749961853e-01
1.119261085987091064e-01
-1.826936006546020508e-02
-5.025810003280639648e-02
1.208831220865249634e-01
3.252277374267578125e-01
1.101863011717796326e-01
-2.548198103904724121e-01
-7.438024878501892090e-02
7.820956408977508545e-02
4.231604933738708496e-02
-7.118345052003860474e-02
-4.856675863265991211e-03
2.465240359306335449e-01
2.051259875297546387e-01
1.543679535388946533e-01
-1.202649325132369995e-01
1.302611231803894043e-01
1.750982850790023804e-01
6.786204874515533447e-02
9.457294642925262451e-02
-1.956983804702758789e-01
-1.383959650993347168e-01
9.761191904544830322e-03
-6.858073174953460693e-03
-1.094039436429738998e-02
4.360741674900054932e-01
1.710712015628814697e-01
4.166263714432716370e-02
-3.376491367816925049e-02
3.335830867290496826e-01
2.583910711109638214e-02
-1.109516471624374390e-01
2.940383553504943848e-01
-1.247486248612403870e-01
-2.639971375465393066e-01
-8.290760964155197144e-02
4.412677511572837830e-02
