-6.823979616165161133e-01
3.904680013656616211e-01
-3.940813839435577393e-01
-2.410723417997360229e-01
-1.559565123170614243e-02
-7.682527601718902588e-02
4.622935056686401367e-01
2.644224762916564941e-01
1.022711098194122314e-01
2.895410954952239990e-01
2.940855026245117188e-01
-2.350117713212966919e-01
8.932912349700927734e-02
-4.578759893774986267e-02
-4.514757394790649414e-01
-6.812098622322082520e-02
6.677152961492538452e-02
3.189153969287872314e-01
-1.670717261731624603e-02
-1.071118377149105072e-02
2.719627618789672852e-01
-1.947064511477947235e-02
-2.891802191734313965e-01
-1.582904309034347534e-01
-1.380382925271987915e-01
7.395102083683013916e-02
1.238706335425376892e-02
-1.010086536407470703e-01
2.402365505695343018e-01
2.496956661343574524e-02
1.495551317930221558e-02
-8.692939579486846924e-02
3.289754092693328857e-01
4.037754833698272705e-01
3.302071392536163330e-01
-2.300178408622741699e-01
-2.710459530353546143e-01
-1.091079041361808777e-01
3.851568996906280518e-01
-8.558437973260879517e-02
7.815482094883918762e-04
-4.267584979534149170e-01
-3.132474422454833984e-01
-1.555378586053848267e-01
2.503151595592498779e-01
1.919071972370147705e-01
-2.099976316094398499e-02
2.485411465167999268e-01
-1.446374356746673584e-01
-1.460091769695281982e-01
-3.564825952053070068e-01
1.352092325687408447e-01
-6.688173860311508179e-02
-2.582571804523468018e-01
2.292245328426361084e-01
-4.569102823734283447e-01
4.679648578166961670e-01
1.842603236436843872e-01
-7.714339345693588257e-02
-1.321168392896652222e-01
4.268096387386322021e-01
-1.440986394882202148e-01
-7.339238524436950684e-01
-2.939418191090226173e-03
-5.246799066662788391e-02
-5.426885932683944702e-02
-1.512714177370071411e-01
-2.573711872100830078e-01
1.992079168558120728e-01
1.795779019594192505e-01
5.538462400436401367e-01
-2.366535663604736328e-01
-2.359409928321838379e-01
-2.678751759231090546e-02
2.771965563297271729e-01
-2.406101673841476440e-02
-2.647459506988525391e-01
2.030463814735412598e-01
-2.224465310573577881e-01
-5.377380251884460449e-01
3.184579908847808838e-01
2.244314104318618774e-01
-8.013566955924034119e-03
1.893267631530761719e-01
2.125727981328964233e-01
3.121365904808044434e-01
1.758466213941574097e-01
9.136739373207092285e-02
3.374280929565429688e-01
4.150174930691719055e-02
5.516089200973510742e-01
-2.924758195877075195e-01
5.489656329154968262e-01
-2.011122554540634155e-01
4.163887798786163330e-01
2.783549726009368896e-01
7.155866175889968872e-02
-3.020724654197692871e-01
1.620329469442367554e-01
-2.448563463985919952e-02
1.078443750739097595e-01
7.221918553113937378e-03
-2.658919692039489746e-01
2.132575213909149170e-01
-3.485198020935058594e-01
7.180017977952957153e-02
3.904776871204376221e-01
1.198091730475425720e-01
-8.648506551980972290e-02
-3.692056238651275635e-02
-1.294859498739242554e-01
-1.998616158962249756e-01
-4.277837574481964111e-01
-2.109688669443130493e-01
1.466425955295562744e-01
7.449809461832046509e-02
-4.147935658693313599e-03
-1.218717470765113831e-01
2.109876424074172974e-01
-6.709095835685729980e-02
-9.411494433879852295e-02
-7.302106171846389771e-02
-2.375450581312179565e-01
-2.232127040624618530e-01
2.193468958139419556e-01
-1.322106574662029743e-03
1.879276782274246216e-01
8.666256815195083618e-02
-2.354035675525665283e-01
-1.178573742508888245e-01
-4.783028736710548401e-02
-5.861139297485351562e-02
-1.292380541563034058e-01
-5.772409960627555847e-02
-2.876924276351928711e-01
-7.782317698001861572e-02
3.850667774677276611e-01
-1.692599803209304810e-01
-2.954422235488891602e-01
-6.206733360886573792e-02
-3.591430485248565674e-01
-6.858577579259872437e-02
1.499698013067245483e-01
1.723622828722000122e-01
-4.847155511379241943e-02
-2.737506628036499023e-01
6.231208890676498413e-02
2.237068712711334229e-01
3.344957828521728516e-01
-1.072141304612159729e-01
9.374281764030456543e-02
-2.628327012062072754e-01
2.890941314399242401e-02
3.102811276912689209e-01
2.363677322864532471e-01
-1.142474412918090820e-01
8.362625539302825928e-02
3.339284956455230713e-01
5.478987097740173340e-01
7.113068830221891403e-03
-2.269622497260570526e-02
2.457289099693298340e-01
1.390459239482879639e-01
4.530798494815826416e-01
6.296265125274658203e-02
3.259748965501785278e-02
-2.649662792682647705e-01
-3.207555711269378662e-01
-1.421563923358917236e-01
5.352069139480590820e-01
-2.104427367448806763e-01
-1.179240047931671143e-01
9.058407694101333618e-02
3.296174481511116028e-02
-1.401043832302093506e-01
-8.651139587163925171e-02
7.052400708198547363e-02
2.007316648960113525e-01
-4.163052737712860107e-01
4.131781160831451416e-01
-6.006398424506187439e-02
-3.538520634174346924e-01
1.223232448101043701e-01
-6.836082041263580322e-02
1.881757229566574097e-01
5.136518478393554688e-01
2.348127663135528564e-01
8.179722726345062256e-02
-2.920509874820709229e-01
4.889203310012817383e-01
-4.731459915637969971e-01
2.399854511022567749e-01
5.411015450954437256e-02
1.048751771450042725e-01
-1.973108053207397461e-01
6.741110980510711670e-02
2.035519778728485107e-01
-4.545352458953857422e-01
-2.011786997318267822e-01
-6.925803422927856445e-02
-4.158235192298889160e-01
4.036716222763061523e-01
-7.117854058742523193e-02
-2.372787296772003174e-01
8.179397881031036377e-02
3.063549995422363281e-01
-4.643017947673797607e-01
-3.214221000671386719e-01
-6.709751486778259277e-02
1.833037436008453369e-01
1.171680688858032227e-01
-2.593801915645599365e-01
-4.342877492308616638e-02
-2.422107607126235962e-01
5.234628170728683472e-02
2.095687687397003174e-01
-7.762738503515720367e-03
2.876609265804290771e-01
-1.238167751580476761e-03
1.885714679956436157e-01
-2.762073874473571777e-01
2.181655317544937134e-01
2.759445905685424805e-01
-2.616727948188781738e-01
-1.615684628486633301e-01
6.885156035423278809e-02
-2.237172275781631470e-01
3.171357139945030212e-02
-2.968122065067291260e-01
-1.767906248569488525e-01
-3.771128654479980469e-01
-4.903489351272583008e-01
2.661738097667694092e-01
4.653046652674674988e-02
1.904387027025222778e-01
-3.512059897184371948e-02
1.748148351907730103e-01
7.614835351705551147e-02
1.612724065780639648e-01
2.026939243078231812e-01
-4.652648568153381348e-01
-1.494854986667633057e-01
-1.726904213428497314e-01
3.923308253288269043e-01
-1.790093183517456055e-01
8.731185644865036011e-02
1.274749189615249634e-01
2.911298274993896484e-01
-3.859789371490478516e-01
2.157626599073410034e-01
-2.254083305597305298e-01
4.353031516075134277e-02
1.154261231422424316e-01
-5.837863683700561523e-02
-4.502787068486213684e-02
-6.665848940610885620e-02
-5.390407443046569824e-01
1.139264777302742004e-01
-4.079968929290771484e-01
-3.274610638618469238e-01
4.650161564350128174e-01
1.666362434625625610e-01
-1.767267435789108276e-01
1.978519707918167114e-01
6.312033534049987793e-01
5.326197743415832520e-01
2.050255835056304932e-01
1.060982272028923035e-01
-8.269232511520385742e-02
-2.164098471403121948e-01
-3.588230535387992859e-02
-7.025505900382995605e-01
-4.445845484733581543e-01
-2.792696356773376465e-01
1.899606883525848389e-01
-2.332725673913955688e-01
2.792804241180419922e-01
-4.232318401336669922e-01
9.437266737222671509e-02
2.412317693233489990e-01
4.752384722232818604e-01
-2.997093088924884796e-02
-1.189208179712295532e-01
2.638897597789764404e-01
3.375661671161651611e-01
2.665303274989128113e-02
-8.970407396554946899e-02
-1.530444156378507614e-02
-3.987228274345397949e-01
7.427232805639505386e-03
-4.763641953468322754e-02
3.506533503532409668e-01
6.507492661476135254e-01
-4.470598101615905762e-01
-1.484546512365341187e-01
-8.323828130960464478e-02
-1.653649955987930298e-01
-5.113463401794433594e-01
-3.912464678287506104e-01
-2.546160519123077393e-01
-2.108379155397415161e-01
8.944503962993621826e-02
5.024525523185729980e-02
-9.434808790683746338e-02
-7.709832489490509033e-02
-2.216856926679611206e-01
2.018942497670650482e-02
1.782274991273880005e-02
2.599317729473114014e-01
-3.943012654781341553e-01
-6.337246298789978027e-02
-2.307901233434677124e-01
1.042819917201995850e-01
2.363337129354476929e-01
-1.781334429979324341e-01
3.372449874877929688e-01
-1.937495172023773193e-01
2.661616802215576172e-01
2.650007307529449463e-01
2.357094287872314453e-01
5.464270338416099548e-02
-3.486350178718566895e-01
2.475041896104812622e-01
2.860720157623291016e-01
2.222474217414855957e-01
-4.536253213882446289e-01
-3.892284929752349854e-01
-1.086356043815612793e-01
-6.390887498855590820e-02
1.469497233629226685e-01
9.865092486143112183e-02
-6.767989695072174072e-02
-3.034560084342956543e-01
4.806421638932079077e-04
-7.507538050413131714e-02
2.487576007843017578e-01
4.771349206566810608e-02
1.730147600173950195e-01
1.031300332397222519e-02
1.661793142557144165e-01
2.490736246109008789e-01
3.138526156544685364e-02
2.534967362880706787e-01
-1.334510743618011475e-02
-1.515595614910125732e-01
-9.721911698579788208e-02
5.969242379069328308e-02
-1.547659933567047119e-01
7.156237959861755371e-02
1.784596010111272335e-03
-2.358766831457614899e-02
4.114469885826110840e-01
1.848965510725975037e-02
-8.191207796335220337e-02
-3.362099230289459229e-01
1.141210421919822693e-01
-4.953134059906005859e-02
-3.865441307425498962e-02
-2.207038402557373047e-01
-2.373018115758895874e-02
7.318123430013656616e-02
2.661376819014549255e-02
-4.193097352981567383e-01
2.269815951585769653e-01
2.085740417242050171e-01
-1.472634375095367432e-01
9.820705652236938477e-02
-2.899332344532012939e-01
1.385261714458465576e-01
-1.001275703310966492e-01
-2.671132981777191162e-01
3.060425631701946259e-02
3.052606880664825439e-01
-1.316979825496673584e-01
2.071548104286193848e-01
2.134370952844619751e-01
4.102360904216766357e-01
2.140139043331146240e-02
-4.649325609207153320e-01
8.034704625606536865e-02
-1.409651488065719604e-01
-2.667268738150596619e-02
1.812439560890197754e-01
3.012457787990570068e-01
