-5.933002829551696777e-01
2.230505645275115967e-01
-2.634471058845520020e-01
-3.188540935516357422e-01
-9.860479831695556641e-02
-2.710918895900249481e-03
5.363224744796752930e-01
2.886214256286621094e-01
1.642758697271347046e-01
3.721266388893127441e-01
4.332075119018554688e-01
-9.160090982913970947e-02
-1.546437591314315796e-01
1.563970148563385010e-01
-4.416447281837463379e-01
-2.875077426433563232e-01
1.442072242498397827e-01
2.071114629507064819e-01
-4.664617776870727539e-02
4.443864524364471436e-02
2.498223185539245605e-01
4.773509502410888672e-02
-2.766816020011901855e-01
-1.947576403617858887e-01
-2.090681940317153931e-01
1.309556066989898682e-01
-5.971904098987579346e-02
-6.319149397313594818e-04
1.274379193782806396e-01
8.068169653415679932e-02
2.455298230051994324e-02
-1.522439718246459961e-02
3.319242298603057861e-01
2.357775866985321045e-01
3.796311020851135254e-01
-2.364963591098785400e-01
-2.298232316970825195e-01
1.155644431710243225e-01
3.435798883438110352e-01
-1.843707263469696045e-01
-3.486321866512298584e-02
-4.263184070587158203e-01
-2.525925338268280029e-01
-1.411552727222442627e-01
3.300629258155822754e-01
3.161710128188133240e-02
2.669347636401653290e-02
1.718762964010238647e-01
6.206604093313217163e-02
-2.309336662292480469e-01
-2.775199115276336670e-01
2.635177671909332275e-01
-9.687252342700958252e-02
-3.301583528518676758e-01
4.296990111470222473e-02
-4.383588433265686035e-01
2.780340015888214111e-01
1.401038467884063721e-01
-9.346787631511688232e-02
-1.931284070014953613e-01
2.212020903825759888e-01
-7.202331721782684326e-02
-6.259825229644775391e-01
5.169682204723358154e-02
8.097153902053833008e-02
-1.313048601150512695e-01
-7.751402258872985840e-02
-2.967139482498168945e-01
1.614105105400085449e-01
1.831805408000946045e-01
4.683896303176879883e-01
-3.099591135978698730e-01
-2.420834004878997803e-01
-4.524359479546546936e-02
2.914631068706512451e-01
4.643228650093078613e-02
-2.970531582832336426e-01
2.870228588581085205e-01
-2.811721563339233398e-01
-5.481590628623962402e-01
2.207543253898620605e-01
1.536511182785034180e-01
2.218539267778396606e-02
-7.637749612331390381e-02
1.203679442405700684e-01
4.585986435413360596e-01
2.465799599885940552e-01
9.128502011299133301e-02
2.559881210327148438e-01
-1.009367965161800385e-02
4.358479380607604980e-01
-1.253982484340667725e-01
4.494430422782897949e-01
-1.250770092010498047e-01
5.806851387023925781e-01
1.759235262870788574e-01
7.491093873977661133e-02
-2.633794546127319336e-01
1.428849101066589355e-01
1.942938193678855896e-02
7.638350129127502441e-02
3.450532257556915283e-02
-3.743010163307189941e-01
2.592854201793670654e-01
-1.977097690105438232e-01
-8.229961991310119629e-02
5.067958235740661621e-01
1.196977794170379639e-01
1.325510293245315552e-01
3.083026967942714691e-02
-9.849446266889572144e-02
-1.364165246486663818e-01
-3.953975737094879150e-01
-2.413932234048843384e-01
2.319459617137908936e-01
-1.323380768299102783e-01
1.190463155508041382e-01
6.161641329526901245e-02
2.871557772159576416e-01
1.342914067208766937e-02
-3.348753228783607483e-02
-2.239755839109420776e-01
-2.849614620208740234e-01
-6.770963966846466064e-02
1.048047393560409546e-01
1.662822812795639038e-02
3.737554550170898438e-01
4.683960229158401489e-02
-3.070678114891052246e-01
-4.048056155443191528e-02
-6.837011128664016724e-02
-1.989824622869491577e-01
-3.610926270484924316e-01
-2.902890369296073914e-02
-2.332873046398162842e-01
-1.999336183071136475e-01
5.374284982681274414e-01
-4.026657342910766602e-02
-4.015769362449645996e-01
4.339087754487991333e-04
-3.809803724288940430e-01
-2.496290951967239380e-01
9.621097147464752197e-02
-5.026512965559959412e-02
-2.156274579465389252e-02
-3.699047863483428955e-01
1.624374687671661377e-01
7.812711410224437714e-04
2.946310937404632568e-01
-5.521624535322189331e-02
9.162873029708862305e-02
-3.144032359123229980e-01
2.194850146770477295e-02
3.295983672142028809e-01
1.113350242376327515e-01
-2.215375155210494995e-01
1.022318899631500244e-01
2.205987125635147095e-01
4.697834253311157227e-01
1.148731261491775513e-01
-1.196856722235679626e-01
1.009126007556915283e-01
9.615318477153778076e-02
3.238075375556945801e-01
3.807202875614166260e-01
2.749444544315338135e-02
-1.576080769300460815e-01
-2.821921110153198242e-01
-2.506330013275146484e-01
4.041292071342468262e-01
-2.460613101720809937e-01
-8.453331887722015381e-03
1.920726150274276733e-02
1.707049086689949036e-02
-1.287457942962646484e-01
-3.407509997487068176e-02
4.013705253601074219e-02
1.924638748168945312e-01
-3.930943012237548828e-01
3.679932951927185059e-01
4.065509885549545288e-02
-3.653054535388946533e-01
-1.669730246067047119e-02
-8.038910105824470520e-03
2.062056809663772583e-01
3.044471442699432373e-01
7.664658129215240479e-02
1.370702385902404785e-01
-3.698668777942657471e-01
3.967029452323913574e-01
-5.004211664199829102e-01
-4.023853689432144165e-03
5.251480638980865479e-02
2.087264657020568848e-01
-2.144575864076614380e-01
-1.672174781560897827e-01
1.201761811971664429e-01
-2.194965779781341553e-01
-3.049074411392211914e-01
-1.350347697734832764e-01
-4.223523437976837158e-01
3.772450089454650879e-01
1.252705603837966919e-01
-4.280725121498107910e-01
1.414797604084014893e-01
3.099671006202697754e-01
-5.269140005111694336e-01
-2.847677767276763916e-01
-2.541909813880920410e-01
1.693068146705627441e-01
4.158298671245574951e-02
-1.399838030338287354e-01
1.381327509880065918e-01
-2.447696626186370850e-01
1.728065013885498047e-01
2.612995803356170654e-01
9.849240630865097046e-02
7.020306587219238281e-02
6.528382748365402222e-02
1.605623960494995117e-01
-3.443654179573059082e-01
1.156074851751327515e-01
3.565271496772766113e-01
-1.093999519944190979e-01
-2.684789001941680908e-01
7.605482637882232666e-02
-3.642903566360473633e-01
2.755357325077056885e-01
-4.353819489479064941e-01
-1.921720802783966064e-01
-3.305106163024902344e-01
-4.231206178665161133e-01
3.576036095619201660e-01
-3.543033450841903687e-02
1.090705543756484985e-01
2.498616278171539307e-02
1.881942898035049438e-01
2.984550222754478455e-02
-5.650932341814041138e-02
1.779694706201553345e-01
-4.314082860946655273e-01
-1.381224840879440308e-01
-1.338377296924591064e-01
2.872352004051208496e-01
-2.687657475471496582e-01
5.951689928770065308e-02
5.224861949682235718e-02
1.661684811115264893e-01
-3.276359438896179199e-01
1.238860040903091431e-01
-2.299226522445678711e-01
8.793847262859344482e-02
2.287236154079437256e-01
-2.922648936510086060e-02
8.876988291740417480e-02
6.873815506696701050e-02
-5.368530750274658203e-01
4.063367843627929688e-02
-3.902207016944885254e-01
-2.112041115760803223e-01
4.817364215850830078e-01
2.818374522030353546e-02
-2.814446687698364258e-01
8.274005353450775146e-02
7.768750190734863281e-01
3.085634410381317139e-01
9.585700184106826782e-02
9.489291906356811523e-02
-3.183693066239356995e-02
-2.743462920188903809e-01
8.685315027832984924e-03
-5.072966814041137695e-01
-4.253925085067749023e-01
-1.197640746831893921e-01
3.251979351043701172e-01
-2.904009222984313965e-01
1.888755559921264648e-01
-4.485216736793518066e-01
1.010903120040893555e-01
2.170276939868927002e-01
4.668710231781005859e-01
-1.221552193164825439e-01
-2.521160542964935303e-01
5.852726474404335022e-02
3.191003501415252686e-01
4.713337123394012451e-02
-3.260389715433120728e-02
1.727406978607177734e-01
-2.451320588588714600e-01
-5.120368674397468567e-03
3.479219973087310791e-02
2.910384535789489746e-01
8.190879821777343750e-01
-2.792517244815826416e-01
-2.260987646877765656e-02
4.739330336451530457e-02
-2.733007371425628662e-01
-5.360813140869140625e-01
-3.610241711139678955e-01
-1.383870989084243774e-01
-2.210177294909954071e-02
8.582788705825805664e-02
1.109860166907310486e-01
2.727217972278594971e-02
-6.481619179248809814e-02
-2.474726438522338867e-01
-1.189577393233776093e-02
-1.026758253574371338e-01
2.676134705543518066e-01
-4.116197526454925537e-01
-2.030111551284790039e-01
2.909315750002861023e-03
1.813276559114456177e-01
1.860765218734741211e-01
-3.238577768206596375e-02
2.641110420227050781e-01
-1.930223554372787476e-01
3.693442046642303467e-01
1.598024964332580566e-01
2.693827152252197266e-01
4.388618096709251404e-02
-1.968598961830139160e-01
2.525628805160522461e-01
3.411583602428436279e-01
2.665223479270935059e-01
-6.832228600978851318e-02
-2.817431092262268066e-01
-3.179222345352172852e-01
3.216217458248138428e-02
1.144185662269592285e-02
2.670733332633972168e-01
-6.159506738185882568e-03
-3.245693147182464600e-01
-8.711840212345123291e-02
-7.803656160831451416e-02
3.911443948745727539e-01
2.237785160541534424e-01
2.622869014739990234e-01
3.736815229058265686e-02
2.399606406688690186e-01
1.144324690103530884e-01
9.326922148466110229e-02
2.012445181608200073e-01
-2.027520835399627686e-01
-1.026325747370719910e-01
-1.207250505685806274e-01
-6.375287473201751709e-02
2.820396795868873596e-02
6.839209236204624176e-03
1.061816141009330750e-02
-1.308753788471221924e-01
3.617700934410095215e-01
8.780729770660400391e-02
3.688494861125946045e-02
-3.897188007831573486e-01
7.071145623922348022e-02
-2.512442767620086670e-01
-7.314546406269073486e-02
-1.789424419403076172e-01
3.238972276449203491e-03
9.575684368610382080e-02
-1.300826203078031540e-03
-4.880116581916809082e-01
2.269881069660186768e-01
1.102712936699390411e-02
-9.682616591453552246e-02
5.753591284155845642e-02
-3.078886270523071289e-01
1.986698806285858154e-01
-2.317799925804138184e-01
-2.461772710084915161e-01
1.534144580364227295e-01
3.625952005386352539e-01
-2.718159854412078857e-01
1.630005538463592529e-01
2.078913599252700806e-01
3.358629941940307617e-01
9.829837828874588013e-02
-3.858146667480468750e-01
6.422767043113708496e-02
-1.440766751766204834e-01
4.196808487176895142e-02
5.365888029336929321e-02
2.918824255466461182e-01
