-8.634654805064201355e-03
2.358434200286865234e-01
-3.130513429641723633e-01
-3.921175003051757812e-01
-2.148541659116744995e-01
-8.474162220954895020e-02
3.904288411140441895e-01
2.813061475753784180e-01
3.136480450630187988e-01
2.324272841215133667e-01
3.518229722976684570e-01
-3.631213903427124023e-01
-2.611987888813018799e-01
1.409279555082321167e-01
-1.581662297248840332e-01
-1.186527982354164124e-01
-3.104819543659687042e-02
1.921947151422500610e-01
1.209632977843284607e-01
8.868408203125000000e-02
6.087178587913513184e-01
-1.283285617828369141e-01
-4.463092237710952759e-02
-1.499473601579666138e-01
2.708819881081581116e-02
1.506310254335403442e-01
-9.776189923286437988e-02
-1.654406040906906128e-01
3.471819460391998291e-01
1.202793717384338379e-01
3.005464971065521240e-01
-1.802251189947128296e-01
3.475173711776733398e-01
6.433405727148056030e-02
4.372022151947021484e-01
9.894646704196929932e-02
-2.268270850181579590e-01
7.554960250854492188e-02
1.333445608615875244e-01
1.894504278898239136e-01
1.465302705764770508e-01
-3.053019046783447266e-01
-5.330280065536499023e-01
-2.051668465137481689e-01
1.531964838504791260e-01
-1.431962996721267700e-01
-2.773244380950927734e-01
3.708903491497039795e-02
-5.022460594773292542e-02
-1.339530292898416519e-02
-5.781323909759521484e-01
-1.208655387163162231e-01
5.089010298252105713e-02
-1.514070034027099609e-01
2.480505853891372681e-01
-6.222563982009887695e-01
-5.628824606537818909e-02
1.191264986991882324e-01
-2.672061920166015625e-01
6.007060408592224121e-02
7.377530634403228760e-02
7.011119276285171509e-02
-5.459843873977661133e-01
-2.242457866668701172e-02
3.235128894448280334e-02
3.611765801906585693e-03
1.553473472595214844e-01
-3.448426723480224609e-01
7.153692096471786499e-02
1.361382901668548584e-01
5.543946027755737305e-01
-4.149346649646759033e-01
-5.458438396453857422e-02
-1.968530714511871338e-01
9.727524220943450928e-02
1.106191128492355347e-01
-3.753674030303955078e-02
4.031950235366821289e-01
-1.247767060995101929e-01
-4.274671971797943115e-01
3.783497810363769531e-01
4.016740322113037109e-01
-1.931285560131072998e-01
2.872398197650909424e-01
-8.527468144893646240e-02
3.197270035743713379e-01
1.262649297714233398e-01
2.417451143264770508e-01
3.087447881698608398e-01
-1.032083407044410706e-01
2.946233190596103668e-02
1.537649631500244141e-01
4.011188447475433350e-01
-1.600662171840667725e-01
6.217013597488403320e-01
3.150552511215209961e-01
9.844157844781875610e-03
-1.442241221666336060e-01
3.850436508655548096e-01
-9.377165883779525757e-02
-1.870484352111816406e-01
-1.458325237035751343e-01
-1.758226752281188965e-01
1.724450588226318359e-01
-2.031803876161575317e-01
-8.654733002185821533e-02
2.367897182703018188e-01
1.582206487655639648e-01
1.485553979873657227e-01
6.653165817260742188e-02
-2.902891933917999268e-01
1.542283967137336731e-02
-4.815919101238250732e-01
-2.543538212776184082e-01
-6.738025695085525513e-04
-3.759924322366714478e-02
2.315387129783630371e-01
-3.915958851575851440e-02
-2.150540240108966827e-02
-2.055391371250152588e-01
-8.641231805086135864e-02
1.122321933507919312e-03
-1.669162213802337646e-01
-8.691240847110748291e-02
-1.439038105309009552e-02
1.654181778430938721e-01
-2.043551206588745117e-02
1.268329471349716187e-01
-3.062598109245300293e-01
-6.788760423660278320e-03
-3.362761437892913818e-02
9.358011186122894287e-02
-1.965660750865936279e-01
-3.418831154704093933e-02
1.215818971395492554e-01
1.525610238313674927e-01
2.149583697319030762e-01
-2.816179990768432617e-01
-2.986997961997985840e-01
-3.545353710651397705e-01
-1.957631856203079224e-01
-2.809339165687561035e-01
3.426405042409896851e-02
-5.488782003521919250e-02
4.645637869834899902e-01
8.984011411666870117e-02
3.823803365230560303e-02
3.313343971967697144e-03
1.217618510127067566e-01
-8.497912436723709106e-03
7.323333621025085449e-02
-5.786317586898803711e-02
3.872689902782440186e-01
3.657825291156768799e-01
-4.106330126523971558e-02
-4.162479341030120850e-01
-1.211171746253967285e-01
1.586806774139404297e-01
4.098472893238067627e-01
6.601263582706451416e-02
-3.117115795612335205e-01
1.079278290271759033e-01
3.439880609512329102e-01
1.814904659986495972e-01
1.001880094408988953e-01
6.885194778442382812e-02
-3.095690906047821045e-01
-3.801145553588867188e-01
-2.457136958837509155e-01
3.266871571540832520e-01
-2.179663628339767456e-02
-3.020632639527320862e-02
1.544457376003265381e-01
3.689377307891845703e-01
-8.241084963083267212e-02
-7.375591248273849487e-02
2.542434334754943848e-01
-5.680447071790695190e-02
1.028883531689643860e-01
2.777888178825378418e-01
-2.108313888311386108e-01
-2.207855228334665298e-03
6.149123609066009521e-02
-1.605359762907028198e-01
-2.773771621286869049e-02
1.046879589557647705e-01
-1.354518383741378784e-01
8.355014026165008545e-02
6.720394641160964966e-02
2.798182070255279541e-01
-4.662914872169494629e-01
2.492812871932983398e-01
-6.109740212559700012e-02
-7.965248823165893555e-02
-7.895305752754211426e-02
1.465632915496826172e-01
5.533828735351562500e-01
-1.402420252561569214e-01
-1.349905878305435181e-01
-7.520646601915359497e-02
-2.736399173736572266e-01
2.949009537696838379e-01
-1.844824254512786865e-01
-1.333953142166137695e-01
-1.845570951700210571e-01
1.662097275257110596e-01
-1.185184195637702942e-01
1.679508686065673828e-01
-2.163560874760150909e-02
7.815386354923248291e-02
-3.160776942968368530e-02
-3.596405982971191406e-01
9.097875654697418213e-02
1.296713501214981079e-01
1.036771610379219055e-01
3.229925930500030518e-01
2.670277953147888184e-01
3.199090063571929932e-01
-4.392457306385040283e-01
3.422313928604125977e-01
-2.866611480712890625e-01
-4.008913412690162659e-02
1.608510762453079224e-01
-1.426729261875152588e-01
2.027337253093719482e-01
1.243724524974822998e-01
-1.396712362766265869e-01
1.329016089439392090e-01
-2.076370567083358765e-01
-9.530029259622097015e-03
-2.704234719276428223e-01
-3.587456941604614258e-01
2.200056910514831543e-01
3.086051344871520996e-01
-2.561762370169162750e-02
-1.669553816318511963e-01
4.148669838905334473e-01
7.618977129459381104e-02
-3.459162116050720215e-01
1.316791921854019165e-01
-5.456850528717041016e-01
-2.052219510078430176e-01
-1.548137217760086060e-01
2.045637369155883789e-01
-2.434609085321426392e-01
3.085961937904357910e-02
1.656276434659957886e-01
-1.787381619215011597e-02
-4.339849352836608887e-01
2.632956206798553467e-01
6.705630570650100708e-02
1.223853975534439087e-01
-1.030340790748596191e-02
-2.036601155996322632e-01
-3.217959403991699219e-02
3.048067688941955566e-01
-6.352927684783935547e-01
-3.519527912139892578e-01
-1.891741752624511719e-01
4.526618868112564087e-04
2.694801390171051025e-01
-8.093282580375671387e-02
-3.204898536205291748e-01
-3.052598610520362854e-02
4.668629169464111328e-01
3.193498253822326660e-01
1.101629361510276794e-01
2.693309187889099121e-01
5.210162326693534851e-02
-3.606117069721221924e-01
2.495625317096710205e-01
-7.211745977401733398e-01
1.300987508147954941e-02
-2.118142545223236084e-01
1.692292094230651855e-01
-1.319868862628936768e-01
-8.334431797266006470e-03
-3.204972743988037109e-01
1.839229762554168701e-01
2.557175159454345703e-01
8.113700896501541138e-02
-2.718755602836608887e-01
-4.088833630084991455e-01
9.048295021057128906e-02
4.734823107719421387e-01
-7.329289615154266357e-02
-9.466646611690521240e-02
3.981658071279525757e-02
-1.856523156166076660e-01
2.370321750640869141e-01
4.033209756016731262e-02
4.208434745669364929e-02
2.739107608795166016e-01
-2.478200793266296387e-01
1.334013342857360840e-01
-3.223464488983154297e-01
-1.020275056362152100e-02
-9.897731244564056396e-02
-2.054672092199325562e-01
-1.442129760980606079e-01
-1.556800492107868195e-02
-2.917949855327606201e-01
4.589045047760009766e-01
1.082792282104492188e-01
7.480987906455993652e-02
-3.017274439334869385e-01
5.234736949205398560e-02
-2.106384932994842529e-02
1.951729357242584229e-01
-4.108451306819915771e-02
-2.139633707702159882e-02
-1.962793171405792236e-01
-8.717629313468933105e-02
-4.591091349720954895e-02
-4.856310039758682251e-02
2.759861946105957031e-01
-2.870844006538391113e-01
1.167226582765579224e-01
2.147929668426513672e-01
2.280392944812774658e-01
2.183156609535217285e-01
-1.503994874656200409e-02
-2.293936610221862793e-01
1.719688773155212402e-01
3.715224564075469971e-02
-5.223295688629150391e-01
-3.563104867935180664e-01
-3.525685518980026245e-02
-1.212259382009506226e-01
3.262740373611450195e-01
-2.304634749889373779e-01
1.738524585962295532e-01
-1.018054559826850891e-01
1.308613084256649017e-02
-4.649064689874649048e-02
-1.862331330776214600e-01
-8.465953171253204346e-02
2.182433754205703735e-01
-1.530461851507425308e-02
-5.877167731523513794e-02
1.646036058664321899e-01
-1.504969000816345215e-01
-8.665508031845092773e-02
6.217395514249801636e-02
-3.859502375125885010e-01
-3.936525583267211914e-01
1.125719249248504639e-01
2.302328944206237793e-01
5.494263395667076111e-02
5.799961462616920471e-02
-8.156606554985046387e-02
4.366414248943328857e-01
-4.162643104791641235e-02
-1.658939272165298462e-01
-2.937305867671966553e-01
1.426989398896694183e-02
-1.432656794786453247e-01
2.487328276038169861e-02
8.160924166440963745e-02
2.214090526103973389e-01
2.811511158943176270e-01
1.005417779088020325e-01
-6.829331815242767334e-02
2.631436884403228760e-01
1.315388530492782593e-01
8.205734193325042725e-02
-1.565016657114028931e-01
-5.765150487422943115e-02
2.110698223114013672e-01
7.106611132621765137e-02
-2.109805047512054443e-01
1.446343660354614258e-01
2.071157693862915039e-01
-2.039484679698944092e-01
9.141538292169570923e-03
2.029815763235092163e-01
1.666416972875595093e-01
-6.712773442268371582e-02
-4.537860751152038574e-01
-1.506133973598480225e-01
-1.133666187524795532e-01
-5.239801406860351562e-01
3.316271305084228516e-01
2.052507996559143066e-01
