-1.258042901754379272e-01
2.038280107080936432e-02
-4.266139268875122070e-01
-5.341541022062301636e-03
-3.789029419422149658e-01
-2.580287866294384003e-02
2.002350389957427979e-01
-2.374434471130371094e-01
-1.117265671491622925e-01
4.086853563785552979e-02
1.256207376718521118e-01
-2.882058918476104736e-01
-2.002749890089035034e-01
-2.041192948818206787e-01
-2.331410199403762817e-01
-3.871802613139152527e-02
2.134512811899185181e-01
3.618916869163513184e-01
2.615349888801574707e-01
-1.523947417736053467e-01
2.434228360652923584e-01
2.305577993392944336e-01
-3.145675659179687500e-01
-5.828654021024703979e-02
-7.413621991872787476e-02
-4.984832555055618286e-02
-3.099387288093566895e-01
-1.107880920171737671e-01
3.921857476234436035e-01
4.249554872512817383e-02
1.668479293584823608e-01
1.132800802588462830e-01
1.580227911472320557e-01
2.673499584197998047e-01
1.393561661243438721e-01
-1.953397095203399658e-01
-2.554677724838256836e-01
1.930115371942520142e-01
1.820137351751327515e-01
1.043267101049423218e-01
-3.911703824996948242e-04
-4.635686576366424561e-01
-3.910159170627593994e-01
1.198692694306373596e-01
-3.333271294832229614e-02
6.100012734532356262e-02
-2.213162183761596680e-01
9.053959511220455170e-03
-1.379633042961359024e-02
1.580659151077270508e-01
-2.428141683340072632e-01
-1.667279005050659180e-01
-4.265949130058288574e-02
7.155010104179382324e-02
3.210339844226837158e-01
-5.747413635253906250e-01
6.929948180913925171e-02
2.609955668449401855e-01
-2.172014415264129639e-01
-7.010418921709060669e-02
-1.385462880134582520e-01
-1.087098270654678345e-01
-3.821299374103546143e-01
-1.420751214027404785e-01
5.623406916856765747e-02
2.293547093868255615e-01
-6.845261156558990479e-02
-2.949321866035461426e-01
8.036158978939056396e-02
3.487681150436401367e-01
3.409252166748046875e-01
-3.249613195657730103e-02
-6.750570610165596008e-04
-2.967851236462593079e-03
1.684390902519226074e-01
7.191203534603118896e-02
-1.778496950864791870e-01
5.908806324005126953e-01
2.155671715736389160e-01
-3.954182267189025879e-01
2.683968245983123779e-01
5.418797135353088379e-01
-2.626117169857025146e-01
1.591534465551376343e-01
2.033352404832839966e-01
-1.579620689153671265e-02
-9.794424474239349365e-02
1.382449269294738770e-01
6.318403780460357666e-02
-3.629321232438087463e-03
1.901454776525497437e-01
1.730563640594482422e-01
6.865018606185913086e-02
-8.360080420970916748e-03
2.733825743198394775e-01
2.775972783565521240e-01
-7.487398572266101837e-03
-2.969979345798492432e-01
2.705186605453491211e-01
1.286551356315612793e-02
-3.362744450569152832e-01
1.682253181934356689e-01
-6.282113790512084961e-01
2.946342229843139648e-01
-4.389442801475524902e-01
-2.373357862234115601e-01
2.970464229583740234e-01
-1.409119460731744766e-02
-4.895454272627830505e-02
1.909139156341552734e-01
-9.967617690563201904e-02
-3.488920032978057861e-01
-5.687297582626342773e-01
-3.185617327690124512e-01
6.277351826429367065e-02
1.796517521142959595e-01
1.311912238597869873e-01
2.403355091810226440e-01
5.429229512810707092e-02
-3.156528472900390625e-01
-1.571574956178665161e-01
5.552172660827636719e-04
-2.041202187538146973e-01
1.861068010330200195e-01
1.712502688169479370e-01
-3.817251324653625488e-02
1.336791813373565674e-01
4.882860183715820312e-02
-1.754921078681945801e-01
-8.463390171527862549e-02
-5.222999304533004761e-02
2.090682387351989746e-01
1.983246020972728729e-02
-7.633627206087112427e-02
-6.348414346575737000e-03
-1.096458286046981812e-01
4.241789579391479492e-01
-4.492195248603820801e-01
-3.449184298515319824e-01
-4.250934720039367676e-01
-1.042896658182144165e-01
-9.775146842002868652e-02
2.926180139183998108e-02
1.707148551940917969e-02
3.020809292793273926e-01
5.162879824638366699e-04
-2.414905279874801636e-01
1.611613482236862183e-02
3.557616770267486572e-01
2.692830562591552734e-01
-8.270943164825439453e-02
-1.969918310642242432e-01
6.572525203227996826e-02
2.946112155914306641e-01
-1.186058074235916138e-01
-1.249170117080211639e-02
-2.907343506813049316e-01
6.944360584020614624e-02
5.102745294570922852e-01
2.198695018887519836e-02
-7.368930429220199585e-02
3.033591508865356445e-01
1.591898500919342041e-01
4.744904860854148865e-02
3.652124404907226562e-01
-3.436391055583953857e-02
-9.843604266643524170e-02
-2.931091785430908203e-01
1.247968524694442749e-01
2.061230987310409546e-01
-2.203296869993209839e-01
-7.013258337974548340e-02
3.336426615715026855e-01
-8.925138041377067566e-03
1.705611050128936768e-01
-1.055977568030357361e-01
2.137702852487564087e-01
6.645664572715759277e-02
6.553217768669128418e-03
3.029432296752929688e-01
-1.703878194093704224e-01
-3.345197439193725586e-01
2.368518263101577759e-01
-1.887442916631698608e-01
-2.076001465320587158e-01
2.666511833667755127e-01
-2.935290336608886719e-01
-1.108826771378517151e-01
-1.389567404985427856e-01
2.256828844547271729e-01
-3.307718634605407715e-01
1.578998416662216187e-01
-2.644511759281158447e-01
-6.832601130008697510e-02
-2.499538660049438477e-01
-1.407731771469116211e-01
3.689328432083129883e-01
9.721813350915908813e-02
1.102849170565605164e-01
-1.642524152994155884e-01
-5.414201617240905762e-01
4.574890136718750000e-01
3.959590196609497070e-02
1.145304180681705475e-03
-4.465953260660171509e-02
2.539582550525665283e-01
8.074848353862762451e-02
-4.268441349267959595e-02
-1.145542263984680176e-01
2.635900080204010010e-01
-1.555410623550415039e-01
2.322868630290031433e-02
1.407020986080169678e-01
-1.058551520109176636e-01
7.894358783960342407e-02
1.375633776187896729e-01
-1.838706992566585541e-02
2.187872231006622314e-01
-1.776121854782104492e-01
1.465245485305786133e-01
-1.317434608936309814e-01
-3.466347455978393555e-01
2.281375378370285034e-01
-6.163381785154342651e-02
7.444296777248382568e-02
1.911808103322982788e-01
-1.597541719675064087e-01
1.687964797019958496e-01
-4.929923415184020996e-01
-2.482985332608222961e-02
-4.874508827924728394e-03
-3.925044536590576172e-01
2.005725800991058350e-01
3.797709345817565918e-01
1.032503396272659302e-01
-1.616144329309463501e-01
1.785345673561096191e-01
-8.863745629787445068e-02
1.944614388048648834e-02
3.497830033302307129e-02
-5.629103183746337891e-01
1.043137907981872559e-01
-2.101600170135498047e-01
6.852849852293729782e-03
-8.948434889316558838e-02
2.126162052154541016e-01
8.073501288890838623e-02
2.989190816879272461e-01
-4.814378917217254639e-01
7.961754500865936279e-02
2.728909254074096680e-01
1.679711043834686279e-02
2.446590512990951538e-01
-2.823975682258605957e-01
-1.738487780094146729e-01
4.010985791683197021e-02
-4.976382255554199219e-01
-1.959701478481292725e-01
-1.357278823852539062e-01
-2.741588950157165527e-01
2.841998338699340820e-01
1.507444381713867188e-01
-2.928240001201629639e-01
2.196631878614425659e-01
3.820851743221282959e-01
4.315341711044311523e-01
-1.794337928295135498e-01
3.652755022048950195e-01
-2.756331264972686768e-01
-5.582117438316345215e-01
3.223390579223632812e-01
-2.919565141201019287e-01
-5.889710783958435059e-02
-1.746490597724914551e-01
2.143707573413848877e-01
-3.358582258224487305e-01
2.224003523588180542e-01
-1.977149695158004761e-01
2.150577008724212646e-01
2.122357785701751709e-01
-7.193488627672195435e-02
-5.288053154945373535e-01
-1.476950105279684067e-02
2.072533220052719116e-01
3.085600733757019043e-01
-1.786429286003112793e-01
1.151409186422824860e-02
-5.007405951619148254e-02
-1.253580302000045776e-01
5.964871123433113098e-02
1.281925439834594727e-01
2.876740396022796631e-01
4.643094539642333984e-01
3.649581223726272583e-02
3.171432018280029297e-01
-6.676455140113830566e-01
-3.848746046423912048e-02
-7.161001116037368774e-02
-2.788137085735797882e-02
-5.661864280700683594e-01
-1.331816315650939941e-01
2.152625769376754761e-01
1.992457211017608643e-01
1.698313094675540924e-02
-2.012487351894378662e-01
-2.886801958084106445e-01
-1.269749999046325684e-01
5.683250725269317627e-02
3.535113930702209473e-01
-2.679552435874938965e-01
1.358975619077682495e-01
-7.900349795818328857e-02
8.322553336620330811e-02
1.658448874950408936e-01
-1.003274545073509216e-01
3.110536932945251465e-01
-4.646136760711669922e-01
-2.018106132745742798e-01
-2.785336971282958984e-01
3.127942681312561035e-01
1.066702157258987427e-01
-3.034035861492156982e-02
-1.367268860340118408e-01
2.129363417625427246e-01
2.478217333555221558e-01
-1.886358559131622314e-01
-2.505744695663452148e-01
-2.019948661327362061e-01
-2.328019440174102783e-01
1.168980449438095093e-01
-8.411250077188014984e-03
2.089884430170059204e-01
8.830136060714721680e-02
-3.728158771991729736e-01
3.465417623519897461e-01
1.796287149190902710e-01
-8.390755206346511841e-02
-7.684314623475074768e-03
-3.891145577654242516e-03
2.892263233661651611e-02
-1.814004778861999512e-01
-7.316355407238006592e-02
-1.616937965154647827e-01
2.567904591560363770e-01
-2.186403870582580566e-01
-1.285622715950012207e-01
8.171048015356063843e-02
4.617143869400024414e-01
7.949735224246978760e-02
2.787568867206573486e-01
1.767640262842178345e-01
4.242157340049743652e-01
2.650039792060852051e-01
-1.733153313398361206e-01
-2.492488026618957520e-01
1.477320790290832520e-01
2.329381108283996582e-01
-3.994500264525413513e-03
7.910285890102386475e-02
2.509807646274566650e-01
2.923307754099369049e-02
9.468177706003189087e-02
-1.205764040350914001e-01
3.041597008705139160e-01
8.160860836505889893e-02
-1.330638527870178223e-01
-1.869660988450050354e-02
3.394968062639236450e-02
3.679299727082252502e-03
3.990209102630615234e-02
-3.090304732322692871e-01
2.153713256120681763e-01
1.873987019062042236e-01
-1.636102199554443359e-01
-1.888929754495620728e-01
6.646172702312469482e-02
1.995363831520080566e-01
-1.164462864398956299e-01
-2.848560810089111328e-01
1.087809354066848755e-01
1.392975598573684692e-01
-2.431638091802597046e-01
2.675560712814331055e-01
1.486919224262237549e-01
