-1.295377016067504883e-01
6.978916004300117493e-03
-4.216698408126831055e-01
-7.752364501357078552e-03
-3.705950975418090820e-01
-1.860996708273887634e-02
1.734069734811782837e-01
-2.068888843059539795e-01
-1.160882487893104553e-01
7.477253675460815430e-03
1.591699868440628052e-01
-2.919606566429138184e-01
-2.118775844573974609e-01
-2.035294026136398315e-01
-2.153553515672683716e-01
-1.717097684741020203e-02
1.766460537910461426e-01
3.703938722610473633e-01
2.230845540761947632e-01
-1.651996076107025146e-01
2.340375930070877075e-01
2.161981463432312012e-01
-3.066493272781372070e-01
-2.888691797852516174e-02
-5.818668752908706665e-02
-3.088765218853950500e-02
-2.905055284500122070e-01
-1.017972528934478760e-01
4.512056112289428711e-01
6.919339299201965332e-02
2.098945379257202148e-01
3.726089000701904297e-02
1.602708846330642700e-01
2.738119959831237793e-01
1.400959789752960205e-01
-2.122684121131896973e-01
-2.444890886545181274e-01
2.004218399524688721e-01
1.479034125804901123e-01
8.940844982862472534e-02
-6.955350283533334732e-03
-4.471484720706939697e-01
-3.189018368721008301e-01
1.230969950556755066e-01
-8.427921682596206665e-03
7.700058072805404663e-02
-2.738523483276367188e-01
1.075697317719459534e-02
-3.031464666128158569e-02
1.802544295787811279e-01
-2.559483349323272705e-01
-1.942756325006484985e-01
-8.485151827335357666e-02
1.697705686092376709e-02
3.067392408847808838e-01
-5.604300498962402344e-01
1.157653778791427612e-01
2.409322261810302734e-01
-2.081634402275085449e-01
-1.547791957855224609e-01
-1.070409789681434631e-01
-2.094075381755828857e-01
-3.681900799274444580e-01
-1.664457917213439941e-01
1.725727319717407227e-02
2.006834894418716431e-01
-7.239563763141632080e-02
-2.556038796901702881e-01
1.119137778878211975e-01
4.005703926086425781e-01
3.252710103988647461e-01
4.111191257834434509e-03
-4.186070710420608521e-02
-1.536701992154121399e-02
1.883107572793960571e-01
6.964125484228134155e-02
-1.721161752939224243e-01
6.308413743972778320e-01
2.041063606739044189e-01
-3.812889456748962402e-01
2.984530627727508545e-01
5.199799537658691406e-01
-2.307050824165344238e-01
1.244003027677536011e-01
2.116227447986602783e-01
3.376222029328346252e-02
-6.895197182893753052e-02
1.193737685680389404e-01
8.121715486049652100e-02
-5.982188135385513306e-02
1.402754336595535278e-01
1.651200652122497559e-01
6.999970972537994385e-02
2.076442912220954895e-02
2.446145266294479370e-01
3.116398453712463379e-01
3.809835761785507202e-02
-2.539786696434020996e-01
2.766189873218536377e-01
-2.415432408452033997e-02
-3.435430228710174561e-01
1.138777285814285278e-01
-7.068550586700439453e-01
3.201640844345092773e-01
-4.479638338088989258e-01
-2.492868900299072266e-01
3.393577337265014648e-01
-3.064342588186264038e-02
-3.805611282587051392e-02
1.518443822860717773e-01
-9.987027943134307861e-02
-3.437879383563995361e-01
-5.527517199516296387e-01
-3.231596052646636963e-01
4.619253426790237427e-02
1.632196903228759766e-01
1.563300192356109619e-01
2.890885174274444580e-01
3.565726429224014282e-02
-3.044118285179138184e-01
-1.712284237146377563e-01
9.404373355209827423e-03
-1.922608017921447754e-01
2.053456008434295654e-01
2.288420498371124268e-01
-6.369359791278839111e-02
2.046045362949371338e-01
5.192850530147552490e-02
-1.568448245525360107e-01
-1.404385864734649658e-01
-4.977636784315109253e-02
2.002520859241485596e-01
4.751135408878326416e-02
-7.423494011163711548e-02
-1.893159747123718262e-02
-8.877585828304290771e-02
3.838306069374084473e-01
-4.695792496204376221e-01
-3.808425664901733398e-01
-4.632697105407714844e-01
-1.245860904455184937e-01
-6.317985057830810547e-02
5.048453807830810547e-03
-2.186079695820808411e-02
3.490535020828247070e-01
-3.783261030912399292e-02
-2.713683843612670898e-01
-2.061662450432777405e-02
3.435382246971130371e-01
3.064390420913696289e-01
-5.679729953408241272e-02
-1.909384429454803467e-01
1.257964689284563065e-02
3.184859752655029297e-01
-1.037736907601356506e-01
9.366532787680625916e-03
-3.264183700084686279e-01
8.117517828941345215e-02
4.709717035293579102e-01
3.305204957723617554e-02
-9.949550777673721313e-02
3.101081550121307373e-01
1.749539673328399658e-01
1.005164235830307007e-01
3.498492240905761719e-01
-3.184819221496582031e-02
-1.268557012081146240e-01
-3.025479316711425781e-01
1.184143275022506714e-01
2.042604237794876099e-01
-2.818070650100708008e-01
-1.282813996076583862e-01
3.142117857933044434e-01
-1.143805589526891708e-02
1.692608296871185303e-01
-8.006300777196884155e-02
2.153455317020416260e-01
4.629377648234367371e-02
-2.397096529603004456e-02
3.055172562599182129e-01
-1.769400388002395630e-01
-3.230074644088745117e-01
2.724473774433135986e-01
-1.901381313800811768e-01
-1.951087862253189087e-01
2.923478484153747559e-01
-2.447894513607025146e-01
-1.154517084360122681e-01
-1.523154377937316895e-01
2.172835171222686768e-01
-2.472318112850189209e-01
1.988814324140548706e-01
-2.793160676956176758e-01
-5.329582467675209045e-02
-2.013343572616577148e-01
-1.808107346296310425e-01
3.828713297843933105e-01
7.745786011219024658e-02
6.582853198051452637e-02
-1.356314420700073242e-01
-5.778800249099731445e-01
4.236252903938293457e-01
4.935424774885177612e-02
8.806434459984302521e-03
-4.608341306447982788e-02
2.378044873476028442e-01
6.769531965255737305e-02
-3.480677306652069092e-02
-1.420314311981201172e-01
2.723117172718048096e-01
-1.540142744779586792e-01
-6.140995770692825317e-02
9.255521744489669800e-02
-1.218465119600296021e-01
5.857586115598678589e-02
1.302062124013900757e-01
-5.581849813461303711e-02
1.649779081344604492e-01
-2.043705880641937256e-01
1.173875927925109863e-01
-1.431380510330200195e-01
-3.127540349960327148e-01
2.373652607202529907e-01
-9.150773286819458008e-02
9.421788156032562256e-02
2.155161947011947632e-01
-1.831283867359161377e-01
1.396685242652893066e-01
-4.903903007507324219e-01
2.397672459483146667e-02
6.779842078685760498e-03
-4.372547268867492676e-01
1.669396758079528809e-01
4.064756631851196289e-01
1.428658366203308105e-01
-1.333194971084594727e-01
9.946878254413604736e-02
-6.535527110099792480e-02
4.806334897875785828e-02
2.664780244231224060e-02
-5.790082216262817383e-01
1.226514354348182678e-01
-1.991024017333984375e-01
5.008104257285594940e-03
-6.846055388450622559e-02
1.639111936092376709e-01
7.936091721057891846e-02
2.600492238998413086e-01
-4.800678789615631104e-01
1.386068612337112427e-01
2.574831545352935791e-01
-4.093971103429794312e-03
2.642028331756591797e-01
-2.570132315158843994e-01
-1.302101016044616699e-01
6.361732631921768188e-02
-4.290336966514587402e-01
-1.917709112167358398e-01
-1.356998533010482788e-01
-2.554804086685180664e-01
3.245970308780670166e-01
1.506766676902770996e-01
-3.123330175876617432e-01
1.848348677158355713e-01
3.889887928962707520e-01
4.748511910438537598e-01
-1.930243372917175293e-01
3.940477371215820312e-01
-2.416027933359146118e-01
-5.106461644172668457e-01
3.496227860450744629e-01
-3.034119307994842529e-01
-5.911406874656677246e-02
-1.766272783279418945e-01
2.111826092004776001e-01
-3.568721413612365723e-01
2.427012920379638672e-01
-2.070451378822326660e-01
2.178360372781753540e-01
1.877830773591995239e-01
-1.061598658561706543e-01
-4.976020157337188721e-01
4.080425947904586792e-03
2.313317656517028809e-01
3.024420440196990967e-01
-1.893767863512039185e-01
-8.162195794284343719e-03
-5.985213071107864380e-02
-1.377264112234115601e-01
6.230412423610687256e-02
1.011728197336196899e-01
3.321025669574737549e-01
4.398584961891174316e-01
2.531456574797630310e-02
3.242032825946807861e-01
-6.261470317840576172e-01
-1.624152064323425293e-04
-1.106077283620834351e-01
-2.593780681490898132e-02
-5.555763840675354004e-01
-1.033854708075523376e-01
2.166724056005477905e-01
1.849283427000045776e-01
-1.519874855875968933e-02
-2.060762345790863037e-01
-3.020283281803131104e-01
-1.265720725059509277e-01
6.962162256240844727e-02
3.293461799621582031e-01
-2.520128488540649414e-01
1.684905290603637695e-01
-1.015661209821701050e-01
8.075566589832305908e-02
1.955698281526565552e-01
-1.247592568397521973e-01
3.342316150665283203e-01
-3.995311856269836426e-01
-1.967974305152893066e-01
-2.350933104753494263e-01
2.927097678184509277e-01
6.926567852497100830e-02
-4.822590947151184082e-02
-1.284687370061874390e-01
2.221815288066864014e-01
2.206921279430389404e-01
-1.945250332355499268e-01
-2.562034726142883301e-01
-1.720613241195678711e-01
-2.191553711891174316e-01
1.332303583621978760e-01
-3.746813535690307617e-02
1.784202754497528076e-01
1.270785927772521973e-01
-3.689488172531127930e-01
3.305025994777679443e-01
1.889922320842742920e-01
-6.217923015356063843e-02
4.522357136011123657e-03
7.728952914476394653e-03
3.578026965260505676e-02
-1.999041736125946045e-01
-7.498179376125335693e-02
-1.043955385684967041e-01
2.653247416019439697e-01
-2.520974874496459961e-01
-1.397683322429656982e-01
8.955669403076171875e-02
4.501116275787353516e-01
1.115139275789260864e-01
3.093484640121459961e-01
1.588825583457946777e-01
3.919355869293212891e-01
2.747972905635833740e-01
-1.305491030216217041e-01
-2.634109258651733398e-01
1.746742725372314453e-01
2.468164265155792236e-01
8.836583234369754791e-03
1.212526261806488037e-01
2.769351005554199219e-01
-1.953309960663318634e-02
1.088184863328933716e-01
-1.403083503246307373e-01
2.830214202404022217e-01
1.554120182991027832e-01
-8.613665401935577393e-02
-2.702398784458637238e-02
-3.156999498605728149e-02
-3.561021760106086731e-02
7.555244863033294678e-02
-3.147017359733581543e-01
2.092418819665908813e-01
2.079633176326751709e-01
-1.482486575841903687e-01
-1.485712528228759766e-01
8.847825229167938232e-02
1.874031424522399902e-01
-1.121699213981628418e-01
-2.856864333152770996e-01
8.203646540641784668e-02
1.216495335102081299e-01
-2.220345139503479004e-01
2.378615885972976685e-01
1.855853497982025146e-01
