-1.233930587768554688e-01
9.683543816208839417e-03
-4.439576268196105957e-01
1.137302536517381668e-02
-3.964689075946807861e-01
-2.666560001671314240e-03
1.982733309268951416e-01
-1.883894205093383789e-01
-7.944911718368530273e-02
-2.482286468148231506e-02
1.522874236106872559e-01
-3.169315457344055176e-01
-2.292077690362930298e-01
-2.047530710697174072e-01
-2.261753678321838379e-01
-5.394214391708374023e-02
2.479952871799468994e-01
3.781906366348266602e-01
2.658295035362243652e-01
-1.711050122976303101e-01
1.742171496152877808e-01
2.476441264152526855e-01
-3.355649113655090332e-01
-8.705195784568786621e-02
-5.845569074153900146e-02
-4.293275624513626099e-02
-2.715117335319519043e-01
-9.997743368148803711e-02
4.114539623260498047e-01
3.897391632199287415e-02
2.210794687271118164e-01
1.118848472833633423e-01
1.639710366725921631e-01
2.977889478206634521e-01
1.362570971250534058e-01
-1.883237361907958984e-01
-2.775588929653167725e-01
2.234677672386169434e-01
1.871441006660461426e-01
1.045466661453247070e-01
1.908152364194393158e-03
-4.695476293563842773e-01
-3.593285679817199707e-01
1.239095777273178101e-01
-1.050502248108386993e-02
5.236068367958068848e-02
-2.279356420040130615e-01
3.845688328146934509e-02
7.752806879580020905e-03
1.413505077362060547e-01
-2.728732526302337646e-01
-1.781520247459411621e-01
-2.502514980733394623e-02
8.698748052120208740e-02
2.896000444889068604e-01
-5.512078404426574707e-01
1.053561344742774963e-01
2.382783442735671997e-01
-2.520786523818969727e-01
-1.036973074078559875e-01
-9.179393947124481201e-02
-1.470448672771453857e-01
-3.727451562881469727e-01
-1.829408258199691772e-01
3.430285677313804626e-02
1.979685425758361816e-01
-1.576359197497367859e-02
-3.349860906600952148e-01
1.144744008779525757e-01
3.932358622550964355e-01
3.785991668701171875e-01
-3.399276360869407654e-02
3.389062359929084778e-03
3.044171258807182312e-03
1.703185141086578369e-01
7.786314189434051514e-02
-1.761712431907653809e-01
6.018457412719726562e-01
2.257701307535171509e-01
-3.404230475425720215e-01
2.476700395345687866e-01
5.158110857009887695e-01
-2.641778290271759033e-01
1.596098542213439941e-01
2.125845551490783691e-01
1.116468477994203568e-02
-1.069930195808410645e-01
1.438731849193572998e-01
5.744993686676025391e-04
8.031209930777549744e-03
1.465115696191787720e-01
2.436138391494750977e-01
1.366948783397674561e-01
-4.602087661623954773e-02
2.026664912700653076e-01
3.139760494232177734e-01
1.567556057125329971e-03
-2.791575491428375244e-01
2.806749939918518066e-01
-1.325808465480804443e-02
-3.555260896682739258e-01
1.676462590694427490e-01
-6.392415761947631836e-01
2.470126152038574219e-01
-4.697570800781250000e-01
-2.428750097751617432e-01
3.435362577438354492e-01
1.446275040507316589e-03
-6.930759549140930176e-02
1.623845398426055908e-01
-8.205509185791015625e-02
-3.443816006183624268e-01
-5.438913702964782715e-01
-3.144297003746032715e-01
7.418384402990341187e-02
1.404433846473693848e-01
1.456741392612457275e-01
2.095693349838256836e-01
7.004420459270477295e-02
-2.778403460979461670e-01
-1.147309690713882446e-01
2.918532118201255798e-02
-2.384096831083297729e-01
2.251576036214828491e-01
1.865367591381072998e-01
-2.272474393248558044e-02
1.353165656328201294e-01
5.355876684188842773e-02
-2.070895433425903320e-01
-5.496890097856521606e-02
-8.358918875455856323e-02
1.969146877527236938e-01
1.266930624842643738e-02
-4.275060817599296570e-02
-2.177676931023597717e-02
-1.086641401052474976e-01
3.888892531394958496e-01
-4.746033251285552979e-01
-3.355313241481781006e-01
-4.275882840156555176e-01
-1.064182370901107788e-01
-8.980508893728256226e-02
4.229756817221641541e-02
-7.912967354059219360e-03
3.046101033687591553e-01
9.274153970181941986e-03
-1.981981694698333740e-01
7.478987798094749451e-03
3.765487074851989746e-01
2.647396028041839600e-01
-7.462587207555770874e-02
-1.775926947593688965e-01
4.766290262341499329e-02
3.159545063972473145e-01
-1.023575961589813232e-01
-6.550621241331100464e-02
-2.749553918838500977e-01
8.942873030900955200e-02
5.014212131500244141e-01
2.346347831189632416e-02
-1.119988262653350830e-01
2.958226203918457031e-01
1.815212965011596680e-01
8.821377158164978027e-02
3.188118040561676025e-01
-1.936128176748752594e-02
-8.898796141147613525e-02
-2.835824191570281982e-01
9.264917671680450439e-02
2.602226734161376953e-01
-2.258421331644058228e-01
-4.705524072051048279e-02
3.573499619960784912e-01
-2.331118285655975342e-02
1.119073033332824707e-01
-8.943271636962890625e-02
2.662233710289001465e-01
5.165154114365577698e-02
-2.672018110752105713e-02
2.849550247192382812e-01
-1.476881355047225952e-01
-3.188434243202209473e-01
1.922843903303146362e-01
-2.248992025852203369e-01
-2.106234878301620483e-01
2.688699960708618164e-01
-2.778647541999816895e-01
-1.065499186515808105e-01
-1.580430865287780762e-01
2.624521851539611816e-01
-3.335534930229187012e-01
2.016768306493759155e-01
-2.812240719795227051e-01
-7.876121252775192261e-02
-2.119851112365722656e-01
-1.844350248575210571e-01
3.335193097591400146e-01
1.154719442129135132e-01
1.015484109520912170e-01
-1.596781611442565918e-01
-5.446090102195739746e-01
4.322701394557952881e-01
-3.677416592836380005e-02
1.745831221342086792e-02
-2.159652858972549438e-02
2.353346347808837891e-01
1.014100015163421631e-01
-5.550143122673034668e-02
-1.037504523992538452e-01
2.431063055992126465e-01
-1.388327330350875854e-01
2.370616421103477478e-02
1.356424093246459961e-01
-1.016571819782257080e-01
8.975941687822341919e-02
9.920619428157806396e-02
-1.745104789733886719e-03
2.112720012664794922e-01
-1.870680898427963257e-01
1.486372053623199463e-01
-1.780113577842712402e-01
-3.256834447383880615e-01
2.355860769748687744e-01
-7.540906220674514771e-02
1.044056639075279236e-01
1.847843676805496216e-01
-1.441593319177627563e-01
1.233496218919754028e-01
-4.857237040996551514e-01
-1.343570370227098465e-02
-5.204473435878753662e-02
-3.555413484573364258e-01
2.123160064220428467e-01
3.565018177032470703e-01
1.272154450416564941e-01
-1.622166037559509277e-01
1.531343758106231689e-01
-1.074925065040588379e-01
-4.624863155186176300e-03
7.032921165227890015e-02
-5.292927026748657227e-01
1.040340140461921692e-01
-2.100428193807601929e-01
-3.120971471071243286e-02
-1.349558532238006592e-01
1.681854128837585449e-01
8.389231562614440918e-02
3.188994526863098145e-01
-5.086288452148437500e-01
1.414019167423248291e-01
3.220433890819549561e-01
1.483942754566669464e-02
2.752187252044677734e-01
-2.741649150848388672e-01
-1.286151260137557983e-01
4.617016389966011047e-02
-4.849521219730377197e-01
-2.051389217376708984e-01
-1.664788126945495605e-01
-2.761606574058532715e-01
2.995477318763732910e-01
1.275137066841125488e-01
-2.887529134750366211e-01
2.165327668190002441e-01
4.176703691482543945e-01
4.419886469841003418e-01
-1.910829246044158936e-01
3.739725649356842041e-01
-2.700039148330688477e-01
-5.605968832969665527e-01
3.477085828781127930e-01
-2.580325305461883545e-01
-6.666013598442077637e-02
-1.833855807781219482e-01
2.577036619186401367e-01
-3.456762433052062988e-01
2.334125041961669922e-01
-1.901527345180511475e-01
2.226009070873260498e-01
1.996883600950241089e-01
-6.337689608335494995e-02
-5.700703859329223633e-01
-7.223587483167648315e-03
1.570550501346588135e-01
2.981170117855072021e-01
-2.105288207530975342e-01
3.799455473199486732e-03
-6.037513911724090576e-02
-1.445844322443008423e-01
4.396004602313041687e-02
1.041197031736373901e-01
2.955500483512878418e-01
4.315669834613800049e-01
3.586132079362869263e-02
2.836107313632965088e-01
-6.518085002899169922e-01
-8.396115154027938843e-03
-1.222485601902008057e-01
-2.872231230139732361e-02
-5.406122207641601562e-01
-1.407433152198791504e-01
1.974810212850570679e-01
2.311517745256423950e-01
1.699383370578289032e-02
-1.787100136280059814e-01
-2.608311176300048828e-01
-1.324877887964248657e-01
6.217398494482040405e-02
3.875643014907836914e-01
-2.591011822223663330e-01
6.210828945040702820e-02
-8.326300978660583496e-02
1.287375539541244507e-01
1.511439979076385498e-01
-1.267741024494171143e-01
2.911416888236999512e-01
-4.818207621574401855e-01
-2.053862810134887695e-01
-2.416805475950241089e-01
2.795583009719848633e-01
1.369661688804626465e-01
-6.963887065649032593e-02
-1.275116503238677979e-01
2.180641591548919678e-01
2.514860033988952637e-01
-1.552049517631530762e-01
-2.951753139495849609e-01
-2.376652956008911133e-01
-2.053937613964080811e-01
1.310243308544158936e-01
-1.424463838338851929e-02
2.461264580488204956e-01
1.033639460802078247e-01
-4.256253242492675781e-01
3.205094933509826660e-01
1.609831750392913818e-01
-3.009810112416744232e-02
8.809436112642288208e-04
-5.050401203334331512e-03
6.444148719310760498e-02
-1.950544714927673340e-01
-4.597783833742141724e-02
-1.256896704435348511e-01
2.227649539709091187e-01
-2.440313100814819336e-01
-1.461903601884841919e-01
7.989644259214401245e-02
4.261420369148254395e-01
7.301066070795059204e-02
2.488540709018707275e-01
1.253292262554168701e-01
4.149405956268310547e-01
3.198685944080352783e-01
-1.687732636928558350e-01
-2.211843132972717285e-01
1.176988035440444946e-01
2.236238121986389160e-01
2.568999119102954865e-02
1.114270091056823730e-01
1.892863810062408447e-01
1.622580923140048981e-02
9.625197201967239380e-02
-1.540839672088623047e-01
2.846435904502868652e-01
8.607630431652069092e-02
-1.497177779674530029e-01
-3.980407118797302246e-02
2.250232361257076263e-02
3.283608332276344299e-02
5.817096307873725891e-02
-3.582097291946411133e-01
2.090916484594345093e-01
2.241650223731994629e-01
-1.837447285652160645e-01
-2.115677744150161743e-01
1.096566021442413330e-01
2.320019900798797607e-01
-1.235637962818145752e-01
-2.773569226264953613e-01
7.820380479097366333e-02
2.008962780237197876e-01
-2.818745374679565430e-01
2.805375158786773682e-01
1.870703101158142090e-01
