-1.058796197175979614e-01
2.833389639854431152e-01
-2.850893437862396240e-01
-2.696448564529418945e-01
-3.807211667299270630e-02
-2.712792754173278809e-01
5.088294744491577148e-01
6.471949815750122070e-02
2.995803765952587128e-02
1.555909663438796997e-01
4.502394199371337891e-01
-4.551074504852294922e-01
-1.075638681650161743e-01
-1.318814456462860107e-01
-7.308247685432434082e-02
1.790126319974660873e-03
3.348161578178405762e-01
5.453985929489135742e-01
-8.217836916446685791e-02
8.830106258392333984e-02
5.201735496520996094e-01
-6.057871505618095398e-02
-1.206509396433830261e-01
8.718740195035934448e-02
-3.394104540348052979e-02
3.297271132469177246e-01
-2.628524899482727051e-01
-2.877801954746246338e-01
1.292547583580017090e-01
-4.547478258609771729e-02
2.424278110265731812e-01
1.632663011550903320e-01
3.247423470020294189e-01
1.789004802703857422e-01
7.416638731956481934e-02
1.881779432296752930e-01
2.243636362254619598e-02
-1.331872940063476562e-01
2.297505736351013184e-01
8.280677348375320435e-02
-1.789329946041107178e-01
-4.664663225412368774e-02
-1.220749169588088989e-01
-9.530582278966903687e-02
1.731832623481750488e-01
-2.389235496520996094e-01
-1.197659149765968323e-01
-7.148396968841552734e-02
-5.265152454376220703e-02
-6.276689469814300537e-02
-4.335759580135345459e-01
-1.193859204649925232e-01
5.454748496413230896e-02
-2.428454458713531494e-01
2.506411671638488770e-01
-4.313240945339202881e-01
2.557408809661865234e-01
3.153085112571716309e-01
-3.106126189231872559e-01
2.961928211152553558e-02
6.075571291148662567e-04
1.554668247699737549e-01
-5.458968281745910645e-01
1.694981753826141357e-01
1.237253546714782715e-01
1.030463129281997681e-01
-1.588852852582931519e-01
-3.934635519981384277e-01
-3.835621476173400879e-02
6.451027095317840576e-02
6.029167175292968750e-01
-1.957955956459045410e-01
7.616206072270870209e-03
-2.050178200006484985e-01
7.394356280565261841e-02
-5.504412204027175903e-02
-1.267003268003463745e-01
2.677163481712341309e-01
-2.916762232780456543e-01
-2.790986299514770508e-01
3.142538666725158691e-01
3.155045509338378906e-01
-2.970632910728454590e-01
1.252464205026626587e-01
-7.954471558332443237e-02
1.210514754056930542e-01
-1.609834842383861542e-03
1.358892619609832764e-01
3.815794587135314941e-01
-2.297674566507339478e-01
1.986793130636215210e-01
3.283130526542663574e-01
1.002786681056022644e-01
-8.761992678046226501e-03
6.764816045761108398e-01
1.308925151824951172e-01
-4.948813468217849731e-02
-3.313722908496856689e-01
-7.462428510189056396e-02
1.147902160882949829e-01
-2.979755029082298279e-02
2.562879025936126709e-02
-3.126567900180816650e-01
4.255119562149047852e-01
-2.232025563716888428e-01
-1.330540180206298828e-01
2.092235237360000610e-01
-1.516233980655670166e-01
6.673583388328552246e-02
2.927726805210113525e-01
-6.511266529560089111e-02
2.476451732218265533e-02
-6.827339529991149902e-01
-7.888419181108474731e-02
2.590688318014144897e-02
-9.816171228885650635e-02
3.231663703918457031e-01
-1.695612072944641113e-01
1.343266665935516357e-01
1.442452669143676758e-01
1.799202263355255127e-01
8.409987390041351318e-02
-2.797181308269500732e-01
-1.194832846522331238e-01
1.373698711395263672e-01
-8.299060165882110596e-02
1.834676265716552734e-01
5.968612805008888245e-02
-4.536855220794677734e-01
3.389392048120498657e-02
2.966640889644622803e-02
8.880851417779922485e-02
-2.949298918247222900e-02
-1.017258465290069580e-01
-6.963327527046203613e-02
1.491596698760986328e-01
3.852028846740722656e-01
-4.901521503925323486e-01
-3.023330867290496826e-01
-9.531281888484954834e-02
-4.137185811996459961e-01
3.663907572627067566e-02
3.947105407714843750e-01
-6.636371463537216187e-02
2.564664185047149658e-01
-2.360153198242187500e-01
4.107238650321960449e-01
8.245574310421943665e-03
1.440610140562057495e-01
-2.219212651252746582e-01
-1.081609874963760376e-01
-3.561750948429107666e-01
1.884908974170684814e-01
5.953945964574813843e-02
1.871508359909057617e-01
-2.494505792856216431e-01
-3.328258097171783447e-01
2.782980203628540039e-01
4.480744600296020508e-01
3.291190415620803833e-02
-9.651055932044982910e-02
8.364782482385635376e-02
2.044209465384483337e-02
1.541548669338226318e-01
6.899870932102203369e-02
9.564864635467529297e-02
-2.646801471710205078e-01
-2.044412791728973389e-01
-1.855482608079910278e-01
3.982998728752136230e-01
1.639356613159179688e-01
1.027775630354881287e-01
5.135559663176536560e-02
9.193748980760574341e-02
3.688994422554969788e-02
-4.224133491516113281e-02
1.821867525577545166e-01
1.368880569934844971e-01
7.832413166761398315e-02
1.266484111547470093e-01
-1.275540888309478760e-01
4.923246055841445923e-02
1.020721793174743652e-01
-1.452130265533924103e-02
4.938066005706787109e-03
1.600145101547241211e-01
-3.581247031688690186e-01
7.939417660236358643e-02
-8.198740333318710327e-02
2.312627807259559631e-02
-3.628112077713012695e-01
-3.954937681555747986e-02
1.422967165708541870e-01
-6.239201501011848450e-02
-1.763752400875091553e-01
1.804033815860748291e-01
5.535455942153930664e-01
-9.516538679599761963e-02
-3.145982921123504639e-01
-4.076070338487625122e-02
-2.674320936203002930e-01
3.506364226341247559e-01
-7.266183942556381226e-02
-1.276610940694808960e-01
7.178760319948196411e-02
2.120768837630748749e-02
-7.388720288872718811e-03
-3.899443894624710083e-02
1.958591938018798828e-01
2.273418754339218140e-01
-2.072485685348510742e-01
-2.210618704557418823e-01
-4.456227272748947144e-02
-4.536041989922523499e-03
5.235975235700607300e-02
3.021537959575653076e-01
3.188128471374511719e-01
3.677968978881835938e-01
1.358734443783760071e-03
1.463772654533386230e-01
8.589343726634979248e-02
-3.730134963989257812e-01
1.098531857132911682e-02
-1.268669813871383667e-01
1.468123793601989746e-01
3.635097295045852661e-02
-2.008309960365295410e-01
2.398173063993453979e-01
-1.083891540765762329e-01
-1.774052232503890991e-01
-3.956180810928344727e-01
-1.694051027297973633e-01
1.385804712772369385e-01
2.428994029760360718e-01
-3.678903281688690186e-01
-1.587792783975601196e-01
1.149749457836151123e-01
9.880524128675460815e-02
-2.148498594760894775e-01
2.133602797985076904e-01
-3.841197788715362549e-01
3.137027621269226074e-01
6.513293832540512085e-02
8.414621651172637939e-02
-1.421779394149780273e-01
7.676983624696731567e-02
1.945731937885284424e-01
-1.454460769891738892e-01
-3.738892972469329834e-01
-3.960503265261650085e-02
-9.027576446533203125e-02
9.090688824653625488e-02
-1.570662707090377808e-01
-2.084724456071853638e-01
1.542089879512786865e-01
-2.716723456978797913e-02
-4.039373397827148438e-01
-4.955763816833496094e-01
-2.333415746688842773e-01
7.818285375833511353e-03
3.405335545539855957e-01
-1.310465335845947266e-01
-2.858909964561462402e-01
2.853873670101165771e-01
6.792787462472915649e-02
2.492149621248245239e-01
-1.329889893531799316e-01
1.420203894376754761e-01
-3.481203317642211914e-01
-3.329572677612304688e-01
3.157549723982810974e-02
-5.084501504898071289e-01
-1.240937113761901855e-01
-2.565197348594665527e-01
2.669813632965087891e-01
-2.727118432521820068e-01
2.246924676001071930e-02
-3.347299098968505859e-01
3.361098170280456543e-01
8.153711259365081787e-02
8.934441953897476196e-02
-3.767266273498535156e-01
-3.295639753341674805e-01
7.598465681076049805e-02
3.290767073631286621e-01
1.933302730321884155e-01
-1.703567504882812500e-01
6.725613772869110107e-02
-1.372581869363784790e-01
2.148225754499435425e-01
1.543048582971096039e-02
4.271076917648315430e-01
1.333954632282257080e-01
-1.163656264543533325e-01
-1.237620413303375244e-02
-3.574220538139343262e-01
2.607700414955615997e-02
-1.373960673809051514e-01
-2.689387798309326172e-01
-2.854291200637817383e-01
2.037629485130310059e-03
-2.091766744852066040e-01
1.542836725711822510e-01
3.974488377571105957e-02
-2.112985104322433472e-01
-2.526858448982238770e-01
-1.543935835361480713e-01
2.379482053220272064e-02
3.204069137573242188e-01
7.172787189483642578e-02
-2.471203655004501343e-01
-1.321938484907150269e-01
8.563140034675598145e-02
1.578923165798187256e-01
5.251835659146308899e-02
1.446048468351364136e-01
-2.421923279762268066e-01
2.005388885736465454e-01
3.903568387031555176e-01
2.282673716545104980e-01
-1.063885390758514404e-01
-3.919082134962081909e-02
-3.584061264991760254e-01
1.456762254238128662e-01
-3.049840964376926422e-02
-1.194077730178833008e-01
-2.426211237907409668e-01
-2.666926085948944092e-01
-9.188955277204513550e-02
1.152308955788612366e-01
-1.186697781085968018e-01
7.615345716476440430e-02
-1.988161504268646240e-01
-1.040223687887191772e-01
-1.687343046069145203e-02
1.713179200887680054e-01
2.159022092819213867e-01
-4.777055233716964722e-02
-5.488038063049316406e-02
-1.449210345745086670e-01
3.117343187332153320e-01
-8.712902665138244629e-02
6.380778551101684570e-02
-2.163261920213699341e-01
-3.128392696380615234e-01
-1.488367468118667603e-01
1.309489607810974121e-01
5.466312766075134277e-01
1.563602685928344727e-01
-2.903790026903152466e-02
-8.721096068620681763e-02
4.851325154304504395e-01
1.787796802818775177e-02
-5.151416063308715820e-01
-1.799375116825103760e-01
8.387006819248199463e-02
3.862282633781433105e-02
-1.033990979194641113e-01
2.142980694770812988e-01
1.760053485631942749e-01
-1.170796677470207214e-01
-9.303145110607147217e-02
-5.589249730110168457e-02
3.081355094909667969e-01
3.119052648544311523e-01
-1.001711562275886536e-02
4.849474877119064331e-02
1.511342078447341919e-01
7.638283073902130127e-02
6.449940800666809082e-02
-2.848755121231079102e-01
1.196276396512985229e-01
2.224567234516143799e-01
-3.305161371827125549e-03
3.939934819936752319e-02
1.529617607593536377e-01
2.553728818893432617e-01
6.378825753927230835e-02
-1.904477626085281372e-01
6.469845026731491089e-02
1.413771957159042358e-01
-3.162179887294769287e-01
1.837333738803863525e-01
2.147883474826812744e-01
