-7.568807154893875122e-02
3.018062710762023926e-01
6.584420800209045410e-02
-8.439873903989791870e-02
1.059542447328567505e-01
-1.087037771940231323e-01
3.334827721118927002e-01
8.927247487008571625e-03
1.063785403966903687e-01
2.215946912765502930e-01
3.788648247718811035e-01
-2.991991639137268066e-01
-4.390347599983215332e-01
-3.352445736527442932e-02
-4.720831289887428284e-02
1.170732267200946808e-02
1.198319122195243835e-01
4.579311013221740723e-01
3.380498290061950684e-02
2.910690903663635254e-01
5.140033364295959473e-01
1.113921701908111572e-01
-2.709088325500488281e-01
-8.032490313053131104e-02
2.765994071960449219e-01
5.263736844062805176e-02
-1.177073270082473755e-01
-2.056209444999694824e-01
1.041365265846252441e-01
8.125545084476470947e-02
7.077452540397644043e-02
-9.436348080635070801e-02
2.574231922626495361e-01
2.238468229770660400e-01
4.666617140173912048e-02
1.996235549449920654e-01
-2.989431321620941162e-01
-6.687539815902709961e-02
2.444708049297332764e-01
4.998146295547485352e-01
-9.084840118885040283e-02
-3.686336278915405273e-01
-4.090048372745513916e-01
-3.633309602737426758e-01
-1.245996803045272827e-01
-2.307848036289215088e-01
-4.014164954423904419e-02
1.500637531280517578e-01
1.414042413234710693e-01
1.380224376916885376e-01
-4.377326071262359619e-01
-1.853173971176147461e-01
-1.098678559064865112e-01
8.825097233057022095e-02
1.768268346786499023e-01
-5.170916318893432617e-01
7.382512092590332031e-02
2.848959565162658691e-01
-8.544490672647953033e-03
1.407205965369939804e-02
6.652715802192687988e-02
5.448372662067413330e-02
-6.556550264358520508e-01
-3.880646079778671265e-03
1.392292678356170654e-01
-9.987689554691314697e-02
-1.990694552659988403e-01
-3.660894930362701416e-03
-1.022042781114578247e-01
-1.477990150451660156e-01
4.289235770702362061e-01
-6.806191056966781616e-02
-1.377313770353794098e-02
-1.890669018030166626e-01
-1.283050924539566040e-01
2.258503809571266174e-02
5.702353268861770630e-02
3.851934075355529785e-01
-1.081283912062644958e-01
-1.934178471565246582e-01
2.367279678583145142e-02
3.617870211601257324e-01
-1.886570751667022705e-01
5.804419517517089844e-02
-9.981568157672882080e-02
4.133752733469009399e-02
5.477594584226608276e-02
3.889737427234649658e-01
4.676615595817565918e-01
-3.664124608039855957e-01
2.005763351917266846e-01
2.721053957939147949e-01
1.716898381710052490e-01
-5.646251887083053589e-02
5.876344442367553711e-01
2.759720683097839355e-01
2.348169498145580292e-02
-1.770544052124023438e-02
-1.089565753936767578e-01
6.828281283378601074e-02
4.522354155778884888e-02
2.520606517791748047e-01
-2.153464853763580322e-01
5.952670574188232422e-01
-2.685968875885009766e-01
-9.530976414680480957e-02
1.665636003017425537e-01
-1.315402984619140625e-01
-1.643587350845336914e-01
2.026741206645965576e-01
-1.100756675004959106e-01
3.652748093008995056e-02
-4.330634772777557373e-01
-8.256077021360397339e-02
3.083497099578380585e-02
1.347225010395050049e-01
-2.108176052570343018e-02
-1.662884354591369629e-01
-1.874432116746902466e-01
-2.084721326828002930e-01
1.690855994820594788e-02
-2.472179383039474487e-01
-4.710660129785537720e-02
3.940450400114059448e-02
-6.589899957180023193e-02
9.859475493431091309e-02
4.406419396400451660e-01
5.147210136055946350e-02
-9.076343476772308350e-02
-6.180158630013465881e-02
1.652311384677886963e-01
5.089220404624938965e-02
6.188883632421493530e-02
-2.037344872951507568e-02
-2.023818790912628174e-01
-2.069833502173423767e-02
3.212553262710571289e-01
-4.828441143035888672e-01
-4.569131731986999512e-01
-2.741239666938781738e-01
-9.792679548263549805e-02
8.784586563706398010e-03
7.402129471302032471e-02
1.349860876798629761e-01
4.059208929538726807e-01
9.557157754898071289e-04
3.250475525856018066e-01
6.536292284727096558e-02
1.638285517692565918e-01
-1.383374333381652832e-01
-1.352735012769699097e-01
-1.172012165188789368e-01
-1.972579583525657654e-02
1.832737624645233154e-01
3.127328455448150635e-01
-2.934347391128540039e-01
-1.716097742319107056e-01
1.188526004552841187e-01
3.403603732585906982e-01
-6.743438541889190674e-02
1.411904990673065186e-01
2.192266285419464111e-01
1.193806380033493042e-01
3.263888657093048096e-01
1.510975360870361328e-01
1.722458899021148682e-01
-5.346044301986694336e-01
-3.950757905840873718e-02
2.958190813660621643e-02
4.416360259056091309e-01
3.701124712824821472e-02
-5.840020626783370972e-02
1.172729283571243286e-01
-1.250081956386566162e-01
1.314094811677932739e-01
3.514060750603675842e-03
3.207342326641082764e-01
1.136529296636581421e-01
-8.751422166824340820e-02
1.564541161060333252e-01
-1.969799399375915527e-01
-4.307040013372898102e-03
1.825654804706573486e-01
1.050963532179594040e-02
-1.642937809228897095e-01
2.366106510162353516e-01
-2.087959051132202148e-01
7.641673833131790161e-02
-1.234756335616111755e-01
-1.463598385453224182e-02
-9.468434005975723267e-02
1.674967706203460693e-01
-2.364488318562507629e-02
-2.699493244290351868e-02
-1.687674820423126221e-01
5.788846313953399658e-02
3.079223334789276123e-01
-8.677377551794052124e-02
-8.829052746295928955e-02
3.470736555755138397e-03
-3.458935022354125977e-01
3.141419887542724609e-01
-1.617020741105079651e-02
-9.538719803094863892e-02
4.881239533424377441e-01
1.870163232088088989e-01
1.091080382466316223e-01
-1.876869797706604004e-01
-1.588693410158157349e-01
1.999144256114959717e-01
2.253185361623764038e-01
1.556917428970336914e-01
1.432767659425735474e-01
6.443610042333602905e-02
3.148010373115539551e-02
1.815214455127716064e-01
1.380278617143630981e-01
4.728781878948211670e-01
-2.099081873893737793e-01
2.559215426445007324e-01
-2.653517723083496094e-01
-4.331905245780944824e-01
2.354163080453872681e-01
-1.608399450778961182e-01
1.203567460179328918e-01
8.697117865085601807e-02
-4.377474188804626465e-01
-1.182763129472732544e-01
-1.208353415131568909e-01
1.308995783329010010e-01
-2.383156716823577881e-01
2.570426762104034424e-01
-3.559730947017669678e-03
1.003798842430114746e-01
-6.676511839032173157e-03
-3.362417817115783691e-01
2.595131397247314453e-01
4.928453825414180756e-03
-2.661782503128051758e-01
1.319497525691986084e-01
-4.391613602638244629e-02
8.695881068706512451e-02
-2.584013938903808594e-01
-3.673208504915237427e-02
-2.266991734504699707e-01
1.070953086018562317e-01
2.332997620105743408e-01
5.788255855441093445e-02
-3.982689380645751953e-01
2.664329111576080322e-02
1.221993267536163330e-01
-1.155695617198944092e-01
-9.749341011047363281e-02
-1.212639436125755310e-01
9.192550927400588989e-02
1.087807938456535339e-01
-6.907411217689514160e-01
-1.804648935794830322e-01
-1.368472725152969360e-01
-1.900271475315093994e-01
2.260008901357650757e-01
2.630507946014404297e-01
-5.118385702371597290e-02
3.578450679779052734e-01
3.432303965091705322e-01
2.316969931125640869e-01
3.060993365943431854e-02
-1.544133871793746948e-01
-2.083984017372131348e-01
-3.995654582977294922e-01
5.707802623510360718e-02
-5.109120011329650879e-01
-1.303448975086212158e-01
-4.071800708770751953e-01
2.299409210681915283e-01
-2.993830442428588867e-01
7.824242860078811646e-02
-1.604110002517700195e-01
3.104475140571594238e-01
-2.451910078525543213e-01
1.047158241271972656e-01
-4.442354440689086914e-01
-3.252519071102142334e-01
-1.727458275854587555e-02
2.810489386320114136e-04
-5.480362474918365479e-02
-1.249839924275875092e-02
-8.138686418533325195e-02
-1.215050220489501953e-01
2.399618327617645264e-01
-5.992114543914794922e-02
1.014027148485183716e-01
2.816635370254516602e-01
-9.530022740364074707e-02
2.142717391252517700e-01
-4.898501634597778320e-01
-1.791246533393859863e-01
1.148309633135795593e-01
-2.564300894737243652e-01
-4.343867599964141846e-01
-2.881644368171691895e-01
-1.404268443584442139e-01
2.837851047515869141e-01
-2.033496797084808350e-01
-2.611735165119171143e-01
-2.622999250888824463e-01
-9.929814934730529785e-02
-1.362642049789428711e-01
2.779263854026794434e-01
-1.165637299418449402e-01
5.191050469875335693e-02
-3.213394880294799805e-01
-7.681427896022796631e-02
2.380398362874984741e-01
1.179265826940536499e-01
1.604864001274108887e-02
-3.076420426368713379e-01
9.882473200559616089e-02
2.952440977096557617e-01
1.788367480039596558e-01
-1.620625518262386322e-02
-7.708749920129776001e-02
-3.363113105297088623e-01
2.800144255161285400e-02
3.479947149753570557e-02
-1.943710297346115112e-01
-1.412675380706787109e-01
-3.710046410560607910e-01
-1.080702990293502808e-01
1.476240158081054688e-01
-4.147986322641372681e-02
7.208558917045593262e-02
-4.428088665008544922e-03
6.216949224472045898e-02
9.906381368637084961e-03
8.222942054271697998e-02
2.753878235816955566e-01
1.680494099855422974e-01
-2.900139689445495605e-01
-1.910878568887710571e-01
-2.345695160329341888e-03
5.578003823757171631e-02
4.912130534648895264e-02
-1.742186546325683594e-01
-1.315734684467315674e-01
-2.464627623558044434e-01
1.144946962594985962e-01
3.042244613170623779e-01
2.541624307632446289e-01
-1.309462338685989380e-01
-1.187440473586320877e-02
6.014339327812194824e-01
5.118755251169204712e-02
-3.578294217586517334e-01
-6.987715512514114380e-02
1.272664964199066162e-01
1.181615665555000305e-01
-1.832286566495895386e-01
-6.865150481462478638e-02
2.878867983818054199e-01
-7.340832799673080444e-02
1.768047958612442017e-01
7.074218243360519409e-03
1.397922188043594360e-01
2.760303914546966553e-01
-1.852113306522369385e-01
-3.470756858587265015e-02
-1.402335427701473236e-02
1.715946197509765625e-01
-1.230646893382072449e-01
-4.086725115776062012e-01
1.137770786881446838e-01
2.874825596809387207e-01
-2.197883129119873047e-01
-2.081111073493957520e-01
7.748655229806900024e-02
2.686152458190917969e-01
9.437058866024017334e-02
-2.665622159838676453e-02
2.529662474989891052e-02
-7.595828734338283539e-03
-3.978269100189208984e-01
-1.391304936259984970e-02
2.734690010547637939e-01
