-3.919809758663177490e-01
3.160140812397003174e-01
-1.461562514305114746e-01
1.323351822793483734e-02
1.167953461408615112e-01
-2.531622946262359619e-01
2.362957894802093506e-01
-3.852379322052001953e-02
8.651192486286163330e-02
1.645758599042892456e-01
3.778373897075653076e-01
-7.242233306169509888e-02
-1.852940022945404053e-01
-6.604027003049850464e-02
-3.236607313156127930e-01
-2.050794959068298340e-01
8.010176569223403931e-02
3.985170274972915649e-02
1.018868982791900635e-01
2.299625575542449951e-01
1.508205533027648926e-01
1.346886456012725830e-01
-3.306083083152770996e-01
-1.807228848338127136e-02
-1.927162557840347290e-01
8.064563572406768799e-02
-2.888149619102478027e-01
-1.878735274076461792e-01
2.792913913726806641e-01
-1.311163306236267090e-01
1.011310219764709473e-01
4.346810281276702881e-02
1.755592226982116699e-01
6.666630506515502930e-02
2.743820548057556152e-01
-2.480668127536773682e-01
-7.944980263710021973e-02
-4.961354285478591919e-02
2.373650521039962769e-01
6.074157357215881348e-02
-5.601844936609268188e-02
-2.020055651664733887e-01
-2.648465335369110107e-01
-1.554056853055953979e-01
6.250062584877014160e-02
2.476300112903118134e-02
-9.479064494371414185e-03
2.262590825557708740e-01
-1.106721013784408569e-01
-2.526446580886840820e-01
-3.467877209186553955e-01
5.067223310470581055e-02
1.357719395309686661e-02
-2.491432875394821167e-01
1.243875101208686829e-01
-3.504793345928192139e-01
1.275979280471801758e-01
1.893393844366073608e-01
-8.634488098323345184e-03
-4.858368262648582458e-02
2.075558006763458252e-01
1.065227985382080078e-01
-6.093001365661621094e-01
7.539124041795730591e-02
2.047347575426101685e-01
9.053459763526916504e-02
-2.548447847366333008e-01
-9.448264539241790771e-02
1.960728466510772705e-01
1.526571810245513916e-01
4.545946121215820312e-01
-2.223529517650604248e-01
-2.824803590774536133e-01
-1.906115561723709106e-03
5.282445251941680908e-02
-9.899276494979858398e-02
4.501995816826820374e-02
3.434618711471557617e-01
-6.759344786405563354e-02
-3.255173265933990479e-01
1.068154163658618927e-02
1.118499562144279480e-01
-7.347387820482254028e-02
8.216350525617599487e-02
-1.333353817462921143e-01
6.367915123701095581e-02
1.147064939141273499e-01
2.267020195722579956e-01
3.326151371002197266e-01
-7.793627679347991943e-02
4.692919850349426270e-01
-6.431384384632110596e-02
3.782203495502471924e-01
-1.355297863483428955e-01
1.589247435331344604e-01
2.764830589294433594e-01
1.098624914884567261e-01
-1.267611980438232422e-01
2.686988115310668945e-01
-9.264167398214340210e-03
1.119121313095092773e-01
-7.292407006025314331e-02
-3.326325714588165283e-01
4.597493261098861694e-02
-3.299405276775360107e-01
9.694747626781463623e-03
2.028127014636993408e-01
-7.301776111125946045e-02
1.745345890522003174e-01
2.036550939083099365e-01
-1.270962208509445190e-01
-1.201088652014732361e-01
-2.716453373432159424e-01
-1.282276660203933716e-01
-6.196555495262145996e-02
-1.187263429164886475e-01
-7.174900174140930176e-02
-2.318975627422332764e-01
1.968785971403121948e-01
-2.049316763877868652e-01
8.172162622213363647e-02
2.194785140454769135e-02
-1.197926700115203857e-01
-1.344158500432968140e-01
4.789295494556427002e-01
-3.861458599567413330e-02
7.792913168668746948e-02
2.242391705513000488e-01
-2.570638060569763184e-01
-1.260804831981658936e-01
6.848940253257751465e-02
-1.198419332504272461e-01
-9.993954747915267944e-02
-1.403654515743255615e-01
-9.199787676334381104e-02
-6.677862256765365601e-02
2.690353095531463623e-01
-2.936911880970001221e-01
-1.779261529445648193e-01
-2.118134796619415283e-01
-5.374050736427307129e-01
-4.358054324984550476e-02
1.591544449329376221e-01
1.274030953645706177e-01
-1.507219299674034119e-02
-8.469215035438537598e-02
-2.121897786855697632e-02
-2.735069021582603455e-03
2.066240906715393066e-01
1.853250712156295776e-02
2.309085428714752197e-02
-1.715766787528991699e-01
3.580754399299621582e-01
5.038197636604309082e-01
1.400826424360275269e-01
-1.215677335858345032e-01
-1.593891903758049011e-02
1.643356829881668091e-01
4.290832877159118652e-01
9.260357357561588287e-03
-2.671737372875213623e-01
2.897536754608154297e-01
7.604971528053283691e-03
3.959695696830749512e-01
5.434542149305343628e-02
4.714613407850265503e-02
-4.013310968875885010e-01
-2.094138860702514648e-01
-7.325004786252975464e-03
3.868093490600585938e-01
9.676671773195266724e-02
2.262989617884159088e-02
1.073393076658248901e-01
-2.222796082496643066e-01
2.089564502239227295e-01
3.327797725796699524e-02
2.736789882183074951e-01
2.168160974979400635e-01
-2.348423898220062256e-01
1.975212991237640381e-01
-2.041321992874145508e-01
-1.285406202077865601e-01
7.060331106185913086e-02
6.697942316532135010e-02
6.529172509908676147e-02
2.971026897430419922e-01
-8.375493809580802917e-03
-9.826879203319549561e-02
-1.020678356289863586e-01
1.837535202503204346e-01
3.805276006460189819e-02
1.388686895370483398e-01
-8.266609907150268555e-02
6.158187985420227051e-02
-3.099016845226287842e-01
3.765483200550079346e-02
2.252430021762847900e-01
-1.511898934841156006e-01
-1.512571126222610474e-01
-1.119302064180374146e-01
-9.403817355632781982e-03
1.110090613365173340e-01
-5.682980641722679138e-02
-1.450784653425216675e-01
1.733937114477157593e-01
2.120068371295928955e-01
-8.994561433792114258e-02
-1.211719065904617310e-01
-1.885027289390563965e-01
1.539080440998077393e-01
1.874494999647140503e-01
-1.166838109493255615e-01
1.047107111662626266e-02
-1.568591296672821045e-01
-3.641722351312637329e-02
3.036597967147827148e-01
9.704393148422241211e-02
6.011718511581420898e-02
1.862648874521255493e-02
-1.573890075087547302e-02
-3.161502182483673096e-01
-7.312056422233581543e-02
7.501008361577987671e-02
-2.478696256875991821e-01
1.032632365822792053e-01
-1.301984786987304688e-01
4.712986201047897339e-02
-4.947189241647720337e-02
-3.505365550518035889e-01
-1.680234372615814209e-01
-1.952636539936065674e-01
-1.713207662105560303e-01
2.872916758060455322e-01
1.615722775459289551e-01
9.889842569828033447e-02
3.991842642426490784e-02
1.218035593628883362e-01
4.576816037297248840e-02
2.303953096270561218e-02
3.020145893096923828e-01
-5.305125564336776733e-02
-1.464599817991256714e-01
-2.278299331665039062e-01
-5.582112446427345276e-02
-3.190406858921051025e-01
-7.153370976448059082e-02
2.692619562149047852e-01
5.953336134552955627e-03
-2.715248465538024902e-01
6.068511679768562317e-02
-9.967206418514251709e-02
-1.499791294336318970e-01
2.233245372772216797e-01
-7.573558390140533447e-02
1.036008223891258240e-01
-8.335258066654205322e-02
-3.170014023780822754e-01
1.047857105731964111e-01
-2.773189842700958252e-01
-2.002320885658264160e-01
3.070956468582153320e-01
1.031486690044403076e-01
-1.218087449669837952e-01
2.672396004199981689e-01
4.284737706184387207e-01
3.792878985404968262e-01
-1.873229146003723145e-01
4.342481121420860291e-02
-1.383135318756103516e-01
-2.839291095733642578e-01
9.944189339876174927e-02
-3.747740387916564941e-01
8.112918585538864136e-02
-1.824730783700942993e-01
1.419893279671669006e-02
-3.048390448093414307e-01
2.508892416954040527e-01
-2.505764067173004150e-01
-2.005106769502162933e-03
-2.055831253528594971e-03
3.213940262794494629e-01
2.796853892505168915e-03
-1.616546511650085449e-01
7.464176416397094727e-02
5.424702763557434082e-01
-1.448078602552413940e-01
-3.653534129261970520e-02
-1.294311583042144775e-01
-2.256810665130615234e-01
7.848063856363296509e-02
-1.187658905982971191e-01
3.972385525703430176e-01
5.066595077514648438e-01
-3.443558812141418457e-01
2.101962268352508545e-01
-4.431339502334594727e-01
1.020603328943252563e-01
-1.512858271598815918e-01
-1.873114891350269318e-02
2.118628844618797302e-02
-1.273889541625976562e-01
-2.067147791385650635e-01
2.568637132644653320e-01
-5.086372420191764832e-02
-1.746262907981872559e-01
-1.459879279136657715e-01
2.663736231625080109e-02
1.438983380794525146e-01
2.040211409330368042e-01
-2.495386302471160889e-01
-1.310897171497344971e-01
-1.939120590686798096e-01
-5.983876064419746399e-03
2.835048437118530273e-01
-1.073253825306892395e-01
2.685600221157073975e-01
-8.328028023242950439e-02
3.964210748672485352e-01
1.399288922548294067e-01
1.486004292964935303e-01
1.072643920779228210e-01
-2.445832937955856323e-01
1.016779989004135132e-01
1.475791186094284058e-01
9.638579934835433960e-02
-2.972152829170227051e-01
-4.429921507835388184e-01
-1.752971559762954712e-01
-1.438277959823608398e-01
1.040202751755714417e-01
-5.016636103391647339e-02
8.468441665172576904e-04
-1.375839672982692719e-02
4.685907810926437378e-02
-4.373241215944290161e-02
9.226725995540618896e-02
1.150097995996475220e-01
2.768951058387756348e-01
-2.034867852926254272e-01
-1.152567639946937561e-01
-1.274097710847854614e-01
-8.973066508769989014e-02
3.396905660629272461e-01
-4.308756068348884583e-02
-3.171733617782592773e-01
7.196037471294403076e-02
-1.121972873806953430e-01
2.473041601479053497e-02
1.677632331848144531e-01
1.552807092666625977e-01
-4.884422570466995239e-02
4.817731380462646484e-01
-3.410396352410316467e-02
-7.562789320945739746e-02
-7.386189699172973633e-02
1.144697144627571106e-01
-6.041205674409866333e-02
1.705078482627868652e-01
5.916955322027206421e-02
4.628337919712066650e-02
1.191608458757400513e-01
2.771208621561527252e-02
-4.158546328544616699e-01
2.171771824359893799e-01
1.809906959533691406e-01
-9.657310694456100464e-02
-2.119927406311035156e-01
-2.252564951777458191e-02
1.855619996786117554e-02
-8.833809196949005127e-02
-2.123674005270004272e-02
7.138773798942565918e-02
2.241309136152267456e-01
-8.401177823543548584e-02
-6.215354800224304199e-02
-5.974589288234710693e-02
3.695893287658691406e-01
-1.247791275382041931e-01
-1.762501746416091919e-01
2.182500436902046204e-02
-8.675211668014526367e-02
-6.687387824058532715e-02
2.817462980747222900e-01
2.098612487316131592e-01
