-3.321583867073059082e-01
1.889383345842361450e-01
-1.883521974086761475e-01
-1.328409761190414429e-01
1.508832164108753204e-02
-6.779403984546661377e-02
2.728713750839233398e-01
2.207895070314407349e-01
1.425398588180541992e-01
3.511634469032287598e-01
3.952668607234954834e-01
-1.158926039934158325e-01
1.253232359886169434e-03
6.776116043329238892e-02
-3.865817785263061523e-01
-1.712623238563537598e-01
-1.658424139022827148e-01
1.240665242075920105e-01
-2.056057751178741455e-02
2.569139897823333740e-01
2.767615318298339844e-01
-1.673011481761932373e-01
-1.956123709678649902e-01
-1.030133217573165894e-01
1.488451808691024780e-01
1.125121265649795532e-01
1.612571179866790771e-01
-1.101641580462455750e-01
1.128879338502883911e-01
1.239569857716560364e-01
6.129474565386772156e-02
-1.040549278259277344e-01
3.744371831417083740e-01
2.466022968292236328e-01
2.434818893671035767e-01
-2.468283921480178833e-01
9.795682877302169800e-02
6.619055755436420441e-03
2.197354435920715332e-01
-5.282672867178916931e-02
7.826130837202072144e-02
-3.299967050552368164e-01
-2.440498769283294678e-01
-1.381014585494995117e-01
3.010535836219787598e-01
7.782498002052307129e-02
-1.050313413143157959e-01
1.587377041578292847e-01
-4.077367857098579407e-02
-9.928198158740997314e-02
-3.638299107551574707e-01
1.230854392051696777e-01
-5.438606813549995422e-02
-2.532211244106292725e-01
1.429286152124404907e-01
-5.972437262535095215e-01
4.757062792778015137e-01
3.241017460823059082e-01
1.302468776702880859e-01
7.052291184663772583e-02
3.015375435352325439e-01
-2.753605842590332031e-01
-5.440726280212402344e-01
-5.839168280363082886e-02
-2.276555299758911133e-01
-1.914053857326507568e-01
-5.424589291214942932e-02
-2.625051140785217285e-01
-1.196336299180984497e-01
5.381736904382705688e-02
3.051601648330688477e-01
-3.001090586185455322e-01
-4.085077047348022461e-01
-1.866396963596343994e-01
3.061386756598949432e-02
-5.551175773143768311e-02
-7.576376944780349731e-02
1.569469124078750610e-01
-1.578096002340316772e-01
-2.984646260738372803e-01
1.860063225030899048e-01
2.340671867132186890e-01
-5.792601406574249268e-02
2.372605353593826294e-01
1.718938797712326050e-01
4.723569750785827637e-01
1.027663871645927429e-01
7.174050062894821167e-02
2.774481177330017090e-01
-2.899185009300708771e-02
5.093336105346679688e-01
-3.640411496162414551e-01
4.741074442863464355e-01
-1.820029467344284058e-01
5.077654123306274414e-01
2.537850141525268555e-01
1.077164933085441589e-01
-3.338220119476318359e-01
4.178178608417510986e-01
1.948599354363977909e-03
2.278897762298583984e-01
-8.192680776119232178e-03
-3.697343766689300537e-01
2.154461294412612915e-01
-3.222745656967163086e-01
1.348154339939355850e-02
1.453832387924194336e-01
1.305266320705413818e-01
3.086319379508495331e-02
-1.214633956551551819e-01
-1.401411443948745728e-01
-6.777218729257583618e-02
-3.092357218265533447e-01
-1.726617962121963501e-01
3.892668709158897400e-02
1.830133497714996338e-01
5.694995447993278503e-02
5.343580991029739380e-02
3.765251934528350830e-01
9.238731116056442261e-02
-2.112234681844711304e-01
-4.764313623309135437e-02
-2.139717787504196167e-01
-1.479305326938629150e-01
2.446823120117187500e-01
-1.804876774549484253e-01
3.586440980434417725e-01
1.455904841423034668e-01
-3.288294374942779541e-01
-2.778768241405487061e-01
2.494030818343162537e-02
-1.417686343193054199e-01
-2.570514976978302002e-01
-6.329043209552764893e-02
-2.830739915370941162e-01
-1.222555339336395264e-01
3.847781717777252197e-01
-2.251128405332565308e-01
-3.527065515518188477e-01
-8.145904541015625000e-02
-3.502857685089111328e-01
9.318125993013381958e-02
5.274407938122749329e-02
2.142663858830928802e-02
-1.052567735314369202e-01
-1.948129013180732727e-02
9.794592112302780151e-02
2.673247158527374268e-01
3.156569302082061768e-01
-2.828414142131805420e-01
3.619429767131805420e-01
-3.333296775817871094e-01
2.323438674211502075e-01
1.174747645854949951e-01
2.887533903121948242e-01
-1.657997667789459229e-01
1.682176813483238220e-02
3.447372019290924072e-01
5.372882485389709473e-01
-7.703555375337600708e-02
-5.867135897278785706e-02
2.370671778917312622e-01
2.011482715606689453e-01
4.108720123767852783e-01
2.617700695991516113e-01
-4.152954742312431335e-02
-5.063274502754211426e-01
-2.262246161699295044e-01
-3.427619338035583496e-01
4.581209719181060791e-01
-2.262472957372665405e-01
1.439606100320816040e-01
6.154238060116767883e-02
1.367433667182922363e-01
-1.011476069688796997e-01
-5.189456790685653687e-02
1.977286934852600098e-01
1.330757886171340942e-01
-5.290289521217346191e-01
3.458406031131744385e-01
-1.543330699205398560e-01
-4.766351878643035889e-01
1.475837640464305878e-02
-6.063503026962280273e-02
1.689180731773376465e-01
3.612300753593444824e-01
2.754264771938323975e-01
-1.427049841731786728e-02
-3.499715030193328857e-01
2.698219418525695801e-01
-3.877841830253601074e-01
6.806068122386932373e-02
3.210562840104103088e-02
1.793814152479171753e-01
-5.407074838876724243e-02
1.789109595119953156e-02
6.315983086824417114e-02
-2.951841950416564941e-01
-1.914078146219253540e-01
-4.866331443190574646e-02
-3.796586096286773682e-01
3.589711189270019531e-01
1.959576755762100220e-01
7.194380462169647217e-02
-5.761609412729740143e-03
3.097876906394958496e-01
-3.870588839054107666e-01
-3.764493763446807861e-01
-3.934349119663238525e-01
2.811343669891357422e-01
2.183614969253540039e-01
-1.010965704917907715e-01
1.863009333610534668e-01
-1.459247767925262451e-01
-6.925106048583984375e-02
2.657906413078308105e-01
-3.065867908298969269e-02
1.454741954803466797e-01
-2.720519341528415680e-02
1.831523776054382324e-01
-3.397467136383056641e-01
9.487926214933395386e-02
1.713468432426452637e-01
-1.293140798807144165e-01
-3.733222484588623047e-01
1.033674404025077820e-01
-1.303853839635848999e-01
-1.113817244768142700e-01
-3.049839138984680176e-01
-6.974325329065322876e-02
-4.097130894660949707e-01
-3.237872123718261719e-01
3.401824235916137695e-01
1.114249825477600098e-01
1.327695101499557495e-01
1.488915178924798965e-02
1.308422535657882690e-01
1.613537222146987915e-01
1.785466969013214111e-01
2.451841831207275391e-01
-2.611526250839233398e-01
-2.326629608869552612e-01
-1.584256887435913086e-01
4.291037619113922119e-01
-2.098979055881500244e-01
-8.761640638113021851e-02
2.930391430854797363e-01
1.737568974494934082e-01
-2.265637367963790894e-01
1.829353570938110352e-01
-3.909986913204193115e-01
-5.625809356570243835e-02
9.178106486797332764e-02
-7.772648334503173828e-02
2.541309222579002380e-02
3.909194096922874451e-02
-5.248529314994812012e-01
3.268670737743377686e-01
-4.302140772342681885e-01
-1.986077278852462769e-01
4.020103812217712402e-01
4.536521807312965393e-02
-1.251622587442398071e-01
3.476333618164062500e-02
4.634284973144531250e-01
4.070205092430114746e-01
1.892771273851394653e-01
-1.826938707381486893e-03
-1.527192592620849609e-01
-2.576537132263183594e-01
-9.006098657846450806e-02
-5.955234766006469727e-01
-3.684996664524078369e-01
-2.770277857780456543e-01
7.099062949419021606e-02
-1.609712243080139160e-01
2.698989808559417725e-01
-3.945051133632659912e-01
-7.954752445220947266e-02
7.659671455621719360e-02
4.259458482265472412e-01
6.211629509925842285e-02
-1.262914836406707764e-01
1.366430968046188354e-01
1.205447316169738770e-01
-1.112331598997116089e-01
2.722389623522758484e-02
1.119025498628616333e-01
-3.747247755527496338e-01
2.129851281642913818e-02
-4.560885578393936157e-02
8.152146637439727783e-02
5.664737820625305176e-01
-3.717799782752990723e-01
-1.750641167163848877e-01
-4.044319316744804382e-02
-4.294568896293640137e-01
-4.868933558464050293e-01
-4.305926859378814697e-01
-1.707196831703186035e-01
5.412629246711730957e-02
1.545667797327041626e-01
3.446717187762260437e-02
3.563897684216499329e-02
1.596788465976715088e-01
-1.262298226356506348e-01
9.871695935726165771e-02
-1.721623837947845459e-01
3.790566325187683105e-01
-5.101084709167480469e-01
-1.264690011739730835e-01
-2.558986544609069824e-01
1.124390810728073120e-01
1.407198160886764526e-01
-1.573370844125747681e-01
3.664250075817108154e-01
-2.657923996448516846e-01
3.677626699209213257e-02
1.370175033807754517e-01
3.515885770320892334e-01
1.327219456434249878e-01
-2.209311425685882568e-01
6.843711435794830322e-02
3.161237239837646484e-01
3.110411763191223145e-02
-6.859691143035888672e-01
-5.394616723060607910e-01
-9.487163275480270386e-02
-1.425636857748031616e-01
1.380461603403091431e-01
1.428332924842834473e-01
-4.731938615441322327e-02
-2.133529335260391235e-01
1.531755644828081131e-02
-5.820161476731300354e-02
1.932925134897232056e-01
1.593436300754547119e-01
1.462499648332595825e-01
1.318867802619934082e-01
3.027878701686859131e-01
3.771779835224151611e-01
-4.229693487286567688e-02
1.808813661336898804e-01
-1.772029995918273926e-01
-1.584060341119766235e-01
-5.456958338618278503e-02
-2.337015233933925629e-03
-5.101206526160240173e-02
9.562885016202926636e-02
6.141451001167297363e-02
-8.359888195991516113e-02
5.514864325523376465e-01
-1.853637397289276123e-01
-1.045866683125495911e-01
-4.114263951778411865e-01
2.020724266767501831e-01
1.574544236063957214e-02
-2.847325801849365234e-02
-1.304401457309722900e-01
-4.094416275620460510e-02
1.840049326419830322e-01
-9.040440618991851807e-02
-4.192780852317810059e-01
1.236454322934150696e-01
3.254854381084442139e-01
-3.034190647304058075e-02
5.811449512839317322e-02
-1.908542960882186890e-01
8.075943589210510254e-02
-1.011311113834381104e-01
-7.000149041414260864e-02
8.541013300418853760e-02
2.763541340827941895e-01
-7.933824509382247925e-02
1.837628334760665894e-01
1.892977505922317505e-01
2.523111104965209961e-01
-2.046528905630111694e-01
-3.779970407485961914e-01
7.006454281508922577e-03
-1.623728871345520020e-01
-2.811910025775432587e-02
3.047147095203399658e-01
1.207616478204727173e-01
