-2.350115180015563965e-01
2.483949661254882812e-01
-2.186399698257446289e-01
-1.289989203214645386e-01
-6.376551389694213867e-01
-2.096274048089981079e-01
6.329429894685745239e-02
-1.441453769803047180e-02
1.506798714399337769e-01
-6.764587014913558960e-02
1.037159264087677002e-01
-8.621952682733535767e-02
-2.633190453052520752e-01
-1.374538242816925049e-01
7.768297195434570312e-02
-3.536191284656524658e-01
1.029409095644950867e-01
1.340606510639190674e-01
4.046770334243774414e-01
-9.837439283728599548e-03
3.306377828121185303e-01
1.081082075834274292e-01
-2.720500230789184570e-01
-2.496704161167144775e-01
1.963641047477722168e-01
-3.171090483665466309e-01
-2.248838171362876892e-02
9.496866166591644287e-02
3.638992831110954285e-02
8.765335381031036377e-02
9.747946262359619141e-02
9.569712728261947632e-02
1.080477088689804077e-01
1.411706507205963135e-01
4.767516851425170898e-01
-7.002427428960800171e-02
-3.614884018898010254e-01
3.863618522882461548e-02
3.912460803985595703e-01
2.767789959907531738e-01
1.787871122360229492e-01
-2.682397663593292236e-01
-3.745163679122924805e-01
-4.915898144245147705e-01
1.433846354484558105e-01
-3.455816507339477539e-01
-1.597273647785186768e-01
1.196029037237167358e-01
2.630566805601119995e-02
-2.336029261350631714e-01
-3.092992305755615234e-01
-9.243533015251159668e-02
1.225031316280364990e-01
-3.297170996665954590e-02
2.109929472208023071e-01
-7.333731651306152344e-01
-4.459095746278762817e-02
2.380576133728027344e-01
-8.325153589248657227e-02
-1.845804154872894287e-01
8.342512696981430054e-02
2.082549631595611572e-01
-6.546950936317443848e-01
1.556110829114913940e-01
-1.003989055752754211e-01
-5.124427378177642822e-02
-2.481260709464550018e-02
-3.559930622577667236e-01
-4.297010228037834167e-02
-3.316131234169006348e-01
9.745299071073532104e-02
-3.159683346748352051e-01
-2.158654481172561646e-01
1.302488744258880615e-01
-1.817323416471481323e-01
3.231082484126091003e-02
-6.972807645797729492e-02
2.730590105056762695e-01
-1.684483289718627930e-01
-2.874432206153869629e-01
3.926375806331634521e-01
3.286019563674926758e-01
7.400504499673843384e-02
2.219820618629455566e-01
-1.408064067363739014e-01
1.689924001693725586e-01
-2.572829835116863251e-04
3.344021737575531006e-01
4.573627710342407227e-01
-4.323450922966003418e-01
2.531194090843200684e-01
4.783428311347961426e-01
6.314649432897567749e-02
7.237946987152099609e-02
5.443342328071594238e-01
-1.909866929054260254e-01
2.322175204753875732e-01
-7.948144525289535522e-02
-8.757579326629638672e-02
-3.701730072498321533e-02
-1.256694495677947998e-01
5.167354270815849304e-02
-3.838651254773139954e-02
8.426764607429504395e-02
-1.872909963130950928e-01
9.403176605701446533e-02
2.420861870050430298e-01
-1.947749853134155273e-01
1.861791759729385376e-01
1.872225403785705566e-01
-2.592259049415588379e-01
1.082656253129243851e-02
-4.052708148956298828e-01
-4.675233364105224609e-01
3.523111343383789062e-03
1.765803992748260498e-01
5.863688141107559204e-02
-8.635071665048599243e-02
-1.522424966096878052e-01
-1.836053878068923950e-01
-2.892379164695739746e-01
1.633212566375732422e-01
-4.188802242279052734e-01
1.571054309606552124e-01
3.381465375423431396e-02
3.221242725849151611e-01
-1.636975258588790894e-02
2.409107387065887451e-01
-3.009180724620819092e-01
2.639622092247009277e-01
-1.492511034011840820e-01
-2.520422264933586121e-02
2.666132450103759766e-01
-1.498280838131904602e-02
3.537869155406951904e-01
-2.207884788513183594e-01
1.639451086521148682e-01
8.253779262304306030e-03
-6.079581379890441895e-02
-3.645553588867187500e-01
-6.908723711967468262e-02
-5.551737546920776367e-01
2.360018901526927948e-03
8.271955698728561401e-02
3.766648471355438232e-01
-5.677686072885990143e-03
-1.445972621440887451e-01
6.365711987018585205e-02
3.428696095943450928e-02
-1.535808742046356201e-01
1.335867028683423996e-02
1.082198992371559143e-01
9.349253028631210327e-02
3.075447976589202881e-01
-2.733888030052185059e-01
1.874816045165061951e-02
-3.722684830427169800e-02
2.369780093431472778e-01
6.836699843406677246e-01
-9.624620899558067322e-03
-1.404827833175659180e-02
7.480312883853912354e-02
3.349065482616424561e-01
-1.129243522882461548e-02
2.917466759681701660e-01
-2.783002853393554688e-01
-3.612110614776611328e-01
-4.007492661476135254e-01
-2.093501538038253784e-01
2.807500958442687988e-01
-3.017928302288055420e-01
1.293161511421203613e-01
8.139619603753089905e-03
8.937115967273712158e-02
-2.250479906797409058e-01
-1.407490074634552002e-01
4.737766683101654053e-01
1.618900001049041748e-01
-6.814292818307876587e-02
2.112723588943481445e-01
-5.143765211105346680e-01
3.096210956573486328e-01
1.299417018890380859e-01
-2.055989503860473633e-01
5.496016144752502441e-02
1.645659655332565308e-02
8.230380713939666748e-02
-1.899241358041763306e-01
-5.312912166118621826e-03
3.191701173782348633e-01
-3.645887076854705811e-01
-4.279974699020385742e-01
8.767038583755493164e-02
-3.850596249103546143e-01
-1.759944558143615723e-01
8.575654029846191406e-02
4.713861048221588135e-01
-2.931256890296936035e-01
1.920823454856872559e-01
-1.078892648220062256e-01
-3.050922155380249023e-01
2.782865427434444427e-02
3.025620244443416595e-03
-1.207615435123443604e-01
1.835030615329742432e-01
2.424248158931732178e-01
2.462292015552520752e-01
1.127060204744338989e-01
1.347331702709197998e-01
1.395734697580337524e-01
1.148701608180999756e-01
-3.183932304382324219e-01
5.757024884223937988e-02
-1.103260740637779236e-02
2.543329596519470215e-01
2.478449046611785889e-01
2.154375314712524414e-01
5.998657941818237305e-01
-3.605842292308807373e-01
3.746081590652465820e-01
-2.511178851127624512e-01
-2.143383920192718506e-01
9.865143895149230957e-02
3.587708622217178345e-02
-6.929636746644973755e-02
1.801414489746093750e-01
-2.168332040309906006e-01
1.133042722940444946e-01
-2.498563826084136963e-01
-1.163171380758285522e-01
-2.429274842143058777e-02
-5.157839059829711914e-01
4.068027734756469727e-01
6.866381317377090454e-02
3.247100859880447388e-03
3.213085830211639404e-01
5.044875741004943848e-01
1.920209228992462158e-01
-4.931808263063430786e-02
2.432268112897872925e-01
-2.119695544242858887e-01
-9.239053726196289062e-02
-3.115954399108886719e-01
1.902340799570083618e-01
-2.041847407817840576e-01
-6.782443821430206299e-02
-2.646429836750030518e-01
4.307562708854675293e-01
-4.345774054527282715e-01
2.548850774765014648e-01
6.459319591522216797e-02
-3.053410351276397705e-01
-1.228024661540985107e-01
-1.845152825117111206e-01
1.098140235990285873e-02
1.156299840658903122e-02
-3.394159972667694092e-01
-1.139961853623390198e-01
-1.887326687574386597e-01
2.098171412944793701e-01
1.548626869916915894e-01
1.506591737270355225e-01
-1.456279158592224121e-01
2.760858088731765747e-02
2.921258211135864258e-01
-6.777086853981018066e-02
-1.613125652074813843e-01
4.647819697856903076e-02
4.004531353712081909e-02
-6.678618192672729492e-01
2.629703879356384277e-01
-7.021201848983764648e-01
6.838744133710861206e-02
-3.912319540977478027e-01
3.856403827667236328e-01
-1.287727504968643188e-01
1.908435821533203125e-01
8.579893410205841064e-02
1.148259341716766357e-01
2.303040176630020142e-01
9.032384306192398071e-02
-1.076857298612594604e-01
-1.537244617938995361e-01
-9.776206687092781067e-03
3.446368277072906494e-01
7.508847117424011230e-02
-2.069325149059295654e-01
9.548813104629516602e-02
1.357280313968658447e-01
1.418634355068206787e-01
3.027534112334251404e-02
3.279257565736770630e-02
5.338875055313110352e-01
-7.665323466062545776e-02
4.336351901292800903e-02
-3.579362332820892334e-01
-1.989081799983978271e-01
-1.105264872312545776e-01
-3.785893023014068604e-01
-1.161609441041946411e-01
-3.781504929065704346e-01
1.115935817360877991e-01
2.497649192810058594e-01
6.871378421783447266e-02
-2.266099601984024048e-01
3.503960743546485901e-02
-1.180406585335731506e-01
-1.875172555446624756e-01
4.290537834167480469e-01
-1.295755896717309952e-02
3.506110310554504395e-01
-8.189914375543594360e-02
-1.009090896695852280e-02
1.594757735729217529e-01
-1.357443779706954956e-01
2.016465663909912109e-01
-1.752454340457916260e-01
-1.770137064158916473e-02
2.060841321945190430e-01
3.766737282276153564e-01
5.169260874390602112e-02
-2.001326680183410645e-01
-6.309130787849426270e-02
2.254194617271423340e-01
1.898753494024276733e-01
-7.189214229583740234e-01
-1.816274970769882202e-01
-3.730420470237731934e-01
-7.032693922519683838e-02
2.600328624248504639e-01
-9.841611981391906738e-02
-1.084516048431396484e-01
-1.143418252468109131e-01
8.048784732818603516e-02
4.777043461799621582e-01
2.478509768843650818e-02
3.705235570669174194e-02
1.528666019439697266e-01
-2.037188708782196045e-01
-1.341874301433563232e-01
-8.904772996902465820e-02
5.476538091897964478e-02
-6.399264931678771973e-02
-2.061400413513183594e-01
-2.876241207122802734e-01
-3.945889472961425781e-01
5.390229821205139160e-02
3.422815799713134766e-01
3.370363265275955200e-05
-1.065556034445762634e-01
1.837330311536788940e-01
4.195621013641357422e-01
-8.346254378557205200e-02
-2.314488589763641357e-01
-9.802666306495666504e-02
1.228128895163536072e-01
-2.693291902542114258e-01
-9.548379480838775635e-02
2.388159930706024170e-02
5.355500429868698120e-02
1.123597025871276855e-01
3.276031613349914551e-01
-1.253793984651565552e-01
4.031210243701934814e-01
1.169347763061523438e-02
2.342765927314758301e-01
1.296210885047912598e-01
-6.870588660240173340e-02
4.552469402551651001e-02
9.993192553520202637e-02
-1.495968103408813477e-01
8.832585811614990234e-02
2.403634190559387207e-01
9.668111801147460938e-02
-8.380319923162460327e-04
-1.343515217304229736e-01
1.836276352405548096e-01
2.087248563766479492e-01
-3.225552290678024292e-02
-6.596732139587402344e-02
-1.414903849363327026e-01
-1.209345161914825439e-01
-9.947623312473297119e-02
8.974067866802215576e-02
