-4.178111255168914795e-01
3.351523578166961670e-01
-1.548600792884826660e-01
7.209801580756902695e-03
1.087953895330429077e-01
-2.432420402765274048e-01
2.525091171264648438e-01
1.264688186347484589e-02
9.036315977573394775e-02
1.490513086318969727e-01
3.439092934131622314e-01
-3.178523853421211243e-02
-1.602187305688858032e-01
-9.918477386236190796e-02
-3.616456389427185059e-01
-2.058794498443603516e-01
1.029266342520713806e-01
5.263600498437881470e-02
1.666901260614395142e-01
2.115513831377029419e-01
1.871455609798431396e-01
1.596378386020660400e-01
-3.489015102386474609e-01
-4.220576956868171692e-02
-1.441237926483154297e-01
8.184395730495452881e-02
-2.632908225059509277e-01
-1.560207158327102661e-01
3.445546030998229980e-01
-1.096374019980430603e-01
6.931776553392410278e-02
8.242039382457733154e-02
1.293742358684539795e-01
8.517718315124511719e-02
3.014274835586547852e-01
-2.674961686134338379e-01
-6.279519200325012207e-02
-3.996309638023376465e-02
2.521128058433532715e-01
6.305688619613647461e-02
-9.125905483961105347e-02
-1.970234364271163940e-01
-2.575374543666839600e-01
-1.633586883544921875e-01
9.835807234048843384e-02
-2.418750897049903870e-02
-5.055453628301620483e-02
2.454649657011032104e-01
-1.308994293212890625e-01
-2.357131540775299072e-01
-3.869353532791137695e-01
1.048189103603363037e-01
3.706239536404609680e-02
-2.458781003952026367e-01
1.445241868495941162e-01
-3.563028573989868164e-01
8.277176320552825928e-02
1.429426968097686768e-01
-4.214467853307723999e-02
-9.177096933126449585e-02
2.246248871088027954e-01
5.601958930492401123e-02
-6.837396025657653809e-01
4.687919095158576965e-02
2.271478623151779175e-01
6.480376422405242920e-02
-2.371238172054290771e-01
-1.232581883668899536e-01
1.844891011714935303e-01
1.516647040843963623e-01
4.346247315406799316e-01
-2.422898858785629272e-01
-2.615755200386047363e-01
-3.627004846930503845e-02
7.288469374179840088e-02
-9.305182099342346191e-02
5.676060169935226440e-02
4.100151658058166504e-01
-5.326816439628601074e-02
-3.166972398757934570e-01
4.753130301833152771e-02
1.607208698987960815e-01
-1.004843264818191528e-01
6.697010248899459839e-02
-1.082539707422256470e-01
6.859718263149261475e-02
1.102766990661621094e-01
2.532283663749694824e-01
2.936734855175018311e-01
-1.145574674010276794e-01
4.903025031089782715e-01
-3.153689950704574585e-02
3.930268883705139160e-01
-1.309354305267333984e-01
2.061704993247985840e-01
3.031588792800903320e-01
7.653960585594177246e-02
-1.087150573730468750e-01
3.130835890769958496e-01
-2.845847979187965393e-02
9.031121432781219482e-02
-6.521602720022201538e-02
-2.955861687660217285e-01
8.420652151107788086e-02
-3.699433207511901855e-01
4.969570785760879517e-02
1.681012958288192749e-01
-5.781935155391693115e-02
1.973032206296920776e-01
1.472873091697692871e-01
-6.834288686513900757e-02
-9.792256355285644531e-02
-3.406943678855895996e-01
-1.701038330793380737e-01
-1.044932678341865540e-01
-1.268290132284164429e-01
-4.905211180448532104e-02
-2.037638276815414429e-01
1.912116706371307373e-01
-1.574031263589859009e-01
3.899624198675155640e-02
1.311778835952281952e-02
-1.846532225608825684e-01
-1.409473270177841187e-01
4.019169211387634277e-01
-6.280686706304550171e-03
1.086492538452148438e-01
2.006449699401855469e-01
-3.116558790206909180e-01
-9.327638894319534302e-02
2.863700687885284424e-02
-1.760227680206298828e-01
-1.522015333175659180e-01
-1.597160100936889648e-01
-1.002601087093353271e-01
-5.891609936952590942e-02
3.233286738395690918e-01
-2.839242219924926758e-01
-1.710894107818603516e-01
-2.099142074584960938e-01
-4.811601340770721436e-01
-1.134063005447387695e-01
1.493681073188781738e-01
1.264522969722747803e-01
-2.192008122801780701e-02
-1.019606739282608032e-01
-7.676041126251220703e-02
-1.424178481101989746e-02
2.133270800113677979e-01
-4.252750426530838013e-03
9.128427505493164062e-02
-2.213383018970489502e-01
4.208492636680603027e-01
4.824579358100891113e-01
1.165941432118415833e-01
-1.838834285736083984e-01
-9.984724223613739014e-02
1.695085465908050537e-01
5.017990469932556152e-01
3.207586705684661865e-02
-2.522232532501220703e-01
2.511728405952453613e-01
-5.856592208147048950e-03
3.406772315502166748e-01
2.969269640743732452e-03
6.003351509571075439e-02
-3.037345707416534424e-01
-2.324504852294921875e-01
-3.121163882315158844e-02
3.898419737815856934e-01
9.749594330787658691e-02
5.435468629002571106e-02
9.036481380462646484e-02
-1.763036102056503296e-01
2.051205635070800781e-01
5.697524547576904297e-02
2.410518825054168701e-01
2.262455374002456665e-01
-2.936925292015075684e-01
2.255906462669372559e-01
-2.628595829010009766e-01
-1.121739894151687622e-01
1.075549274682998657e-01
9.148573502898216248e-03
9.071985632181167603e-02
2.691573202610015869e-01
1.747447438538074493e-02
-8.468578755855560303e-02
-1.708028614521026611e-01
2.068209648132324219e-01
8.009815961122512817e-02
1.405655294656753540e-01
-6.739088892936706543e-02
8.295181393623352051e-02
-2.792261242866516113e-01
7.968653924763202667e-03
1.801334619522094727e-01
-1.353106945753097534e-01
-1.941290944814682007e-01
-1.216326802968978882e-01
-2.398411184549331665e-02
9.268572926521301270e-02
-5.193412303924560547e-02
-1.253103613853454590e-01
2.049912214279174805e-01
2.539438903331756592e-01
-1.124667748808860779e-01
-1.161604523658752441e-01
-2.118849754333496094e-01
1.692188680171966553e-01
2.029246091842651367e-01
-1.113765537738800049e-01
5.183892324566841125e-02
-9.877242147922515869e-02
-2.267985604703426361e-03
3.322842419147491455e-01
8.757736533880233765e-02
1.019191443920135498e-01
-1.268057525157928467e-02
8.594561368227005005e-04
-3.206099867820739746e-01
-8.033411577343940735e-03
9.591199457645416260e-02
-2.226070165634155273e-01
5.147418007254600525e-02
-1.966234855353832245e-02
3.348734974861145020e-02
2.464830502867698669e-02
-3.487919569015502930e-01
-2.126784771680831909e-01
-1.675893515348434448e-01
-1.831214427947998047e-01
3.739047646522521973e-01
1.825677007436752319e-01
8.098548650741577148e-02
2.840754389762878418e-02
1.054299771785736084e-01
1.138773933053016663e-01
-1.914560794830322266e-02
3.293281793594360352e-01
-7.537413388490676880e-02
-1.339459717273712158e-01
-2.570087909698486328e-01
-8.971901610493659973e-03
-3.134274482727050781e-01
-1.183097362518310547e-01
2.639063894748687744e-01
7.868371903896331787e-04
-3.006225824356079102e-01
6.689999997615814209e-02
-1.149043142795562744e-01
-2.051981240510940552e-01
1.885885745286941528e-01
-1.279795765876770020e-01
8.386416733264923096e-02
-1.010017395019531250e-01
-3.137953877449035645e-01
1.431921571493148804e-01
-3.163820505142211914e-01
-2.285590767860412598e-01
2.692954242229461670e-01
8.379448950290679932e-02
-1.201532036066055298e-01
3.567870557308197021e-01
4.764956831932067871e-01
3.725404143333435059e-01
-1.387979835271835327e-01
7.044133543968200684e-02
-2.088861763477325439e-01
-3.446999788284301758e-01
1.246409490704536438e-01
-4.223822653293609619e-01
8.510027825832366943e-02
-2.216582298278808594e-01
8.817042410373687744e-02
-3.214493989944458008e-01
2.591281235218048096e-01
-1.580205559730529785e-01
-2.573758177459239960e-02
2.279249206185340881e-02
2.829783558845520020e-01
3.924532607197761536e-02
-2.372686564922332764e-01
1.581571623682975769e-02
5.674813985824584961e-01
-9.765920788049697876e-02
-5.745395272970199585e-02
-1.371450424194335938e-01
-2.349310368299484253e-01
9.471870958805084229e-02
-7.001314312219619751e-02
3.596538305282592773e-01
4.956262111663818359e-01
-3.157134652137756348e-01
2.231226563453674316e-01
-4.396687746047973633e-01
1.141556650400161743e-01
-1.859493255615234375e-01
-5.006079748272895813e-02
4.930546507239341736e-02
-8.401867747306823730e-02
-1.750956922769546509e-01
3.045489788055419922e-01
-4.787460714578628540e-02
-1.887469589710235596e-01
-7.978149503469467163e-02
4.577202349901199341e-02
1.084479764103889465e-01
2.178759127855300903e-01
-2.709028720855712891e-01
-1.168973520398139954e-01
-2.060099542140960693e-01
7.990158163011074066e-03
2.187084555625915527e-01
-1.375085860490798950e-01
2.856197357177734375e-01
-8.823797106742858887e-02
3.359658122062683105e-01
1.482410132884979248e-01
1.692693680524826050e-01
7.492239773273468018e-02
-2.047262489795684814e-01
6.199027225375175476e-02
1.612927913665771484e-01
1.426818668842315674e-01
-2.996457219123840332e-01
-4.622454643249511719e-01
-1.815386712551116943e-01
-1.458470970392227173e-01
1.427384614944458008e-01
-4.603582620620727539e-02
-2.095316722989082336e-02
-3.049349784851074219e-02
-2.827836200594902039e-02
-6.605057418346405029e-02
8.515637367963790894e-02
3.890474885702133179e-02
2.463968098163604736e-01
-2.281215786933898926e-01
-1.158957928419113159e-01
-8.920386433601379395e-02
-4.022359102964401245e-02
3.161139488220214844e-01
3.713942132890224457e-03
-2.845070958137512207e-01
5.813626199960708618e-02
-7.904397696256637573e-02
2.040508575737476349e-02
1.657098680734634399e-01
1.460229158401489258e-01
-3.729052841663360596e-02
4.363295435905456543e-01
-2.011552453041076660e-02
-1.100682541728019714e-01
-3.646181523799896240e-02
8.525845408439636230e-02
-6.456291675567626953e-02
1.631053537130355835e-01
4.827275499701499939e-02
2.976538613438606262e-02
1.131966635584831238e-01
7.084351778030395508e-02
-3.967791199684143066e-01
2.618089914321899414e-01
2.027373313903808594e-01
-8.801026642322540283e-02
-1.986352205276489258e-01
-5.893193557858467102e-02
4.013963043689727783e-02
-1.178343445062637329e-01
-3.690044581890106201e-02
1.192339509725570679e-02
2.609423696994781494e-01
-6.400287896394729614e-02
-5.858104676008224487e-02
-5.785856768488883972e-02
3.406764268875122070e-01
-1.301099658012390137e-01
-1.757452934980392456e-01
-1.256272196769714355e-02
-5.390821769833564758e-02
-9.569548070430755615e-02
2.176378667354583740e-01
1.979097127914428711e-01
