1.734497249126434326e-01
2.699052691459655762e-01
-1.089567616581916809e-01
-2.634141445159912109e-01
-2.200521826744079590e-01
-2.401282787322998047e-01
2.142555266618728638e-01
-6.851875782012939453e-02
9.025192260742187500e-02
2.991217672824859619e-01
4.797846078872680664e-01
-4.144695103168487549e-01
-1.259218901395797729e-01
1.988612413406372070e-01
-2.170570492744445801e-01
-2.182452380657196045e-01
1.649580895900726318e-01
1.180951967835426331e-01
2.562780082225799561e-01
4.370503127574920654e-02
5.394484996795654297e-01
2.013434767723083496e-01
8.503206074237823486e-02
-3.269948810338973999e-02
-1.342034041881561279e-01
4.688994586467742920e-02
-2.036774009466171265e-01
-1.752582043409347534e-01
1.373549699783325195e-01
-3.888933062553405762e-01
1.170030534267425537e-01
2.415536791086196899e-01
1.266389936208724976e-01
-6.995970010757446289e-02
2.936264574527740479e-01
1.272399574518203735e-01
-8.214487135410308838e-02
-1.312645524740219116e-01
1.294234097003936768e-01
2.010057121515274048e-01
-1.881638541817665100e-02
-2.657944560050964355e-01
5.814285576343536377e-02
-2.303469181060791016e-02
-1.837921142578125000e-02
-1.367443948984146118e-01
1.367941200733184814e-01
-7.205504179000854492e-02
-8.684594929218292236e-02
7.633692026138305664e-02
2.933306433260440826e-02
-1.564357876777648926e-01
2.408527284860610962e-01
-3.002396225929260254e-01
2.099366635084152222e-01
-2.584002315998077393e-01
9.792163968086242676e-02
2.159471809864044189e-01
-7.551237195730209351e-02
4.207507148385047913e-02
8.780366182327270508e-02
3.703122138977050781e-01
-3.251792788505554199e-01
9.116502106189727783e-02
1.542240530252456665e-01
-1.331096291542053223e-01
-1.672909408807754517e-01
-1.486210525035858154e-01
1.270891726016998291e-02
-9.467113018035888672e-02
2.654868662357330322e-01
-1.488337218761444092e-01
2.228205949068069458e-01
-2.700272016227245331e-02
1.927119344472885132e-01
1.768655627965927124e-01
-2.790207266807556152e-01
3.925909399986267090e-01
-6.864577531814575195e-02
-3.973736763000488281e-01
2.055354118347167969e-01
4.819416999816894531e-01
-2.872242629528045654e-01
1.916427165269851685e-02
-3.572295606136322021e-02
2.632499933242797852e-01
1.068020761013031006e-01
1.117946505546569824e-01
1.028108596801757812e-02
-1.331777274608612061e-01
3.738887310028076172e-01
5.755787342786788940e-02
2.771904878318309784e-02
-4.288019537925720215e-01
2.165176421403884888e-01
2.801466733217239380e-02
-8.652476966381072998e-02
-2.167413532733917236e-01
7.715250551700592041e-02
1.056466996669769287e-01
-3.679990768432617188e-04
2.777979522943496704e-02
-3.192986249923706055e-01
3.906010389328002930e-01
-4.678204059600830078e-01
-5.292934831231832504e-03
1.230327226221561432e-02
2.498273923993110657e-02
6.258137058466672897e-03
4.503428339958190918e-01
-1.707098484039306641e-01
-1.276717931032180786e-01
-5.644505620002746582e-01
-1.268959939479827881e-01
-5.080655217170715332e-02
-1.281508505344390869e-01
1.636650115251541138e-01
-3.002705574035644531e-01
1.841783374547958374e-01
-3.027113676071166992e-01
3.856979310512542725e-02
-3.167112469673156738e-01
-3.512102365493774414e-02
6.904025375843048096e-02
2.232797592878341675e-01
-1.850493848323822021e-01
-2.924955449998378754e-03
-4.079791158437728882e-02
-1.819098293781280518e-01
-1.804489642381668091e-02
3.284329175949096680e-02
9.159174561500549316e-02
5.448969081044197083e-02
-3.102994561195373535e-01
-1.232912838459014893e-01
-6.104569509625434875e-02
2.806729674339294434e-01
-4.079242348670959473e-01
-2.650566101074218750e-01
-1.324734985828399658e-01
-2.396611869335174561e-02
-1.658628135919570923e-01
8.523065596818923950e-02
1.627733111381530762e-01
8.609133213758468628e-02
-2.330917492508888245e-02
1.423848271369934082e-01
-9.639751911163330078e-02
2.179056853055953979e-01
1.917256265878677368e-01
-8.673562854528427124e-02
-3.055408000946044922e-01
1.798739731311798096e-01
3.714945167303085327e-03
4.276529885828495026e-03
-2.921064198017120361e-01
-5.377093330025672913e-02
1.834342181682586670e-01
4.545511007308959961e-01
6.288453936576843262e-02
4.551552981138229370e-02
2.523089051246643066e-01
-3.405917435884475708e-03
5.130357146263122559e-01
1.583010554313659668e-01
-5.684727802872657776e-03
-3.526437580585479736e-01
-1.304564774036407471e-01
6.690952926874160767e-02
1.053146719932556152e-01
1.254208832979202271e-01
-6.654797494411468506e-02
2.287319302558898926e-01
4.502474516630172729e-02
3.481519818305969238e-01
-8.421443402767181396e-02
4.945245385169982910e-01
1.833187937736511230e-01
-2.185858599841594696e-02
1.359826922416687012e-01
-2.644157409667968750e-01
-1.825255155563354492e-01
1.578136682510375977e-01
3.606648743152618408e-02
-1.117705181241035461e-01
-8.536216616630554199e-02
-1.368127316236495972e-01
8.220119774341583252e-02
5.696514621376991272e-03
9.720657765865325928e-02
-3.361340761184692383e-01
1.137143895030021667e-01
-3.281280994415283203e-01
-1.691956520080566406e-01
-2.340107858180999756e-01
1.303557157516479492e-01
5.754153728485107422e-01
-3.124747611582279205e-02
-1.499505192041397095e-01
-2.122192084789276123e-02
-2.029381990432739258e-01
2.687231302261352539e-01
-1.255793273448944092e-01
-9.194810874760150909e-03
1.155820637941360474e-01
1.645560264587402344e-01
-1.205462142825126648e-01
1.499178111553192139e-01
-1.479163765907287598e-02
1.406962126493453979e-01
1.617254503071308136e-02
8.181555569171905518e-02
2.771915793418884277e-01
-1.170880496501922607e-01
4.848649352788925171e-02
3.773819804191589355e-01
-4.065346717834472656e-02
1.621253043413162231e-01
1.961988769471645355e-02
1.670925766229629517e-01
-3.826301172375679016e-02
-1.768729835748672485e-01
-7.203407585620880127e-02
-4.984074831008911133e-02
-1.892116293311119080e-02
-5.510342121124267578e-02
-2.526084482669830322e-01
4.475158080458641052e-02
-2.381521463394165039e-01
-2.686561346054077148e-01
-4.104510694742202759e-02
-7.521449774503707886e-02
8.141482621431350708e-02
1.578451395034790039e-01
-2.463554739952087402e-01
1.862282678484916687e-02
3.749880194664001465e-01
-1.560356467962265015e-01
-3.353172242641448975e-01
-9.412702172994613647e-03
-3.324852585792541504e-01
-9.328749962151050568e-03
-7.203815504908561707e-03
2.677757740020751953e-01
-4.081681370735168457e-01
1.374837011098861694e-03
1.731624603271484375e-01
1.578998416662216187e-01
-2.764895558357238770e-01
1.784787476062774658e-01
1.104040890932083130e-01
-1.583257615566253662e-01
-1.889963448047637939e-01
-1.723186820745468140e-01
-1.667162179946899414e-01
-1.686691939830780029e-01
-7.632052898406982422e-01
-2.012027353048324585e-01
-2.864798009395599365e-01
-2.437579482793807983e-01
1.022491008043289185e-01
1.867913901805877686e-01
-3.168986439704895020e-01
5.053851604461669922e-01
2.691580653190612793e-01
2.820909619331359863e-01
-5.247404426336288452e-02
-1.832115091383457184e-02
-2.649956047534942627e-01
-7.088112831115722656e-02
1.007347106933593750e-01
-3.693776726722717285e-01
8.434930443763732910e-02
-1.172449514269828796e-01
1.851402223110198975e-01
-1.641939133405685425e-01
2.710717916488647461e-01
-5.518600940704345703e-01
3.726006746292114258e-01
2.590724825859069824e-01
8.781431615352630615e-02
5.819656699895858765e-02
-2.124862223863601685e-01
1.857252418994903564e-01
1.485072672367095947e-01
9.964045882225036621e-02
1.012105643749237061e-01
3.858980163931846619e-02
-1.161891818046569824e-01
-1.236390322446823120e-01
-6.343998014926910400e-02
2.686111330986022949e-01
-3.921571671962738037e-01
6.191042065620422363e-02
-3.738746792078018188e-02
-2.842004299163818359e-01
-2.785820364952087402e-01
-1.043576300144195557e-01
5.942899733781814575e-02
-4.563548862934112549e-01
-1.058342307806015015e-01
-1.989326775074005127e-01
1.756691038608551025e-01
6.879312545061111450e-02
-1.178373843431472778e-01
-8.777004480361938477e-02
-1.839186549186706543e-01
6.940576434135437012e-02
5.701512694358825684e-01
-1.889298111200332642e-02
-7.461044192314147949e-02
-1.923834979534149170e-01
2.222716957330703735e-01
2.637656629085540771e-01
5.559369176626205444e-02
3.035362958908081055e-01
-4.330281615257263184e-01
-1.858878433704376221e-01
-1.022499501705169678e-01
2.487646043300628662e-01
-6.670309603214263916e-02
6.115976255387067795e-03
-3.426849246025085449e-01
2.794397473335266113e-01
1.828017830848693848e-02
-7.547648996114730835e-02
-1.569101214408874512e-01
-1.121393069624900818e-01
-8.460594341158866882e-03
2.617663741111755371e-01
-1.023480370640754700e-01
3.132268786430358887e-01
-2.266389429569244385e-01
-2.164116948843002319e-01
6.140632554888725281e-02
1.617315709590911865e-01
1.857730150222778320e-01
8.523730933666229248e-02
-1.558473855257034302e-01
-3.440971374511718750e-01
-4.729459434747695923e-02
-8.800431340932846069e-02
-1.642742305994033813e-01
1.222908943891525269e-01
-2.085324525833129883e-01
7.216062396764755249e-02
8.296480774879455566e-02
3.669109940528869629e-01
7.768835127353668213e-02
-9.374092519283294678e-02
9.520589560270309448e-02
2.625682651996612549e-01
-1.247972548007965088e-01
-2.208637148141860962e-01
-2.503193318843841553e-01
1.201866418123245239e-01
1.237755641341209412e-02
8.924335986375808716e-02
1.195418238639831543e-01
2.395299375057220459e-01
-8.596803247928619385e-02
1.467918455600738525e-01
-4.719443619251251221e-03
8.807250112295150757e-02
1.609256565570831299e-01
9.367747604846954346e-02
-7.599367201328277588e-02
2.159110307693481445e-01
1.232164055109024048e-01
-2.567195892333984375e-01
-1.130106002092361450e-01
-4.583384469151496887e-02
9.335774183273315430e-02
-1.010615453124046326e-01
7.771197706460952759e-02
-6.035218760371208191e-02
2.079108953475952148e-01
-1.944791972637176514e-01
3.610964864492416382e-02
1.129423677921295166e-01
1.919573917984962463e-02
-1.025213152170181274e-01
3.085631132125854492e-01
1.722970157861709595e-01
