-1.824401319026947021e-01
3.320733010768890381e-01
-1.586227118968963623e-01
-2.210480570793151855e-01
-5.845824256539344788e-03
-4.432669281959533691e-02
1.724678725004196167e-01
-4.467390850186347961e-02
4.642723128199577332e-02
2.183105945587158203e-01
1.989715099334716797e-01
-7.267604023218154907e-02
-1.311943084001541138e-01
5.503713339567184448e-02
-8.959168195724487305e-02
-1.833435297012329102e-01
3.592509031295776367e-02
2.964415550231933594e-01
8.666821569204330444e-02
1.748663634061813354e-01
4.656663835048675537e-01
-1.087614223361015320e-01
-1.884811520576477051e-01
-1.912068426609039307e-01
1.039584726095199585e-02
-1.758637577295303345e-01
-3.346794098615646362e-02
-2.939126789569854736e-01
6.174076348543167114e-02
7.995361834764480591e-02
1.033803373575210571e-01
-2.936194650828838348e-03
-7.575349882245063782e-03
-3.886354714632034302e-02
2.715062499046325684e-01
-1.333384215831756592e-01
-4.988047853112220764e-02
-2.114233076572418213e-01
2.118227183818817139e-01
2.630371749401092529e-01
3.803372383117675781e-02
-1.130417957901954651e-01
-3.183455765247344971e-01
-1.000940054655075073e-01
-1.186580732464790344e-01
-1.850706934928894043e-01
3.911811485886573792e-02
-1.618733704090118408e-01
-5.907014012336730957e-02
1.869017630815505981e-01
-4.400081932544708252e-01
-5.475057289004325867e-03
5.764794349670410156e-02
-2.391881942749023438e-01
-7.737928628921508789e-02
-5.603115558624267578e-01
4.970562458038330078e-02
2.309469878673553467e-01
-1.680768579244613647e-01
-4.259987175464630127e-02
1.444395780563354492e-01
5.796096473932266235e-02
-3.425886631011962891e-01
4.154023900628089905e-02
1.706435382366180420e-01
-6.309649348258972168e-02
-2.851321734488010406e-02
-2.006629407405853271e-01
1.614413261413574219e-01
-2.921278476715087891e-01
3.517318367958068848e-01
-3.047858774662017822e-01
-1.752740889787673950e-01
-2.264918386936187744e-02
-1.265561878681182861e-01
-8.260461688041687012e-02
-3.283225744962692261e-02
4.523892104625701904e-01
3.354363515973091125e-02
-3.415144383907318115e-01
1.801534444093704224e-01
4.436177909374237061e-01
-1.102784499526023865e-01
1.831444501876831055e-01
8.993952721357345581e-02
2.671590745449066162e-01
7.167696952819824219e-02
2.338076680898666382e-01
2.837676405906677246e-01
-1.113215535879135132e-01
3.166356384754180908e-01
8.009129762649536133e-02
4.186340570449829102e-01
-2.196299582719802856e-01
3.990083932876586914e-01
1.815058439970016479e-01
9.970214217901229858e-02
-5.414485186338424683e-02
-1.466687172651290894e-01
1.918036043643951416e-01
-3.873337060213088989e-02
-2.054572850465774536e-02
-3.523381948471069336e-01
2.606772780418395996e-01
-2.062140703201293945e-01
2.199463248252868652e-01
-1.831226423382759094e-02
-3.044739961624145508e-01
-1.759687364101409912e-01
1.023676842451095581e-01
8.763115853071212769e-03
-1.037295162677764893e-01
-3.320724964141845703e-01
-1.330454349517822266e-01
4.388064146041870117e-03
4.379102587699890137e-02
5.647495388984680176e-02
-1.663859933614730835e-02
2.409442365169525146e-01
-1.027958467602729797e-01
-3.013658151030540466e-02
-2.510386705398559570e-01
-4.545327275991439819e-02
8.215956389904022217e-02
8.232229948043823242e-02
2.391424477100372314e-01
1.260785013437271118e-01
1.392447799444198608e-01
-1.973845064640045166e-01
-5.526082217693328857e-02
8.220858871936798096e-02
8.466064929962158203e-03
-2.141585797071456909e-01
1.883890479803085327e-02
-1.412126421928405762e-01
-9.074178338050842285e-02
2.121653258800506592e-01
-3.449048697948455811e-01
-3.990445435047149658e-01
-1.759048253297805786e-01
-9.791396558284759521e-02
-8.680960536003112793e-02
1.498320400714874268e-01
2.962897345423698425e-02
2.858932614326477051e-01
1.183177456259727478e-01
6.509412080049514771e-02
7.821752130985260010e-02
1.365762203931808472e-01
-7.394785434007644653e-02
2.307544052600860596e-01
-1.275323182344436646e-01
2.975436449050903320e-01
2.894027233123779297e-01
-7.056593894958496094e-02
-2.323492020368576050e-01
7.578488439321517944e-02
1.907564699649810791e-01
5.351148843765258789e-01
-1.503602229058742523e-02
-5.592151731252670288e-02
4.401695132255554199e-01
1.521832346916198730e-01
3.625566065311431885e-01
4.243860766291618347e-02
2.848818339407444000e-02
-5.635210871696472168e-01
-1.575306802988052368e-01
3.117265179753303528e-02
3.004922270774841309e-01
4.884628206491470337e-02
1.208187192678451538e-01
9.874121099710464478e-02
-1.569057255983352661e-01
-7.790333777666091919e-02
-1.605156958103179932e-01
1.254482567310333252e-01
1.288331598043441772e-01
-7.176873087882995605e-02
2.794725894927978516e-01
-3.794673085212707520e-01
-1.884384825825691223e-02
1.498391106724739075e-02
-1.784740388393402100e-01
-1.635881364345550537e-01
1.088291853666305542e-01
-4.950083792209625244e-02
-1.752825826406478882e-01
-2.954105101525783539e-02
7.829800993204116821e-02
-8.318543434143066406e-02
1.562519967555999756e-01
1.355300694704055786e-01
-1.731049828231334686e-02
-2.151942551136016846e-01
1.119935959577560425e-01
4.788977503776550293e-01
-3.087402582168579102e-01
9.112794697284698486e-02
-1.609535217285156250e-01
-3.090952336788177490e-01
3.014848232269287109e-01
-6.553091108798980713e-02
-4.743108153343200684e-02
2.643462121486663818e-01
1.599900126457214355e-01
1.684221327304840088e-01
-2.481764554977416992e-01
9.622408449649810791e-02
1.248647868633270264e-01
1.614686548709869385e-01
-1.417602151632308960e-01
7.676054537296295166e-02
1.375116407871246338e-04
8.928018808364868164e-02
2.179151177406311035e-01
1.210860237479209900e-01
1.992701590061187744e-01
-8.610419929027557373e-03
1.820349544286727905e-01
-1.426752209663391113e-01
-1.295555569231510162e-02
6.268038600683212280e-02
2.237734384834766388e-02
2.010825276374816895e-01
-1.232087612152099609e-01
-3.482342362403869629e-01
-2.061866372823715210e-01
-3.831712007522583008e-01
-7.332134991884231567e-02
-3.034121990203857422e-01
-3.116034865379333496e-01
1.757694482803344727e-01
9.940008819103240967e-02
-7.664948701858520508e-02
-3.979948163032531738e-01
5.820367932319641113e-01
1.884843856096267700e-01
-7.357679307460784912e-02
1.840384602546691895e-01
-1.103435456752777100e-01
-2.053750678896903992e-02
-1.334745287895202637e-01
4.469306766986846924e-02
-4.553653299808502197e-01
-7.579211145639419556e-02
5.413034185767173767e-02
1.650694608688354492e-01
-4.022209644317626953e-01
-8.616335690021514893e-02
2.100079506635665894e-01
-1.661060452461242676e-01
-1.508611738681793213e-01
-1.812608391046524048e-01
-1.590106934309005737e-01
1.084262579679489136e-01
-6.482910513877868652e-01
4.854382574558258057e-02
-6.570255011320114136e-02
1.200065016746520996e-01
4.018762111663818359e-01
-2.180150151252746582e-02
-1.345148086547851562e-01
1.909535229206085205e-01
4.017025530338287354e-01
2.847499847412109375e-01
-3.183151781558990479e-02
6.700245290994644165e-02
-8.564154803752899170e-02
-3.189054727554321289e-01
-5.545452609658241272e-02
-3.316450715065002441e-01
-1.012489274144172668e-01
-2.720338702201843262e-01
3.075260519981384277e-01
-2.234815955162048340e-01
2.733366489410400391e-01
-3.859845995903015137e-01
1.459763348102569580e-01
-5.377470329403877258e-02
8.267081528902053833e-02
-1.589025557041168213e-01
-1.399869918823242188e-01
1.565750539302825928e-01
2.136093527078628540e-01
-1.414023488759994507e-01
-2.842104732990264893e-01
-3.076582849025726318e-01
-6.061758846044540405e-02
1.462788283824920654e-01
-1.956782490015029907e-01
1.783275008201599121e-01
1.938719600439071655e-01
-2.800055444240570068e-01
3.911484777927398682e-01
-3.860566318035125732e-01
-3.484812080860137939e-01
-8.486160635948181152e-02
-2.714383900165557861e-01
-3.287981748580932617e-01
3.809224814176559448e-02
-5.745238810777664185e-02
3.301171958446502686e-01
-9.032140485942363739e-03
-2.713870704174041748e-01
-2.806425094604492188e-01
1.844872683286666870e-01
3.151639178395271301e-02
2.063712626695632935e-01
9.373065084218978882e-03
5.578812956809997559e-02
-2.123386263847351074e-01
8.233699202537536621e-02
1.520440578460693359e-01
-5.721798539161682129e-02
1.068941652774810791e-01
-3.068414330482482910e-01
1.091691777110099792e-01
3.262474536895751953e-01
3.181684911251068115e-01
3.753305077552795410e-01
-1.524333953857421875e-01
-3.135330080986022949e-01
3.152732849121093750e-01
1.275009810924530029e-01
-3.828605711460113525e-01
-4.206841289997100830e-01
-2.589531540870666504e-01
7.135587930679321289e-02
4.354139789938926697e-03
-8.706088364124298096e-02
1.971695423126220703e-01
1.512221097946166992e-01
-6.724189221858978271e-02
1.273601949214935303e-01
1.789613664150238037e-01
1.905003190040588379e-02
8.247811347246170044e-02
-1.923439204692840576e-01
1.119536459445953369e-01
9.970278292894363403e-02
-1.119577139616012573e-02
1.972483992576599121e-01
-1.245770007371902466e-01
-3.993504047393798828e-01
-2.282196879386901855e-01
4.071122705936431885e-01
1.496351361274719238e-01
-3.739728406071662903e-02
2.479057386517524719e-02
-1.981849968433380127e-01
3.736209571361541748e-01
-1.629089564085006714e-01
-2.181286215782165527e-01
3.621553629636764526e-02
1.151213645935058594e-01
1.549169570207595825e-01
-1.296816617250442505e-01
5.149319767951965332e-02
4.678624868392944336e-02
-1.026486977934837341e-03
2.635264098644256592e-01
-1.697611212730407715e-01
8.203844726085662842e-02
4.552065730094909668e-01
-1.578788459300994873e-01
6.171381846070289612e-02
-1.093383505940437317e-01
1.434431970119476318e-01
-1.695126295089721680e-01
-2.601693272590637207e-01
2.070139348506927490e-01
1.787472814321517944e-01
-6.680189073085784912e-02
-1.186773926019668579e-01
-3.581213764846324921e-03
2.587556242942810059e-01
1.400831937789916992e-01
-2.212930917739868164e-01
4.004517942667007446e-02
-1.294165551662445068e-01
-2.324234843254089355e-01
4.842524230480194092e-02
2.145424783229827881e-01
