-4.639927446842193604e-01
-4.387420415878295898e-02
-4.794165194034576416e-01
-1.418521404266357422e-01
-2.850182168185710907e-02
-3.247864544391632080e-02
1.300112456083297729e-01
1.291242837905883789e-01
2.184168100357055664e-01
1.862109899520874023e-01
2.409733235836029053e-01
-2.843827903270721436e-01
-3.494950532913208008e-01
6.935115903615951538e-02
1.796215921640396118e-01
1.711746156215667725e-01
-2.546538412570953369e-01
1.279179900884628296e-01
1.443576961755752563e-01
6.400818377733230591e-02
3.292011916637420654e-01
6.710696220397949219e-01
-1.883584856986999512e-01
1.046727225184440613e-02
5.849028378725051880e-02
-3.756863176822662354e-01
1.148846894502639771e-01
-9.350651502609252930e-02
2.809338569641113281e-01
-3.111532330513000488e-02
-1.491432189941406250e-01
-2.828307449817657471e-02
1.053825616836547852e-01
4.028958082199096680e-01
1.536961495876312256e-01
-6.186723709106445312e-03
-7.067720293998718262e-01
8.410971611738204956e-02
1.681005358695983887e-01
2.377620786428451538e-01
1.321185231208801270e-01
-2.532968819141387939e-01
-3.288850784301757812e-01
-3.723170757293701172e-01
6.892707943916320801e-02
3.799933940172195435e-02
-2.072800397872924805e-01
4.132496118545532227e-01
-1.113237589597702026e-01
2.119626402854919434e-01
-7.013784348964691162e-02
1.965112797915935516e-02
-8.116403222084045410e-02
3.308391869068145752e-01
1.212556883692741394e-01
-3.080130219459533691e-01
-3.029770851135253906e-01
-1.291876733303070068e-01
2.398610487580299377e-02
-1.763313710689544678e-01
5.978459119796752930e-01
5.960467830300331116e-02
-6.980960369110107422e-01
-2.334773540496826172e-01
7.682602107524871826e-02
-1.357686817646026611e-01
5.462008714675903320e-02
-2.236523479223251343e-01
-3.074285984039306641e-01
-1.214896980673074722e-02
2.723093628883361816e-01
-2.826564610004425049e-01
-3.536871671676635742e-01
-1.199934780597686768e-01
2.016048729419708252e-01
-9.170343726873397827e-02
6.489762663841247559e-02
1.382808834314346313e-01
-4.522864520549774170e-02
-3.443254828453063965e-01
-3.596622645854949951e-01
4.549055695533752441e-01
7.673536241054534912e-02
-5.831454694271087646e-02
-1.764870882034301758e-01
-1.805429346859455109e-02
2.655463851988315582e-02
2.242893874645233154e-01
1.184763982892036438e-01
-8.182218670845031738e-02
5.316404700279235840e-01
2.123229503631591797e-01
1.272734552621841431e-01
9.422043710947036743e-02
2.464294135570526123e-01
4.597012996673583984e-01
-2.073649317026138306e-02
1.146930009126663208e-01
3.260976076126098633e-02
-1.548489332199096680e-01
-2.100593000650405884e-01
9.129603207111358643e-02
-4.212238192558288574e-01
1.335554569959640503e-01
-1.240476816892623901e-01
-1.036883443593978882e-01
4.602980017662048340e-01
1.599382460117340088e-01
-2.692781686782836914e-01
4.627138376235961914e-02
-1.756747364997863770e-01
-4.793095402419567108e-03
-7.906819880008697510e-02
-2.260619103908538818e-01
5.967042222619056702e-02
5.063492059707641602e-01
-1.482619941234588623e-01
1.330777443945407867e-02
-7.361882179975509644e-02
-1.548832207918167114e-01
2.489654421806335449e-01
1.718397885560989380e-01
-2.316395193338394165e-01
1.842471063137054443e-01
-4.665071666240692139e-01
5.748451501131057739e-02
2.131512910127639771e-01
-3.068735264241695404e-02
-6.173688918352127075e-02
1.295578926801681519e-01
-1.193297952413558960e-01
-2.226907759904861450e-02
-6.529051810503005981e-02
3.873284906148910522e-03
-5.291851237416267395e-02
-2.708717808127403259e-02
8.525163680315017700e-02
3.512585163116455078e-02
-3.794527947902679443e-01
-2.204790860414505005e-01
-3.943385183811187744e-02
-4.001153111457824707e-01
-3.110983073711395264e-01
4.707926884293556213e-02
4.038651585578918457e-01
-1.286217272281646729e-01
1.702152490615844727e-01
6.575226038694381714e-02
1.863005757331848145e-01
2.716242671012878418e-01
-4.352743178606033325e-02
1.354226022958755493e-01
3.221147879958152771e-02
3.585700988769531250e-01
2.944242022931575775e-02
-3.370944261550903320e-01
8.181858807802200317e-02
-8.624096959829330444e-02
6.001755595207214355e-01
-9.054404497146606445e-02
-6.023103743791580200e-02
3.170430064201354980e-01
1.835511028766632080e-01
3.361361324787139893e-01
-3.483958542346954346e-02
-9.474729746580123901e-02
-2.056654840707778931e-01
-8.710105903446674347e-03
-7.697413861751556396e-02
4.929991960525512695e-01
-2.250253111124038696e-01
-1.622275710105895996e-01
4.430316388607025146e-02
3.846351057291030884e-02
1.577729135751724243e-01
2.709316909313201904e-01
1.015663444995880127e-01
2.155508100986480713e-01
-1.358449608087539673e-01
7.577755302190780640e-02
-8.870969712734222412e-02
-1.415538787841796875e-01
4.062354564666748047e-01
-3.224955797195434570e-01
-1.579181849956512451e-01
2.616098523139953613e-01
-1.305405795574188232e-01
2.518405616283416748e-01
-8.605799823999404907e-02
2.667937874794006348e-01
-1.734185218811035156e-01
2.397621572017669678e-01
-2.986988723278045654e-01
3.172457516193389893e-01
5.937676131725311279e-02
-2.132514417171478271e-01
1.830421537160873413e-01
-4.577717781066894531e-01
-2.749870419502258301e-01
1.570212095975875854e-02
-9.217416495084762573e-02
4.557051062583923340e-01
-2.235354781150817871e-01
-1.700980663299560547e-01
2.638448476791381836e-01
2.440233230590820312e-01
2.071106731891632080e-01
-1.663106828927993774e-01
-4.832633137702941895e-01
2.626429200172424316e-01
3.809565305709838867e-01
1.580914407968521118e-01
9.153937920928001404e-03
-3.277745842933654785e-02
2.184226810932159424e-01
-1.040617227554321289e-01
2.934042811393737793e-01
5.217967033386230469e-01
-2.423848807811737061e-01
2.715553641319274902e-01
-2.761032283306121826e-01
-1.042930483818054199e-01
5.253952741622924805e-01
9.477883577346801758e-05
2.086774706840515137e-01
1.493252515792846680e-01
-7.512329816818237305e-01
3.362718224525451660e-02
-7.481770962476730347e-02
-4.845219478011131287e-02
-2.952359914779663086e-01
1.256136596202850342e-02
-9.362299740314483643e-02
2.925672754645347595e-02
2.145549505949020386e-01
-2.152538895606994629e-01
3.493614494800567627e-02
2.495058178901672363e-01
2.625154890120029449e-02
-3.235493898391723633e-01
-2.235464304685592651e-01
-4.743727296590805054e-02
-3.904345631599426270e-01
-1.379000693559646606e-01
-5.152622237801551819e-02
2.061898708343505859e-01
-2.939532324671745300e-02
-5.317843332886695862e-02
-1.430538296699523926e-01
4.353899508714675903e-02
-3.640280961990356445e-01
4.039379954338073730e-02
1.131259202957153320e-01
1.694108359515666962e-02
-8.306501060724258423e-02
-6.666477024555206299e-02
-1.924259066581726074e-01
2.303594946861267090e-01
-3.979925513267517090e-01
-2.436952739953994751e-01
1.220556199550628662e-01
1.684284806251525879e-01
-3.130497410893440247e-02
3.532248139381408691e-01
5.917025804519653320e-01
5.325795710086822510e-02
1.466673761606216431e-01
-1.664928346872329712e-01
-2.574363350868225098e-01
-4.195702075958251953e-01
8.390588313341140747e-02
-5.929677486419677734e-01
-3.308284282684326172e-02
-9.450403600931167603e-02
9.579784423112869263e-02
-2.129993140697479248e-01
3.632316887378692627e-01
-4.637742340564727783e-01
9.173697233200073242e-02
1.865435242652893066e-01
2.752509713172912598e-01
-3.632442951202392578e-01
2.013076543807983398e-01
-2.307017445564270020e-01
2.059963941574096680e-01
-9.237961471080780029e-02
3.336999714374542236e-01
3.437242656946182251e-02
1.902712434530258179e-01
-6.678716838359832764e-02
6.405733525753021240e-02
-2.321322411298751831e-01
4.592857956886291504e-01
-2.308090031147003174e-01
1.868949085474014282e-01
-2.821946144104003906e-01
-2.016149908304214478e-01
-2.566765546798706055e-01
-1.597856730222702026e-01
-6.910111010074615479e-02
-4.116941392421722412e-01
-1.121198758482933044e-03
4.012824296951293945e-01
-1.992879807949066162e-01
1.155698597431182861e-01
-2.529861591756343842e-02
1.791344434022903442e-01
2.484965324401855469e-01
2.078270614147186279e-01
1.262001395225524902e-01
1.612155437469482422e-01
1.052731275558471680e-01
-1.024734973907470703e-01
2.462648600339889526e-01
-7.613135874271392822e-02
-1.291748695075511932e-02
-1.211868226528167725e-02
1.380847394466400146e-01
2.840939164161682129e-01
2.621263861656188965e-01
-1.478008031845092773e-01
-2.376911342144012451e-01
-2.712915241718292236e-01
-2.266369760036468506e-03
6.849828362464904785e-02
2.190100550651550293e-01
8.709637820720672607e-02
-3.091160058975219727e-01
3.985420241951942444e-02
4.259746074676513672e-01
-3.571253269910812378e-03
7.598725706338882446e-02
-1.129116863012313843e-03
-5.376805365085601807e-02
-3.390078246593475342e-02
8.867740631103515625e-02
1.555419862270355225e-01
-2.286566793918609619e-02
-2.642616033554077148e-01
-1.070381850004196167e-01
-8.748455345630645752e-02
3.774611353874206543e-01
-2.327337414026260376e-01
-3.640608191490173340e-01
-2.749302685260772705e-01
-2.200694233179092407e-01
-7.767729461193084717e-02
3.789070248603820801e-01
1.728737056255340576e-01
2.432233989238739014e-01
-5.963161587715148926e-02
2.998138368129730225e-01
3.689341545104980469e-01
-5.617992877960205078e-01
-4.882349371910095215e-01
2.546183206140995026e-02
-2.151151597499847412e-01
-1.577442288398742676e-01
-1.175751760601997375e-01
-3.625779598951339722e-02
1.613276600837707520e-01
2.551929950714111328e-01
-2.078404426574707031e-01
3.014957308769226074e-01
2.837801575660705566e-01
-2.958751320838928223e-01
8.792403340339660645e-02
-1.103471666574478149e-01
1.799767017364501953e-01
-1.116978377103805542e-01
-5.220121145248413086e-01
-9.161107242107391357e-03
5.626642704010009766e-01
-1.932957619428634644e-01
-2.295781672000885010e-01
2.159860730171203613e-01
3.237600326538085938e-01
1.929421909153461456e-02
-1.101666986942291260e-01
-1.375771760940551758e-01
-2.842046022415161133e-01
-5.419425368309020996e-01
-1.866438388824462891e-01
-1.327475011348724365e-01
