-1.297653466463088989e-01
3.963876664638519287e-01
-2.601589560508728027e-01
-8.825085312128067017e-02
-1.876153796911239624e-02
-4.699807614088058472e-02
-5.797597765922546387e-02
9.008962661027908325e-02
-1.456230580806732178e-01
2.359402328729629517e-01
2.150500714778900146e-01
-9.006583690643310547e-02
-2.281776964664459229e-01
1.760894954204559326e-01
-1.978130042552947998e-01
-2.235464155673980713e-01
-4.242267832159996033e-02
2.994388043880462646e-01
-2.305858395993709564e-02
-1.305033266544342041e-01
3.575745820999145508e-01
-1.296306699514389038e-01
-1.522110700607299805e-01
-1.418960392475128174e-01
1.989267617464065552e-01
7.811200618743896484e-02
-2.224176228046417236e-01
-4.348843097686767578e-01
1.904435902833938599e-01
7.642193138599395752e-02
1.465610563755035400e-01
-1.062587797641754150e-01
2.079556584358215332e-01
8.115337789058685303e-02
6.230871751904487610e-02
2.507605552673339844e-01
4.315431416034698486e-02
9.266997873783111572e-02
-4.104507714509963989e-02
4.032502323389053345e-02
5.731603503227233887e-02
-2.490275502204895020e-01
-4.983135461807250977e-01
7.527922093868255615e-02
2.880716323852539062e-01
-3.483755290508270264e-01
-6.668776273727416992e-02
4.474761337041854858e-02
-2.979454994201660156e-01
2.986424788832664490e-02
-4.176303744316101074e-01
-2.197992652654647827e-01
-1.976907551288604736e-01
1.140447184443473816e-01
-1.415365785360336304e-01
-2.181894183158874512e-01
2.170842885971069336e-01
4.036175608634948730e-01
-3.537388145923614502e-01
6.188964471220970154e-03
-4.152008146047592163e-02
9.190464019775390625e-02
-4.231144189834594727e-01
1.895732581615447998e-01
-7.137833163142204285e-03
-1.260241400450468063e-02
7.254448533058166504e-02
2.841981127858161926e-02
1.258443444967269897e-01
-5.686399340629577637e-02
2.894522845745086670e-01
-3.266423940658569336e-01
-1.472666114568710327e-01
2.005432248115539551e-01
3.254127800464630127e-01
1.922371834516525269e-01
-2.004521191120147705e-01
3.713577389717102051e-01
-8.122505247592926025e-02
-3.837760984897613525e-01
4.051516056060791016e-01
1.192072480916976929e-01
-2.692402899265289307e-01
1.439585834741592407e-01
6.536015123128890991e-02
9.360378980636596680e-02
-2.472962811589241028e-02
1.022543758153915405e-01
4.359327554702758789e-01
-3.298701643943786621e-01
5.621768534183502197e-02
-2.695468664169311523e-01
1.100328750908374786e-02
-6.226753443479537964e-02
4.061476588249206543e-01
1.608412861824035645e-01
-2.172053456306457520e-01
-2.708313465118408203e-01
3.149060010910034180e-01
1.940780878067016602e-01
-4.880436956882476807e-01
-2.481417059898376465e-01
-1.549992710351943970e-03
3.045445084571838379e-01
-4.709558486938476562e-01
-3.595158085227012634e-02
1.347798556089401245e-01
1.325205266475677490e-01
-5.348379164934158325e-02
-7.124353200197219849e-02
-1.274929642677307129e-01
-9.236015379428863525e-02
-1.613859832286834717e-01
-1.878108084201812744e-01
3.853162527084350586e-01
1.516159027814865112e-01
3.697544336318969727e-03
-1.279397755861282349e-01
2.674829587340354919e-02
-7.263928651809692383e-02
-1.224973499774932861e-01
2.324814945459365845e-01
4.934404790401458740e-02
-2.194390296936035156e-01
3.524098172783851624e-02
-6.801608949899673462e-02
-5.066144280135631561e-03
1.767527312040328979e-01
-1.288900971412658691e-01
-2.395683899521827698e-03
1.476098597049713135e-01
6.770007312297821045e-02
-6.836147606372833252e-02
1.478155851364135742e-01
1.220002174377441406e-01
2.345568388700485229e-01
1.148854568600654602e-01
-3.620348572731018066e-01
-1.498580574989318848e-01
-1.789125055074691772e-02
1.990367770195007324e-01
-3.626201152801513672e-01
1.791262030601501465e-01
2.784889563918113708e-02
2.286191582679748535e-01
5.314908921718597412e-02
1.392629444599151611e-01
1.782588362693786621e-01
1.699579060077667236e-01
6.663018465042114258e-02
1.377436965703964233e-01
-1.881160140037536621e-01
2.418922781944274902e-01
1.214550882577896118e-01
5.405873432755470276e-02
-8.928728103637695312e-02
4.851702749729156494e-01
-3.067349269986152649e-02
1.952567994594573975e-01
-1.465106904506683350e-01
-2.617885470390319824e-01
-1.156040281057357788e-01
1.303476393222808838e-01
9.118914604187011719e-02
9.600832127034664154e-03
8.906317874789237976e-03
2.761751413345336914e-03
-2.188194990158081055e-01
-8.565092831850051880e-02
2.131827771663665771e-01
1.378441452980041504e-01
-1.691156625747680664e-01
9.714172035455703735e-02
3.421885371208190918e-01
1.886602044105529785e-01
-3.789088726043701172e-01
1.113445535302162170e-01
-2.070799097418785095e-02
-9.441629052162170410e-03
2.862012684345245361e-01
-2.669950723648071289e-01
1.280621439218521118e-01
3.642744421958923340e-01
-4.915017262101173401e-02
3.411136567592620850e-02
3.536013066768646240e-01
7.680831849575042725e-02
5.056785047054290771e-02
5.561276152729988098e-02
1.182501614093780518e-01
-2.416043579578399658e-01
1.143041849136352539e-01
-1.172997280955314636e-01
-2.848097085952758789e-01
-1.903850138187408447e-01
8.568233996629714966e-02
7.151472568511962891e-01
-1.351338326930999756e-01
-2.659599781036376953e-01
1.603493690490722656e-01
-1.151982620358467102e-01
-1.769119873642921448e-03
-9.143891930580139160e-02
1.144848838448524475e-01
-1.632615923881530762e-01
7.073836028575897217e-02
-1.699887812137603760e-01
2.739834040403366089e-02
5.729605257511138916e-02
-4.956386052072048187e-03
-8.349050581455230713e-02
-4.488092660903930664e-01
7.340423017740249634e-02
1.170607060194015503e-01
-7.876441627740859985e-02
1.275208443403244019e-01
1.847152858972549438e-01
2.447497248649597168e-01
-1.470395363867282867e-02
3.185653090476989746e-01
-1.795634925365447998e-01
3.580014035105705261e-02
1.274761557579040527e-01
2.720683813095092773e-02
2.144498229026794434e-01
-1.202208735048770905e-02
-5.900599956512451172e-01
3.452450633049011230e-01
5.477001890540122986e-02
2.480666637420654297e-01
-4.290063977241516113e-01
-1.854163408279418945e-02
9.436862543225288391e-03
-9.847134351730346680e-04
-7.682038843631744385e-02
-2.511939406394958496e-01
2.857943177223205566e-01
2.086957730352878571e-02
-6.763517260551452637e-01
2.631824910640716553e-01
-3.286875486373901367e-01
-8.181877434253692627e-03
-2.337050735950469971e-01
3.518039882183074951e-01
-1.840348839759826660e-01
2.374987602233886719e-01
4.797948524355888367e-02
-5.234413221478462219e-02
-2.904666066169738770e-01
-2.798673510551452637e-01
9.269517660140991211e-02
4.862150922417640686e-02
-2.641437649726867676e-01
-5.645954236388206482e-02
1.284231245517730713e-01
5.950080603361129761e-02
-6.074312925338745117e-01
-4.588993787765502930e-01
-9.879258275032043457e-02
2.738793492317199707e-01
2.773017883300781250e-01
-1.533581912517547607e-01
-4.126320481300354004e-01
3.474835157394409180e-01
3.309791386127471924e-01
1.770402640104293823e-01
-3.246532008051872253e-02
-4.530923813581466675e-02
7.513787597417831421e-02
-2.165977209806442261e-01
-2.590239048004150391e-01
-5.814703702926635742e-01
2.396664321422576904e-01
-1.143746227025985718e-01
7.552415877580642700e-02
-3.202791213989257812e-01
1.664356887340545654e-01
-3.363332748413085938e-01
5.216423869132995605e-01
-6.924979388713836670e-03
-1.018911302089691162e-01
-8.834683895111083984e-02
-4.028907418251037598e-01
1.448268294334411621e-01
2.935014069080352783e-01
-8.545538038015365601e-02
-3.166293501853942871e-01
-8.982260711491107941e-03
-3.796980381011962891e-01
1.393229067325592041e-01
-1.291655451059341431e-01
5.633971691131591797e-01
-4.151622951030731201e-02
-4.434740543365478516e-02
1.562160849571228027e-01
-2.099386006593704224e-01
-3.105443157255649567e-02
-7.644784450531005859e-02
-2.251898944377899170e-01
-2.644542157649993896e-01
2.223806083202362061e-01
-1.247761100530624390e-01
-4.233061335980892181e-03
2.413584291934967041e-01
-3.383228778839111328e-01
-4.642684459686279297e-01
6.533543765544891357e-02
7.879564166069030762e-02
8.737693727016448975e-02
8.309699594974517822e-02
-1.930300295352935791e-01
-1.489144414663314819e-01
2.760426998138427734e-01
1.585149168968200684e-01
-1.278506964445114136e-01
1.995959132909774780e-01
1.450636424124240875e-02
-1.026751995086669922e-01
4.355097115039825439e-01
3.927521109580993652e-01
1.437587738037109375e-01
-1.425518654286861420e-02
-2.990781366825103760e-01
2.605509161949157715e-01
-8.598205447196960449e-02
-4.063951969146728516e-01
-2.553168237209320068e-01
-2.191282063722610474e-01
-1.932288706302642822e-01
2.408226765692234039e-02
-4.782767891883850098e-01
2.962001785635948181e-02
-2.331845313310623169e-01
1.681950092315673828e-01
3.375635147094726562e-01
1.445282101631164551e-01
-3.582566976547241211e-03
1.821365356445312500e-01
-1.045742630958557129e-01
-1.029996424913406372e-01
2.301476299762725830e-01
-1.429532766342163086e-01
1.283944100141525269e-01
-1.611697301268577576e-02
-2.847172021865844727e-01
-2.501786947250366211e-01
1.493315994739532471e-01
-2.786162495613098145e-02
-1.496856659650802612e-01
-4.128973931074142456e-02
-3.546816706657409668e-01
4.531446695327758789e-01
1.286939382553100586e-01
-4.439205229282379150e-01
1.946121603250503540e-01
3.177533298730850220e-02
2.796905636787414551e-01
9.330882132053375244e-02
-2.851649373769760132e-02
5.990359187126159668e-01
3.943100571632385254e-02
7.562413066625595093e-02
2.289942800998687744e-01
1.039001271128654480e-01
3.022581040859222412e-01
5.012417212128639221e-02
-6.111736595630645752e-02
7.872526347637176514e-02
1.097440570592880249e-01
2.162238955497741699e-02
-2.539066672325134277e-01
8.172352612018585205e-02
2.368958294391632080e-02
-3.721638917922973633e-01
2.798473238945007324e-01
5.167121067643165588e-02
1.250224113464355469e-01
-2.019627019762992859e-02
-4.545591175556182861e-01
9.444737434387207031e-02
8.865944296121597290e-02
-4.292816221714019775e-01
3.661239743232727051e-01
2.712953090667724609e-01
