-3.184705972671508789e-01
5.117053985595703125e-01
-2.839326858520507812e-01
-5.724072456359863281e-02
-4.258201718330383301e-01
-2.003197520971298218e-01
6.229243800044059753e-02
-1.537628769874572754e-01
-4.904517531394958496e-02
1.741801053285598755e-01
3.631938695907592773e-01
-4.228753447532653809e-01
-8.525443077087402344e-02
-4.562845826148986816e-02
1.461237370967864990e-01
-8.526511490345001221e-02
2.086182087659835815e-01
3.173961937427520752e-01
1.185041479766368866e-02
-1.156171485781669617e-01
5.110747814178466797e-01
-1.697514802217483521e-01
-1.651812940835952759e-01
1.212730556726455688e-01
5.764142423868179321e-02
9.553653001785278320e-02
-1.577575355768203735e-01
-2.665323019027709961e-01
1.576884835958480835e-01
1.428312808275222778e-01
1.281438469886779785e-01
8.993137627840042114e-02
2.530196905136108398e-01
2.063352465629577637e-01
2.324922978878021240e-01
3.504389151930809021e-02
-1.080097258090972900e-01
-1.404138654470443726e-01
3.716307878494262695e-01
5.734610930085182190e-02
-1.213076412677764893e-01
-2.411928772926330566e-01
-4.179294109344482422e-01
-1.315108984708786011e-01
1.417427659034729004e-01
-1.125863119959831238e-01
4.363808408379554749e-02
3.800808787345886230e-01
-1.430867910385131836e-01
-9.977784939110279083e-03
-4.769823849201202393e-01
-4.900592938065528870e-02
-2.488116025924682617e-01
-7.921647280454635620e-02
3.120591491460800171e-02
-2.143695950508117676e-01
2.361433655023574829e-01
2.348317205905914307e-01
-2.583240270614624023e-01
1.399477012455463409e-02
4.534879326820373535e-02
2.010212391614913940e-01
-4.284746348857879639e-01
2.229869663715362549e-01
1.162131652235984802e-01
-3.625106066465377808e-02
-1.106405705213546753e-01
-2.040704041719436646e-01
-1.343129724264144897e-01
-2.506000921130180359e-02
5.446302890777587891e-01
-3.246885240077972412e-01
-5.794589221477508545e-02
8.433739840984344482e-02
9.804844856262207031e-02
-1.918991804122924805e-01
-1.284056305885314941e-01
1.483568847179412842e-01
-4.247531592845916748e-01
-4.636467397212982178e-01
3.699239194393157959e-01
4.629363715648651123e-01
-1.890830546617507935e-01
1.977240145206451416e-01
2.540104687213897705e-01
8.037859201431274414e-02
-7.218295335769653320e-02
1.173149049282073975e-01
4.872317016124725342e-01
-3.456290960311889648e-01
1.205930709838867188e-01
-1.193136423826217651e-01
-4.867304116487503052e-02
3.402299433946609497e-02
6.326802968978881836e-01
-3.152000904083251953e-02
-7.522433996200561523e-02
-1.359573751688003540e-01
-1.125485077500343323e-02
8.520184457302093506e-02
-3.181343078613281250e-01
-8.705046772956848145e-02
4.631653428077697754e-05
2.766259610652923584e-01
-3.476988673210144043e-01
2.389356642961502075e-01
1.428267955780029297e-01
6.839442998170852661e-03
9.419025853276252747e-03
2.936250865459442139e-01
-3.178717195987701416e-01
-1.828439682722091675e-01
-3.925168812274932861e-01
3.012727014720439911e-03
3.076364398002624512e-01
8.242429792881011963e-02
2.628331780433654785e-01
-1.487861275672912598e-01
6.441363692283630371e-02
1.303190886974334717e-01
3.887049853801727295e-02
-4.106896370649337769e-02
-1.919569671154022217e-01
-3.956573083996772766e-03
1.783048547804355621e-02
2.580493688583374023e-03
3.022504597902297974e-02
3.377589210867881775e-02
9.782957285642623901e-02
8.423814177513122559e-02
1.036580950021743774e-01
2.073042094707489014e-01
9.427389502525329590e-02
1.540485620498657227e-01
-1.305401027202606201e-01
2.996829524636268616e-02
1.603113263845443726e-01
-9.797349572181701660e-02
-2.174019813537597656e-01
-2.581279873847961426e-01
7.037324458360671997e-02
-9.505803883075714111e-02
1.748334914445877075e-01
-5.041252821683883667e-02
2.270306944847106934e-01
-2.255731225013732910e-01
1.439011245965957642e-01
2.524842023849487305e-01
1.431190967559814453e-01
1.924969255924224854e-03
1.300106346607208252e-01
5.728257447481155396e-02
1.376916170120239258e-01
2.353074215352535248e-02
-9.650363028049468994e-02
-1.443747729063034058e-01
-1.282829493284225464e-01
2.291952073574066162e-01
4.851707816123962402e-01
-1.767945736646652222e-01
8.676984906196594238e-02
-8.060745149850845337e-02
6.294482946395874023e-02
3.061176836490631104e-01
2.134490162134170532e-01
-9.044581651687622070e-02
-2.767230570316314697e-01
-1.496112197637557983e-01
8.492951095104217529e-02
2.792781889438629150e-01
1.879106611013412476e-01
-1.741243526339530945e-03
-5.272215604782104492e-02
1.915425360202789307e-01
1.648695468902587891e-01
-9.391894936561584473e-02
1.641691476106643677e-01
6.783762574195861816e-02
-2.502200007438659668e-01
2.343356907367706299e-01
-3.314737975597381592e-01
-3.195917606353759766e-02
3.008431792259216309e-01
-2.516075074672698975e-01
-1.939497739076614380e-01
3.605526089668273926e-01
-2.164398878812789917e-02
-1.394554078578948975e-01
-1.255713403224945068e-01
-2.567928284406661987e-03
-4.248332977294921875e-01
7.839660346508026123e-02
-5.883856862783432007e-02
-6.435035914182662964e-02
-3.015660345554351807e-01
5.304302275180816650e-02
7.459231615066528320e-01
-4.949967265129089355e-01
-2.260538935661315918e-01
-2.018515020608901978e-02
-2.839490771293640137e-01
5.605157464742660522e-02
-1.917200908064842224e-02
3.727492317557334900e-02
4.606168866157531738e-01
-9.763267636299133301e-02
1.182347536087036133e-01
-3.716762363910675049e-02
2.343169450759887695e-01
1.091859769076108932e-02
1.005670875310897827e-01
-4.085997045040130615e-01
6.022258475422859192e-02
2.718162238597869873e-01
9.280963987112045288e-02
1.060309410095214844e-01
3.077069520950317383e-01
3.986961841583251953e-01
-1.513440608978271484e-01
7.282815873622894287e-02
9.830480813980102539e-02
-2.209064662456512451e-01
2.309970930218696594e-02
1.370319910347461700e-02
8.313838392496109009e-03
2.066761553287506104e-01
-3.922041654586791992e-01
1.958080530166625977e-01
6.526322662830352783e-02
-4.387408867478370667e-02
-2.670154273509979248e-01
-4.352867603302001953e-02
1.312490552663803101e-02
-1.317003667354583740e-01
2.358137369155883789e-01
-3.603097796440124512e-01
2.757523655891418457e-01
8.476094901561737061e-02
-1.003197580575942993e-02
1.519374400377273560e-01
-2.704772353172302246e-01
-4.163490608334541321e-02
-1.535527706146240234e-01
3.287564516067504883e-01
-2.426856160163879395e-01
-5.541338026523590088e-02
-1.149666532874107361e-01
-7.273115217685699463e-02
-4.722893834114074707e-01
9.442046284675598145e-03
-2.237323224544525146e-01
-2.836550399661064148e-02
-1.535896807909011841e-01
-9.683588147163391113e-02
5.119207501411437988e-02
-4.743907973170280457e-02
-3.910598754882812500e-01
-2.481940984725952148e-01
-1.039825379848480225e-01
1.936567872762680054e-01
1.341501921415328979e-01
-1.280844211578369141e-01
-3.281597495079040527e-01
3.103470206260681152e-01
2.352656722068786621e-01
2.265883684158325195e-01
5.506478995084762573e-02
1.478112637996673584e-01
-1.696084737777709961e-01
-2.354663163423538208e-01
-1.123850196599960327e-01
-7.253476381301879883e-01
-2.167428433895111084e-01
-2.650537490844726562e-01
3.564454317092895508e-01
-3.208391070365905762e-01
2.009949982166290283e-01
-7.258397340774536133e-02
5.431032776832580566e-01
9.939088672399520874e-02
-2.021165788173675537e-01
-3.886400461196899414e-01
-4.762970209121704102e-01
-7.524789869785308838e-02
4.104726314544677734e-01
1.588419973850250244e-01
-2.247978746891021729e-01
4.153695702552795410e-02
-7.132770121097564697e-02
2.616869471967220306e-02
-1.729113459587097168e-01
3.842006921768188477e-01
3.618170022964477539e-01
-1.217236667871475220e-01
-1.147310137748718262e-01
-3.889173269271850586e-01
7.785973697900772095e-02
-8.770420402288436890e-02
-3.430396020412445068e-01
-6.274455785751342773e-01
-1.152023859322071075e-02
1.107307523488998413e-01
1.923651099205017090e-01
7.317334413528442383e-02
-5.690717697143554688e-01
-4.004170298576354980e-01
-5.829606950283050537e-02
-1.212816387414932251e-01
4.813540577888488770e-01
-6.050645560026168823e-02
-1.569370031356811523e-01
-1.444377005100250244e-01
4.036117792129516602e-01
3.466757535934448242e-01
-2.782990336418151855e-01
1.074653416872024536e-01
1.739847064018249512e-01
-2.028327584266662598e-01
4.465341269969940186e-01
3.576044440269470215e-01
3.388708531856536865e-01
-1.634547114372253418e-01
-6.964488327503204346e-02
1.538482010364532471e-01
8.911925554275512695e-02
-4.225016832351684570e-01
-1.357327699661254883e-01
-5.263342857360839844e-01
5.419387295842170715e-02
1.548185944557189941e-01
-2.972403466701507568e-01
6.143354624509811401e-02
-5.441124364733695984e-02
-1.526248008012771606e-01
1.645246446132659912e-01
1.023248285055160522e-01
1.579762846231460571e-01
1.589976847171783447e-01
-9.044376015663146973e-02
-2.182321250438690186e-01
1.479479819536209106e-01
-2.488185912370681763e-01
1.194180175662040710e-01
-1.355259865522384644e-01
-3.288013637065887451e-01
-2.493504434823989868e-01
-1.121684014797210693e-01
5.612464249134063721e-02
-2.162301838397979736e-01
7.756920997053384781e-03
-3.413851857185363770e-01
5.532281994819641113e-01
1.322473585605621338e-01
-7.010676860809326172e-01
1.742906868457794189e-01
1.042377501726150513e-01
1.009037792682647705e-01
-1.335735172033309937e-01
-4.774495214223861694e-02
2.310686111450195312e-01
2.163800895214080811e-01
2.342322170734405518e-01
1.756904125213623047e-01
1.697361767292022705e-01
4.289606213569641113e-01
-5.810485035181045532e-02
-1.197127252817153931e-02
-6.441260129213333130e-02
-3.989255428314208984e-02
4.486645758152008057e-02
-3.897350728511810303e-01
2.411706447601318359e-01
9.287725389003753662e-02
-1.724429726600646973e-01
-6.079722195863723755e-03
6.790639460086822510e-02
4.532296657562255859e-01
2.611601054668426514e-01
-3.041215538978576660e-01
1.635967791080474854e-01
2.507368624210357666e-01
-2.508368492126464844e-01
8.263066411018371582e-03
1.729156970977783203e-01
