-4.240465164184570312e-01
2.787770330905914307e-01
-2.755731344223022461e-01
-7.494311034679412842e-02
9.386612102389335632e-03
-5.943325534462928772e-02
5.218697786331176758e-01
3.706465959548950195e-01
1.123699843883514404e-01
-2.673134952783584595e-02
1.550108492374420166e-01
-9.831453859806060791e-02
-2.172902524471282959e-01
-1.365858614444732666e-01
-2.006978541612625122e-01
-1.533783972263336182e-03
3.995373249053955078e-01
2.414880245923995972e-01
3.623694777488708496e-01
-3.444302678108215332e-01
5.087519884109497070e-01
2.303674444556236267e-02
-2.939509153366088867e-01
-2.490148097276687622e-01
-3.281182050704956055e-01
1.722244024276733398e-01
-1.390655934810638428e-01
-3.531773686408996582e-01
5.404452085494995117e-01
-1.800468750298023224e-02
3.194660246372222900e-01
6.562773883342742920e-02
1.249060928821563721e-01
3.265073895454406738e-01
1.035404503345489502e-01
-4.722045958042144775e-01
-3.100557327270507812e-01
-1.626225411891937256e-01
1.831356287002563477e-01
2.368884719908237457e-02
3.433594852685928345e-02
-1.866987794637680054e-01
-1.721050292253494263e-01
-2.921497821807861328e-01
-8.867171406745910645e-02
-1.904026716947555542e-01
-2.032350897789001465e-01
6.945556402206420898e-02
-3.424657881259918213e-02
-1.770677119493484497e-01
-2.328141629695892334e-01
-8.951054513454437256e-02
1.119761019945144653e-01
-7.447269558906555176e-02
2.545720338821411133e-01
-5.394425392150878906e-01
2.213845849037170410e-01
-1.583586633205413818e-02
-3.685496747493743896e-01
2.087732590734958649e-02
3.199393302202224731e-02
-2.624078467488288879e-02
-6.194927692413330078e-01
-2.040201053023338318e-02
-5.703695118427276611e-02
-1.335957050323486328e-01
-1.096068769693374634e-01
-2.630881071090698242e-01
2.364180088043212891e-01
3.775058984756469727e-01
2.044556587934494019e-01
-2.909732758998870850e-01
-6.386774033308029175e-02
-1.661615669727325439e-01
1.063741371035575867e-01
1.845321208238601685e-01
1.622755825519561768e-01
4.171046242117881775e-02
-1.241382583975791931e-01
-6.636856198310852051e-01
3.156296014785766602e-01
2.030430734157562256e-02
-1.305910944938659668e-01
-6.894184648990631104e-02
3.317802399396896362e-02
3.961871564388275146e-01
6.701024621725082397e-02
8.630156517028808594e-02
2.934313416481018066e-01
4.254525154829025269e-02
2.669644951820373535e-01
3.404249548912048340e-01
2.055468261241912842e-01
-2.789915204048156738e-01
5.168408751487731934e-01
8.761227130889892578e-02
-2.313371747732162476e-02
-1.039769649505615234e-01
-1.276166923344135284e-02
1.137804910540580750e-01
-1.717790365219116211e-01
-1.614186465740203857e-01
-3.331770300865173340e-01
3.159343302249908447e-01
-4.417255520820617676e-01
-2.149712853133678436e-02
2.514108717441558838e-01
1.828255057334899902e-01
-3.141177445650100708e-02
4.204094409942626953e-01
1.149310730397701263e-03
-3.481185762211680412e-03
-2.876289188861846924e-01
-1.898226886987686157e-01
3.233477473258972168e-02
-2.225648462772369385e-01
1.736402511596679688e-01
-2.762728929519653320e-01
4.868859052658081055e-02
-8.344283699989318848e-02
-8.165815472602844238e-02
1.194576472043991089e-01
1.311624795198440552e-01
-2.166937589645385742e-01
5.664684250950813293e-02
2.080675214529037476e-02
3.091016411781311035e-01
-1.292532030493021011e-02
-3.224658370018005371e-01
9.072706848382949829e-02
-1.821482777595520020e-01
8.225764334201812744e-02
1.853571645915508270e-02
6.385659798979759216e-04
4.933555610477924347e-03
1.465362906455993652e-01
4.074070453643798828e-01
-1.353497803211212158e-01
-8.888134360313415527e-02
6.893000751733779907e-02
-4.249370098114013672e-01
-2.006370127201080322e-01
6.005395576357841492e-02
-5.467456579208374023e-02
3.519259095191955566e-01
-1.255541294813156128e-01
-2.145856618881225586e-02
-2.847037911415100098e-01
-1.617408245801925659e-01
-2.091673612594604492e-01
-1.408860534429550171e-01
-6.875053793191909790e-02
-2.878854610025882721e-02
2.787120044231414795e-01
3.100901842117309570e-01
-1.796310767531394958e-02
-2.976714968681335449e-01
2.001050114631652832e-01
5.527527928352355957e-01
3.802208900451660156e-01
-1.812244951725006104e-01
3.655563592910766602e-01
3.742775917053222656e-01
2.225362211465835571e-01
2.888466119766235352e-01
-1.176125407218933105e-01
-2.398296296596527100e-01
-1.674872338771820068e-01
-1.076847761869430542e-01
3.566809892654418945e-01
-2.364317625761032104e-01
-1.501717567443847656e-01
2.438603937625885010e-01
-3.568923473358154297e-01
-3.530537784099578857e-01
9.400124847888946533e-02
1.902401596307754517e-01
4.636777937412261963e-02
-2.295106202363967896e-01
2.533002495765686035e-01
-1.511240005493164062e-01
1.387738138437271118e-01
1.762607693672180176e-01
-2.009793817996978760e-01
-2.394731156527996063e-02
5.528629571199417114e-02
1.458651274442672729e-01
4.843159019947052002e-02
-1.942981481552124023e-01
4.491644501686096191e-01
-5.973536372184753418e-01
7.373078167438507080e-02
-6.586540490388870239e-02
-2.378838062286376953e-01
-2.122628130018711090e-02
1.822007596492767334e-01
9.208830446004867554e-02
9.561550617218017578e-02
2.842906303703784943e-02
-9.525232762098312378e-02
2.697157487273216248e-02
1.833796501159667969e-01
1.356621980667114258e-01
-1.563584208488464355e-01
2.176744639873504639e-01
5.540164709091186523e-01
-2.960363626480102539e-01
1.381894499063491821e-01
2.025840282440185547e-01
-1.408789604902267456e-01
-7.844514399766921997e-02
-2.924303710460662842e-01
-9.115482866764068604e-02
-7.464106380939483643e-02
-7.968910038471221924e-02
3.141200840473175049e-01
-8.315597474575042725e-02
1.815997064113616943e-01
-2.412250488996505737e-01
1.552216261625289917e-01
3.679231405258178711e-01
-2.175079882144927979e-01
1.321742236614227295e-01
-8.559443056583404541e-02
1.396071612834930420e-01
1.673212051391601562e-01
-1.713277846574783325e-01
3.545063138008117676e-01
-1.488046050071716309e-01
-1.234382539987564087e-01
-2.343743443489074707e-01
-2.909034788608551025e-01
1.917513757944107056e-01
2.061937153339385986e-01
-4.461726546287536621e-02
-1.397593617439270020e-01
3.539055585861206055e-01
-1.191183030605316162e-01
5.434223264455795288e-02
3.019263744354248047e-01
-1.270843446254730225e-01
-2.742096483707427979e-01
-7.941677421331405640e-02
3.502260148525238037e-02
-3.921591639518737793e-01
-6.645204126834869385e-02
1.776923239231109619e-01
3.890395760536193848e-01
-5.496284961700439453e-01
1.783496439456939697e-01
-2.516301721334457397e-02
-2.952443063259124756e-02
-2.089168429374694824e-01
5.777276679873466492e-02
2.510346472263336182e-02
2.475179135799407959e-01
-4.358012378215789795e-01
-2.375979125499725342e-01
-4.383174180984497070e-01
-3.011720776557922363e-01
2.243417799472808838e-01
5.274094343185424805e-01
-2.749506533145904541e-01
1.629325449466705322e-01
3.403658866882324219e-01
3.154916763305664062e-01
-4.588128998875617981e-02
3.216657638549804688e-01
-1.377790868282318115e-01
-2.252021133899688721e-01
-1.119875162839889526e-01
-7.688410282135009766e-01
-4.396879374980926514e-01
-5.894912779331207275e-02
4.752208590507507324e-01
-3.052958548069000244e-01
-4.186933860182762146e-03
-4.487800598144531250e-01
1.474175304174423218e-01
1.461452431976795197e-02
2.994837164878845215e-01
-1.914835274219512939e-01
-4.156160354614257812e-01
2.528246045112609863e-01
6.433756351470947266e-01
1.957900524139404297e-01
-2.195856124162673950e-01
-8.892884105443954468e-02
-5.884997174143791199e-02
-4.269941151142120361e-02
9.599609673023223877e-02
4.192859232425689697e-01
3.852745294570922852e-01
-2.239889800548553467e-01
-5.744206905364990234e-02
-1.332555413246154785e-01
2.673273086547851562e-01
-7.364732027053833008e-02
-4.855144321918487549e-01
-4.693537950515747070e-01
-6.903441250324249268e-02
-2.832311689853668213e-01
3.721581995487213135e-01
-1.187463700771331787e-01
-4.052773118019104004e-01
-2.141222357749938965e-01
-7.416541129350662231e-02
3.074279986321926117e-02
1.858029812574386597e-01
-2.672814428806304932e-01
-5.551054477691650391e-01
-1.365500390529632568e-01
2.754820585250854492e-01
9.301398694515228271e-02
-2.656271159648895264e-01
1.778786182403564453e-01
-2.411939203739166260e-01
1.307944506406784058e-01
2.570068240165710449e-01
1.930078864097595215e-01
-3.715701401233673096e-02
4.929661750793457031e-03
1.263961493968963623e-01
3.104022741317749023e-01
1.938196122646331787e-01
-1.912311762571334839e-01
-3.229176998138427734e-01
-1.178313940763473511e-01
9.730830788612365723e-02
1.556800007820129395e-01
6.006769835948944092e-02
1.404557824134826660e-01
-3.781193494796752930e-02
5.335026979446411133e-02
3.337203860282897949e-01
2.340255975723266602e-01
1.943233311176300049e-01
1.349344253540039062e-01
-1.730561256408691406e-01
-1.567396521568298340e-01
1.455958187580108643e-02
1.654802709817886353e-01
2.460145652294158936e-01
-6.704594194889068604e-02
-5.364377498626708984e-01
-1.379624009132385254e-01
-4.604131728410720825e-02
-2.848595939576625824e-02
7.151919603347778320e-02
1.020386517047882080e-01
-1.134536564350128174e-01
4.252669811248779297e-01
3.188640475273132324e-01
-1.988564729690551758e-01
8.274926990270614624e-02
1.054780632257461548e-01
-8.116312325000762939e-02
-2.687454223632812500e-01
-1.215941309928894043e-01
4.231862127780914307e-01
7.616516947746276855e-02
1.603835076093673706e-01
-1.702096760272979736e-01
3.510341793298721313e-02
-2.050689160823822021e-01
-4.633824527263641357e-02
1.204423904418945312e-01
-6.995096802711486816e-02
-6.180462427437305450e-03
3.087430000305175781e-01
-1.355824619531631470e-01
1.264241710305213928e-02
3.758111596107482910e-01
-3.384179994463920593e-02
-2.489255517721176147e-01
-1.303082704544067383e-01
3.641374409198760986e-01
-2.580877542495727539e-01
4.371368885040283203e-02
1.762497723102569580e-01
8.515674620866775513e-02
-1.946879029273986816e-01
3.027098178863525391e-01
2.631639838218688965e-01
