-3.394618332386016846e-01
2.242243289947509766e-01
-1.658141016960144043e-01
-1.170068886131048203e-02
6.656420230865478516e-02
-3.139416575431823730e-01
2.463529706001281738e-01
-5.173031240701675415e-02
5.897361412644386292e-02
2.165465056896209717e-01
3.698987662792205811e-01
-1.011360883712768555e-01
-1.448285579681396484e-01
-8.770740032196044922e-02
-3.326034545898437500e-01
-1.964787840843200684e-01
8.536769449710845947e-02
-9.923584759235382080e-03
8.495320379734039307e-02
2.109874784946441650e-01
1.777307391166687012e-01
9.170025587081909180e-02
-3.058975636959075928e-01
4.380298405885696411e-02
-1.323073506355285645e-01
9.303912520408630371e-02
-3.699214756488800049e-01
-1.713909804821014404e-01
3.071645796298980713e-01
-1.006831079721450806e-01
1.727829873561859131e-01
2.138057164847850800e-02
7.358928769826889038e-02
3.539337962865829468e-02
2.942490279674530029e-01
-2.364958524703979492e-01
-4.709222167730331421e-02
-3.489488735795021057e-02
2.005819678306579590e-01
2.154420316219329834e-02
-3.388162702322006226e-02
-1.759316921234130859e-01
-2.547302544116973877e-01
-1.269078254699707031e-01
7.143220305442810059e-02
6.426202133297920227e-03
-1.992771774530410767e-02
2.402811199426651001e-01
-1.587474048137664795e-01
-2.829604446887969971e-01
-2.374284267425537109e-01
-1.008413732051849365e-02
-4.573468118906021118e-02
-3.313774466514587402e-01
8.030831068754196167e-02
-3.511622548103332520e-01
1.268933713436126709e-01
1.326572299003601074e-01
-3.965086303651332855e-03
-6.958740204572677612e-02
1.909855008125305176e-01
1.039187312126159668e-01
-4.916784465312957764e-01
1.278968751430511475e-01
1.562647521495819092e-01
4.434391856193542480e-02
-2.624064385890960693e-01
-8.988420665264129639e-02
2.377446293830871582e-01
1.681219339370727539e-01
4.269120693206787109e-01
-2.688813209533691406e-01
-3.240101635456085205e-01
-5.508311092853546143e-02
1.583134084939956665e-01
-3.349177911877632141e-02
5.020233988761901855e-02
3.604947924613952637e-01
-5.258826911449432373e-02
-3.762927651405334473e-01
6.001465767621994019e-02
7.771859318017959595e-02
-3.845162689685821533e-02
8.732163906097412109e-02
-9.765850007534027100e-02
8.296355605125427246e-02
1.692184358835220337e-01
1.839921623468399048e-01
3.495451509952545166e-01
-1.117119640111923218e-01
3.920319974422454834e-01
-1.171873062849044800e-01
3.707899451255798340e-01
-7.341765612363815308e-02
-4.306852445006370544e-02
2.993590235710144043e-01
8.553699404001235962e-02
-1.643474698066711426e-01
4.236652255058288574e-01
8.833885192871093750e-03
1.219976246356964111e-01
-9.437748789787292480e-02
-3.060778379440307617e-01
6.220607087016105652e-03
-3.288677930831909180e-01
4.843955114483833313e-02
2.966586351394653320e-01
2.897206693887710571e-03
1.656840592622756958e-01
1.587551534175872803e-01
-1.000772118568420410e-01
-9.696988761425018311e-02
-1.727415472269058228e-01
-1.344263255596160889e-01
-9.990293532609939575e-02
-1.418561302125453949e-02
-9.462822228670120239e-02
-1.806150376796722412e-01
2.895923852920532227e-01
-2.399576306343078613e-01
7.473193854093551636e-02
2.260892465710639954e-02
-6.301799416542053223e-02
-1.865246295928955078e-01
5.552784800529479980e-01
-4.474357888102531433e-02
1.110244095325469971e-01
1.896731257438659668e-01
-2.475896626710891724e-01
-1.244809329509735107e-01
1.480194926261901855e-01
-1.317858248949050903e-01
-9.017379581928253174e-02
-8.805283904075622559e-02
-3.381592407822608948e-02
-5.957572534680366516e-02
2.434750348329544067e-01
-2.966934144496917725e-01
-1.048047095537185669e-01
-1.674890518188476562e-01
-5.482255816459655762e-01
-2.195014804601669312e-02
1.549129188060760498e-01
1.107113957405090332e-01
2.698246389627456665e-02
-6.908370554447174072e-02
-8.911045640707015991e-02
3.758369944989681244e-03
1.981324553489685059e-01
1.557940617203712463e-02
3.239151090383529663e-02
-1.968918591737747192e-01
3.500016629695892334e-01
4.459578990936279297e-01
1.608703434467315674e-01
-1.062222421169281006e-01
-7.602664083242416382e-02
1.091752052307128906e-01
4.150417447090148926e-01
2.959357202053070068e-02
-2.985573410987854004e-01
3.683059215545654297e-01
-2.398901060223579407e-02
2.765491902828216553e-01
1.370899938046932220e-02
8.040380477905273438e-02
-3.702961206436157227e-01
-1.387401670217514038e-01
-2.777738869190216064e-02
3.728107213973999023e-01
1.523726880550384521e-01
7.593675516545772552e-03
6.823231279850006104e-02
-2.144068777561187744e-01
2.751740813255310059e-01
1.088488008826971054e-02
2.260919064283370972e-01
2.515634000301361084e-01
-1.970510780811309814e-01
2.469097375869750977e-01
-2.154131531715393066e-01
-9.608414769172668457e-02
9.500410407781600952e-02
8.763591200113296509e-02
9.883601963520050049e-02
2.670045793056488037e-01
6.972262263298034668e-02
-1.006569415330886841e-01
-1.479114890098571777e-01
1.803345233201980591e-01
1.725077629089355469e-01
5.751578509807586670e-02
-1.414528787136077881e-01
6.083011254668235779e-02
-2.697838842868804932e-01
-2.796175144612789154e-02
2.792665064334869385e-01
-1.140148639678955078e-01
-1.901053786277770996e-01
-9.056223928928375244e-02
-4.381053894758224487e-02
4.326140880584716797e-02
1.265095733106136322e-02
-1.847361028194427490e-01
1.768355071544647217e-01
2.127418518066406250e-01
-1.292670369148254395e-01
-9.551155567169189453e-02
-2.593328654766082764e-01
1.930043250322341919e-01
1.676993072032928467e-01
-1.276035904884338379e-01
-2.113324403762817383e-02
-1.967251598834991455e-01
-1.312817260622978210e-02
3.052543401718139648e-01
1.466422379016876221e-01
2.595061808824539185e-02
-2.577316202223300934e-02
-8.867220580577850342e-02
-3.166746497154235840e-01
-1.113631203770637512e-01
7.233772426843643188e-02
-2.471910715103149414e-01
1.071242094039916992e-01
-1.011439338326454163e-01
9.314129501581192017e-02
-5.640999227762222290e-02
-3.522328138351440430e-01
-1.598505079746246338e-01
-2.259134948253631592e-01
-1.197393238544464111e-01
3.136551976203918457e-01
2.136363834142684937e-01
8.905817568302154541e-02
7.574204355478286743e-02
2.242831140756607056e-01
4.417919367551803589e-02
4.526638425886631012e-03
3.438559174537658691e-01
-2.890207991003990173e-02
-1.988386213779449463e-01
-1.733355224132537842e-01
-6.145361065864562988e-02
-4.148866832256317139e-01
-2.299462258815765381e-02
2.697556912899017334e-01
-1.899065636098384857e-02
-2.877638638019561768e-01
4.494823142886161804e-02
-1.565835177898406982e-01
-1.711972653865814209e-01
2.347675114870071411e-01
-8.973333239555358887e-02
1.196872591972351074e-01
-3.172945603728294373e-02
-2.967510819435119629e-01
6.459730118513107300e-02
-3.273348808288574219e-01
-1.594602763652801514e-01
3.186132013797760010e-01
6.183217465877532959e-02
-1.879436075687408447e-01
3.218519091606140137e-01
4.180964529514312744e-01
3.294970989227294922e-01
-1.193467080593109131e-01
5.028386414051055908e-02
-1.137328892946243286e-01
-2.346511781215667725e-01
8.771094679832458496e-02
-3.555449247360229492e-01
7.147690653800964355e-02
-1.700827032327651978e-01
-8.697190321981906891e-03
-2.578662633895874023e-01
2.444600462913513184e-01
-3.111212253570556641e-01
4.223658889532089233e-02
2.347533591091632843e-03
3.506633043289184570e-01
-1.556495111435651779e-02
-2.696351408958435059e-01
5.398014560341835022e-02
5.675203800201416016e-01
-1.664639562368392944e-01
3.598538786172866821e-02
-5.083174258470535278e-02
-1.762096136808395386e-01
2.144746109843254089e-02
-1.314014196395874023e-01
3.739041090011596680e-01
4.643791615962982178e-01
-2.800508737564086914e-01
1.852828264236450195e-01
-3.529351353645324707e-01
1.690614596009254456e-02
-1.307083070278167725e-01
1.591086387634277344e-02
-7.874466478824615479e-03
-1.654475927352905273e-01
-2.926016449928283691e-01
2.071118503808975220e-01
1.762860268354415894e-02
-2.273976057767868042e-01
-9.299616515636444092e-02
4.278183728456497192e-02
1.487942636013031006e-01
1.805148869752883911e-01
-2.707941830158233643e-01
-2.094254493713378906e-01
-2.274140417575836182e-01
3.594937175512313843e-02
2.605633735656738281e-01
-5.253281444311141968e-02
2.378557026386260986e-01
-1.526821497827768326e-02
3.740520775318145752e-01
1.761445105075836182e-01
1.447936296463012695e-01
7.833666354417800903e-02
-1.376250386238098145e-01
1.301304399967193604e-01
2.041304111480712891e-01
-1.975230500102043152e-02
-2.735691368579864502e-01
-5.043672919273376465e-01
-2.161596417427062988e-01
-1.960360854864120483e-01
1.844146102666854858e-01
-9.770296514034271240e-02
3.273032605648040771e-02
-1.007198635488748550e-02
-5.953646264970302582e-03
-1.476713176816701889e-02
7.039371132850646973e-02
1.722894906997680664e-01
3.396885395050048828e-01
-2.475562393665313721e-01
-1.749786138534545898e-01
-9.124977886676788330e-02
-3.261578083038330078e-02
3.456660211086273193e-01
-1.443363726139068604e-01
-3.308176398277282715e-01
8.593679964542388916e-02
-6.203488260507583618e-02
-8.810547739267349243e-02
6.603211164474487305e-02
9.674079716205596924e-02
-9.576044231653213501e-02
4.008037447929382324e-01
-1.066212952136993408e-01
-7.619704306125640869e-02
-6.596556305885314941e-02
1.119154393672943115e-01
-8.628325164318084717e-02
1.969096958637237549e-01
5.049714818596839905e-02
1.296898722648620605e-01
2.201996147632598877e-01
4.544319212436676025e-02
-4.263448715209960938e-01
2.155452072620391846e-01
1.364620774984359741e-01
-3.754647448658943176e-02
-2.545100748538970947e-01
-3.518740087747573853e-02
5.572715308517217636e-03
-1.114888414740562439e-01
1.036975625902414322e-02
2.340533956885337830e-02
1.747480332851409912e-01
-1.110335290431976318e-01
-3.260994330048561096e-03
-2.616061829030513763e-02
2.847532927989959717e-01
-1.192177385091781616e-01
-1.567569375038146973e-01
3.923374414443969727e-02
-7.474917918443679810e-02
-1.037377864122390747e-02
2.361819297075271606e-01
2.018903195858001709e-01
