-3.957513272762298584e-01
4.389250874519348145e-01
-3.479408621788024902e-01
-2.599720060825347900e-01
-2.795052230358123779e-01
-2.511706650257110596e-01
3.235052824020385742e-01
1.959354877471923828e-01
-7.943934202194213867e-02
1.322600431740283966e-02
2.330010831356048584e-01
-2.538827359676361084e-01
-1.319552958011627197e-01
-9.438869357109069824e-02
-1.416995525360107422e-01
-5.996071547269821167e-02
3.713726997375488281e-01
5.821245908737182617e-01
-2.337373495101928711e-01
-5.696097388863563538e-03
5.839177370071411133e-01
-1.673440039157867432e-01
-1.181683838367462158e-01
1.828773319721221924e-01
-5.032158643007278442e-02
3.159672021865844727e-01
-2.417610436677932739e-01
-3.201609551906585693e-01
2.430714964866638184e-01
-6.683096289634704590e-02
2.109683454036712646e-01
1.932217478752136230e-01
2.792794704437255859e-01
8.952900767326354980e-02
-4.616449773311614990e-02
-1.013874262571334839e-01
-2.152065038681030273e-01
-1.247297823429107666e-01
2.870598435401916504e-01
4.796959087252616882e-02
-5.143085867166519165e-02
-4.830631241202354431e-02
-4.609324038028717041e-01
-7.080751657485961914e-02
1.554441004991531372e-01
-3.461148142814636230e-01
1.147214919328689575e-01
1.796121746301651001e-01
-6.390024721622467041e-02
6.630594283342361450e-02
-3.454341888427734375e-01
-1.056615710258483887e-01
-1.742679029703140259e-01
-1.348348706960678101e-01
1.211940944194793701e-01
-4.020365476608276367e-01
1.921672224998474121e-01
2.655261754989624023e-01
-2.896983921527862549e-01
1.892568171024322510e-01
2.242178097367286682e-02
1.407086253166198730e-01
-3.107199370861053467e-01
2.232632040977478027e-01
8.283717930316925049e-02
7.953245192766189575e-02
2.124417200684547424e-02
-4.685238301753997803e-01
-5.425110459327697754e-02
1.231150552630424500e-01
4.284978508949279785e-01
-4.165449738502502441e-01
4.467060416936874390e-02
-1.683577299118041992e-01
1.692347675561904907e-01
1.537180226296186447e-02
7.093266583979129791e-03
2.420708090066909790e-01
-3.388118147850036621e-01
-2.320529818534851074e-01
4.367309212684631348e-01
1.955927610397338867e-01
-3.621346652507781982e-01
7.816082239151000977e-02
7.112076878547668457e-02
3.709781169891357422e-02
-1.764810085296630859e-01
1.940808594226837158e-01
3.646211624145507812e-01
-3.263799250125885010e-01
7.905626296997070312e-02
1.791736632585525513e-01
9.066310524940490723e-02
-2.472733706235885620e-02
5.288338661193847656e-01
4.166930541396141052e-02
-1.515426188707351685e-01
-3.265480399131774902e-01
-9.597246348857879639e-02
2.170838117599487305e-01
-6.081746518611907959e-02
-6.319906562566757202e-02
-3.679975271224975586e-01
2.710499763488769531e-01
-2.341759502887725830e-01
-1.871525682508945465e-02
1.750178486108779907e-01
-1.720821708440780640e-01
-6.035717576742172241e-02
3.384559750556945801e-01
-2.121114432811737061e-01
8.585676550865173340e-02
-5.806558132171630859e-01
-9.057594835758209229e-02
8.541775494813919067e-02
1.780811250209808350e-01
3.635753095149993896e-01
-2.758840322494506836e-01
2.143797427415847778e-01
1.145247146487236023e-01
-7.824651896953582764e-02
4.692462086677551270e-02
-2.952997386455535889e-01
4.247730970382690430e-02
2.243801057338714600e-01
4.415630921721458435e-02
3.644541800022125244e-01
5.916220322251319885e-02
-3.234483599662780762e-01
-1.102105751633644104e-01
7.218022644519805908e-02
2.469243854284286499e-01
-6.310380995273590088e-02
9.862461686134338379e-02
-9.496723115444183350e-02
-1.384532079100608826e-03
2.716599702835083008e-01
-2.833653092384338379e-01
-1.386356353759765625e-01
-7.805893570184707642e-02
-3.900502324104309082e-01
4.823665320873260498e-02
2.830646038055419922e-01
-1.728012561798095703e-01
3.576617836952209473e-01
-2.055554389953613281e-01
5.080102682113647461e-01
5.760348588228225708e-02
2.365382015705108643e-01
-2.035764008760452271e-01
5.162734538316726685e-02
-1.726443767547607422e-01
3.433752357959747314e-01
2.488910108804702759e-01
1.371536217629909515e-02
-1.659648865461349487e-01
-1.901892870664596558e-01
2.503840923309326172e-01
4.554778337478637695e-01
-5.052465200424194336e-02
-1.086743697524070740e-01
3.286705166101455688e-02
8.703150600194931030e-02
2.983157038688659668e-01
5.912575498223304749e-02
2.500765211880207062e-02
-3.308466970920562744e-01
-1.628703773021697998e-01
-1.912858486175537109e-01
4.506533741950988770e-01
6.390340626239776611e-02
1.283632516860961914e-01
3.172150999307632446e-02
6.893291324377059937e-02
1.073694229125976562e-01
6.578467786312103271e-02
2.567517161369323730e-01
-1.539950259029865265e-02
8.008163422346115112e-02
2.169849164783954620e-02
-2.639924287796020508e-01
-1.172176189720630646e-02
1.142836213111877441e-01
-1.085699647665023804e-01
-2.358580827713012695e-01
1.590451300144195557e-01
-1.386468708515167236e-01
-5.171613395214080811e-02
4.071440547704696655e-02
1.216867044568061829e-01
-4.415441751480102539e-01
6.750695407390594482e-02
-3.064643591642379761e-03
8.877319097518920898e-02
-3.261631131172180176e-01
2.136089652776718140e-01
5.987253189086914062e-01
-1.829762160778045654e-01
-1.596782207489013672e-01
4.997619986534118652e-02
-1.275953054428100586e-01
3.386679291725158691e-01
-9.964908659458160400e-02
-1.546954084187746048e-02
1.406469196081161499e-01
9.761820733547210693e-02
2.902612090110778809e-01
-4.844077676534652710e-02
1.648628115653991699e-01
6.514657288789749146e-02
1.207249052822589874e-02
-2.469057440757751465e-01
-6.952865421772003174e-02
1.269523501396179199e-01
1.157041788101196289e-01
2.237415760755538940e-01
2.094694823026657104e-01
3.780508041381835938e-01
-8.324920386075973511e-02
2.547197341918945312e-01
1.734981872141361237e-02
-2.769061326980590820e-01
1.951614916324615479e-01
-8.729428052902221680e-02
7.475174218416213989e-02
-2.657062560319900513e-02
-2.053727805614471436e-01
3.493159711360931396e-01
-8.982010185718536377e-02
-1.856064796447753906e-01
-4.708164334297180176e-01
-2.756429314613342285e-01
3.139395117759704590e-01
3.668780326843261719e-01
-2.715240716934204102e-01
-3.843486309051513672e-01
2.197745442390441895e-01
5.740452557802200317e-02
-1.141041517257690430e-01
1.961940526962280273e-01
-4.550541043281555176e-01
2.326999604701995850e-01
4.028365761041641235e-02
1.253374814987182617e-01
-3.818249106407165527e-01
1.200154423713684082e-01
1.212387531995773315e-01
-1.411981433629989624e-01
-5.764517784118652344e-01
5.793458595871925354e-02
-1.921245753765106201e-01
-6.801274418830871582e-02
-2.352968230843544006e-02
-2.006866335868835449e-01
-2.418013662099838257e-01
-2.944089099764823914e-02
-2.568916678428649902e-01
-5.488074421882629395e-01
-1.260648369789123535e-01
1.336465328931808472e-01
2.039689421653747559e-01
-7.778357714414596558e-03
-3.476465046405792236e-01
2.934508025646209717e-01
2.348763495683670044e-01
4.293696880340576172e-01
-2.040713727474212646e-01
2.477280199527740479e-01
-2.932655513286590576e-01
-2.173665910959243774e-01
-2.360912784934043884e-02
-5.552362203598022461e-01
-1.251189410686492920e-01
-2.572339475154876709e-01
4.844532608985900879e-01
-2.781690359115600586e-01
6.745080649852752686e-02
-2.465388327836990356e-01
2.819501757621765137e-01
1.875092983245849609e-01
1.701716482639312744e-01
-3.771542906761169434e-01
-3.390475511550903320e-01
1.233357191085815430e-01
2.496812790632247925e-01
4.711840301752090454e-02
-4.560666382312774658e-01
-1.863941550254821777e-01
4.000461846590042114e-02
1.220590621232986450e-01
-8.892542868852615356e-02
2.428545653820037842e-01
1.073152571916580200e-01
-6.535390764474868774e-02
-7.312957942485809326e-02
-4.663334786891937256e-01
3.873886540532112122e-02
-2.213936597108840942e-01
-2.180281728506088257e-01
-4.188807010650634766e-01
-1.270198523998260498e-01
-1.137741357088088989e-01
1.752253770828247070e-01
-3.135458752512931824e-02
-3.439438343048095703e-01
-3.109096884727478027e-01
-4.076942428946495056e-02
7.075467705726623535e-02
2.494659721851348877e-01
-2.785236574709415436e-02
-2.841086983680725098e-01
-4.907628893852233887e-02
1.659431308507919312e-01
2.446588277816772461e-01
1.859326474368572235e-02
2.589235901832580566e-01
-1.756016910076141357e-01
6.218497082591056824e-02
4.814754724502563477e-01
2.998773455619812012e-01
2.311366796493530273e-01
-1.446223258972167969e-01
-2.855216562747955322e-01
3.734258711338043213e-01
7.946401834487915039e-02
-1.899302750825881958e-01
-2.580910921096801758e-01
-2.361150681972503662e-01
-7.437287271022796631e-02
2.185547649860382080e-01
-1.430329531431198120e-01
1.886399984359741211e-01
-1.713756918907165527e-01
-3.167243599891662598e-01
-6.555572152137756348e-02
8.547655493021011353e-02
1.555487960577011108e-01
8.172354847192764282e-02
-1.415192186832427979e-01
1.992908865213394165e-02
6.840354204177856445e-02
2.937939018011093140e-02
9.330127388238906860e-03
-4.146271347999572754e-01
-2.314755618572235107e-01
-2.135179936885833740e-01
1.873985379934310913e-01
3.318983912467956543e-01
1.370883285999298096e-01
-2.253850921988487244e-02
-7.246571779251098633e-02
4.288484752178192139e-01
9.002166241407394409e-02
-5.756591558456420898e-01
-3.055107593536376953e-01
4.704410210251808167e-03
2.906176447868347168e-01
-1.725211739540100098e-01
9.134280681610107422e-02
1.939772963523864746e-01
6.873499369248747826e-04
-6.078259646892547607e-02
-2.897484973073005676e-02
1.697342991828918457e-01
3.076158165931701660e-01
-1.794899813830852509e-02
5.286207050085067749e-02
1.103498935699462891e-01
9.068769961595535278e-02
1.951664313673973083e-02
-2.394779622554779053e-01
1.702874600887298584e-01
2.922847867012023926e-01
7.749291509389877319e-02
-4.509668797254562378e-03
3.280283510684967041e-02
3.160936236381530762e-01
8.468778803944587708e-03
-1.831916719675064087e-01
6.164683774113655090e-02
1.260197311639785767e-01
-1.991354823112487793e-01
2.515036165714263916e-01
8.181819319725036621e-02
