-3.497116863727569580e-01
3.648583292961120605e-01
5.004533752799034119e-02
5.501227825880050659e-02
5.213391035795211792e-02
-3.027485609054565430e-01
4.771388769149780273e-01
2.138039767742156982e-01
-1.994855850934982300e-01
-5.719576776027679443e-02
5.851516723632812500e-01
-3.094005584716796875e-01
-2.515271306037902832e-01
-2.325605750083923340e-01
-1.850887537002563477e-01
-1.808640174567699432e-02
3.511749207973480225e-01
3.617217540740966797e-01
1.900987625122070312e-01
-3.304887190461158752e-02
7.146667242050170898e-01
-8.712391555309295654e-02
-1.691118329763412476e-01
-2.087778598070144653e-01
-1.204973161220550537e-01
2.323188781738281250e-01
2.616444369778037071e-03
-1.050568521022796631e-01
2.809934616088867188e-01
-8.599882014095783234e-03
2.194089442491531372e-01
-4.609847813844680786e-02
6.052650809288024902e-01
6.025200337171554565e-02
8.730488270521163940e-02
-8.331238478422164917e-02
-1.935992762446403503e-02
-2.006728053092956543e-01
2.199771627783775330e-02
6.580251734703779221e-03
-2.516774535179138184e-01
-7.258170843124389648e-01
-2.978202700614929199e-01
-3.359262943267822266e-01
1.528325974941253662e-01
-2.270466685295104980e-01
1.558209359645843506e-01
-1.576677709817886353e-02
3.433243185281753540e-02
-6.011157035827636719e-01
-2.404023259878158569e-01
-3.539700433611869812e-02
1.805802881717681885e-01
-6.437581777572631836e-02
2.406681478023529053e-01
-1.555604934692382812e-01
7.118400931358337402e-02
7.324867695569992065e-02
7.568632066249847412e-02
-1.473442316055297852e-01
7.508454844355583191e-03
-3.344538807868957520e-02
-5.943401455879211426e-01
-2.308874428272247314e-01
1.411930024623870850e-01
-1.243642717599868774e-02
-1.239126324653625488e-01
-2.909597158432006836e-01
4.669340699911117554e-02
2.867211103439331055e-01
2.583741545677185059e-01
-2.514021396636962891e-01
-4.199453592300415039e-01
-6.636088341474533081e-02
1.894274353981018066e-01
1.244173273444175720e-01
-1.255064830183982849e-02
2.346653789281845093e-01
-7.012233883142471313e-02
-3.830314874649047852e-01
2.202359139919281006e-01
-4.752073436975479126e-05
-3.685456514358520508e-01
6.665633618831634521e-02
1.800163462758064270e-02
2.428854852914810181e-01
-2.807211130857467651e-02
7.052858918905258179e-02
-8.020480722188949585e-02
-7.213160395622253418e-02
2.391434758901596069e-01
2.312956154346466064e-01
3.316408395767211914e-02
-2.557249069213867188e-01
5.950442552566528320e-01
6.348530948162078857e-02
5.164269357919692993e-02
-1.798442900180816650e-01
4.894090592861175537e-01
9.631878137588500977e-02
1.841669976711273193e-01
3.714896440505981445e-01
-3.641877174377441406e-01
4.821038842201232910e-01
-3.184808790683746338e-01
-1.571696698665618896e-01
2.757193148136138916e-01
1.130704283714294434e-01
2.691387198865413666e-02
6.097172573208808899e-02
1.060751676559448242e-01
-4.508808851242065430e-01
-4.435956776142120361e-01
-5.700603127479553223e-02
1.865971982479095459e-01
-1.692472249269485474e-01
-5.192366242408752441e-02
1.093131005764007568e-01
4.067032933235168457e-01
-2.457549721002578735e-01
2.502316609025001526e-03
-1.009552627801895142e-01
-1.986520439386367798e-01
-1.408972889184951782e-01
2.210808098316192627e-01
-1.382707059383392334e-01
2.954394817352294922e-01
9.450475871562957764e-02
-3.533720970153808594e-01
4.119753837585449219e-02
8.403308689594268799e-02
-1.601463556289672852e-01
-1.033721864223480225e-01
8.731723576784133911e-02
-4.486721158027648926e-01
1.406363844871520996e-01
6.827493906021118164e-01
-9.399753063917160034e-02
-3.205318152904510498e-01
1.998307555913925171e-02
-3.251862525939941406e-01
-6.966445595026016235e-02
2.632393240928649902e-01
-1.436450928449630737e-01
-4.975736141204833984e-02
-3.778867423534393311e-01
1.181476190686225891e-01
7.701501250267028809e-02
2.207688242197036743e-01
-9.681023657321929932e-02
1.488944292068481445e-01
-3.513918519020080566e-01
1.042532324790954590e-01
-8.478263020515441895e-02
2.572650909423828125e-01
-2.899323999881744385e-01
-6.725506484508514404e-02
2.241206914186477661e-01
4.720874726772308350e-01
2.852758467197418213e-01
2.520121037960052490e-01
4.186381101608276367e-01
2.005646526813507080e-01
4.648701548576354980e-01
3.280321955680847168e-01
-1.925419457256793976e-02
-4.239443540573120117e-01
-1.488012373447418213e-01
-1.018620952963829041e-01
4.890115857124328613e-01
7.721334695816040039e-02
7.949145138263702393e-02
-3.017140924930572510e-02
4.443268477916717529e-02
3.899922668933868408e-01
6.910226494073867798e-02
4.024234712123870850e-01
3.915846347808837891e-01
-1.676941215991973877e-01
1.450114846229553223e-01
-2.440671324729919434e-01
-3.985158801078796387e-01
1.924289762973785400e-01
1.980524323880672455e-02
1.311273686587810516e-02
3.628547787666320801e-01
8.065050840377807617e-02
-1.120976451784372330e-02
-1.687574386596679688e-01
3.265015184879302979e-01
-2.112695276737213135e-01
-5.290166661143302917e-02
1.560013741254806519e-02
3.481772541999816895e-01
-3.984401747584342957e-02
7.180318236351013184e-02
2.305587977170944214e-01
-1.011125147342681885e-01
-1.960158646106719971e-01
-2.481545060873031616e-01
-3.813553452491760254e-01
3.223692476749420166e-01
1.469748318195343018e-01
1.073507964611053467e-02
3.010237812995910645e-01
1.250295527279376984e-02
-3.839830756187438965e-01
-9.428946673870086670e-02
-2.816016376018524170e-01
-8.070769906044006348e-02
2.550580501556396484e-01
-2.596762180328369141e-01
2.623719573020935059e-01
7.697423547506332397e-02
-1.339838653802871704e-01
3.432604074478149414e-01
4.188871011137962341e-02
2.546479701995849609e-01
1.223275959491729736e-01
1.262855231761932373e-01
-2.539510726928710938e-01
-2.083706855773925781e-02
9.152731299400329590e-02
-2.577571272850036621e-01
8.170816302299499512e-02
-1.664007641375064850e-02
-1.309434771537780762e-01
-3.032632358372211456e-02
-8.912754803895950317e-02
-1.761046648025512695e-01
-2.169875353574752808e-01
-8.882690221071243286e-02
1.601369678974151611e-01
-8.024238795042037964e-02
-3.286708518862724304e-02
-2.623075842857360840e-01
3.597231805324554443e-01
-6.517504900693893433e-02
-1.616374850273132324e-01
9.616233408451080322e-02
-3.347970545291900635e-01
-2.779484093189239502e-01
-1.668932139873504639e-01
2.616489529609680176e-01
-4.529827237129211426e-01
1.963313668966293335e-01
3.211714923381805420e-01
2.268904745578765869e-01
-1.289586126804351807e-01
2.775877118110656738e-01
2.013934254646301270e-01
2.656175196170806885e-01
9.204864501953125000e-02
-1.845532059669494629e-01
-5.744669213891029358e-02
4.791830107569694519e-02
-3.073069453239440918e-01
-1.101517230272293091e-01
-2.950794398784637451e-01
-2.529956400394439697e-01
3.910650014877319336e-01
3.532357513904571533e-02
5.615164339542388916e-02
1.521427780389785767e-01
1.662860512733459473e-01
3.683518767356872559e-01
-6.361452396959066391e-03
6.928211450576782227e-02
-3.626735508441925049e-02
-2.865405082702636719e-01
-3.293056413531303406e-02
-4.857760369777679443e-01
-6.653525829315185547e-01
-3.736858367919921875e-01
2.337740957736968994e-01
-1.186706796288490295e-01
-4.541918262839317322e-02
-1.967560946941375732e-01
2.735817432403564453e-01
3.705188632011413574e-03
4.053494930267333984e-01
-1.962144821882247925e-01
4.467644542455673218e-02
-1.457013785839080811e-01
9.656155109405517578e-02
-2.234136462211608887e-01
3.978219926357269287e-01
-3.320651128888130188e-02
-1.519734561443328857e-01
-1.754194796085357666e-01
1.648675948381423950e-01
1.273058801889419556e-01
6.501761674880981445e-01
9.863545000553131104e-02
1.989131718873977661e-01
-3.549857065081596375e-02
-3.975415229797363281e-01
-3.932430148124694824e-01
-5.579743981361389160e-01
-1.155924946069717407e-01
-2.483435571193695068e-01
-2.160126864910125732e-01
-2.006487548351287842e-01
-1.945436894893646240e-01
-5.164424777030944824e-01
1.041050348430871964e-02
1.762772798538208008e-01
-1.421044170856475830e-01
3.711187839508056641e-01
-4.479000568389892578e-01
-3.391404747962951660e-01
-1.832005381584167480e-02
1.558316797018051147e-01
3.711875677108764648e-01
1.263180673122406006e-01
1.889436542987823486e-01
-3.666737079620361328e-01
6.118131279945373535e-01
6.879010796546936035e-02
1.015709564089775085e-01
1.283892989158630371e-01
-1.034447625279426575e-01
5.248003825545310974e-02
1.122739911079406738e-02
6.052617430686950684e-01
-1.817931830883026123e-01
-1.807165890932083130e-01
-4.180289804935455322e-01
1.232364214956760406e-02
-3.156458139419555664e-01
2.998510599136352539e-01
7.929772138595581055e-02
-1.940693557262420654e-01
-2.122996747493743896e-01
-3.072164766490459442e-02
2.030750662088394165e-01
6.165016442537307739e-02
3.417778611183166504e-01
-3.127751946449279785e-01
4.178590178489685059e-01
1.143057495355606079e-01
1.195830032229423523e-01
-3.737683296203613281e-01
-1.731815189123153687e-02
3.899823129177093506e-02
-7.202573586255311966e-03
1.060591936111450195e-01
3.737926483154296875e-01
-1.957830190658569336e-01
-5.821259021759033203e-01
-1.518770754337310791e-01
5.319801568984985352e-01
8.171465992927551270e-02
-2.825820744037628174e-01
-3.993221521377563477e-01
2.688782215118408203e-01
2.680060863494873047e-01
-1.162565946578979492e-01
-4.178516268730163574e-01
-8.205172419548034668e-02
1.500779688358306885e-01
-1.978978961706161499e-01
-3.630438148975372314e-01
1.171117126941680908e-01
3.879480063915252686e-02
-7.647006772458553314e-03
5.512111820280551910e-03
-2.649774774909019470e-03
7.920919358730316162e-02
2.131600230932235718e-01
-1.844450235366821289e-01
6.341312080621719360e-02
1.665056683123111725e-02
-2.109673991799354553e-02
7.906159013509750366e-02
1.053459793329238892e-01
1.874752640724182129e-01
1.068883985280990601e-01
-5.020834207534790039e-01
3.492256700992584229e-01
-1.026998609304428101e-01
1.197881717234849930e-02
4.183795452117919922e-01
1.696045398712158203e-01
