-2.871633470058441162e-01
3.353358507156372070e-01
-3.151799142360687256e-01
-2.108906060457229614e-01
-1.566935330629348755e-01
-3.046140968799591064e-01
5.038359165191650391e-01
1.326833367347717285e-01
-8.488789200782775879e-02
1.729242205619812012e-01
3.231809735298156738e-01
-5.853790640830993652e-01
-1.047953367233276367e-01
-6.158774718642234802e-02
-3.095780611038208008e-01
-1.569292545318603516e-01
1.187003850936889648e-01
4.208472967147827148e-01
-5.607967823743820190e-02
1.055613625794649124e-02
4.078628420829772949e-01
7.916095107793807983e-02
-2.193219959735870361e-02
-1.166030019521713257e-02
-6.686422973871231079e-02
2.811107039451599121e-01
-1.004387810826301575e-01
-1.740382611751556396e-01
2.063975334167480469e-01
-7.362559437751770020e-02
2.264525890350341797e-01
1.720243394374847412e-01
3.258398473262786865e-01
2.006852030754089355e-01
5.333638936281204224e-02
1.706088483333587646e-01
2.933669649064540863e-02
-9.614825993776321411e-02
8.982902020215988159e-02
5.824244767427444458e-02
-4.052933771163225174e-03
-1.898068636655807495e-01
-8.628687262535095215e-02
-1.368734538555145264e-01
2.365411520004272461e-01
-2.470689862966537476e-01
-3.625881671905517578e-02
7.969766855239868164e-02
-1.255433261394500732e-01
-1.988707184791564941e-01
-4.644359946250915527e-01
-2.302727997303009033e-01
9.551761671900749207e-03
-1.994759440422058105e-01
1.551432162523269653e-01
-4.771870076656341553e-01
2.179004400968551636e-01
2.535366714000701904e-01
-1.173756122589111328e-01
-1.535415649414062500e-03
-1.424067020416259766e-01
2.467899173498153687e-01
-4.669552743434906006e-01
2.423398792743682861e-01
2.987349033355712891e-01
-6.209672242403030396e-02
5.200661718845367432e-03
-2.693952023983001709e-01
4.588006809353828430e-02
2.223753631114959717e-01
3.609136343002319336e-01
-8.564743399620056152e-02
1.408973801881074905e-02
2.660894766449928284e-03
1.443934254348278046e-02
7.691136002540588379e-02
2.373999729752540588e-02
1.677488386631011963e-01
-1.466919630765914917e-01
-4.814819395542144775e-01
3.882738649845123291e-01
3.480794131755828857e-01
-2.105145305395126343e-01
1.457034200429916382e-01
1.116488035768270493e-02
1.395419687032699585e-01
-1.713371276855468750e-01
6.636390089988708496e-02
3.067130446434020996e-01
-2.632066011428833008e-01
2.817864418029785156e-01
3.328259289264678955e-01
1.557817906141281128e-01
2.947792783379554749e-02
4.859116077423095703e-01
1.161986589431762695e-01
1.841347217559814453e-01
-1.417418718338012695e-01
1.154080480337142944e-01
1.032939702272415161e-01
-3.999421745538711548e-02
4.937987029552459717e-02
-2.081576734781265259e-01
2.709136903285980225e-01
-3.672103285789489746e-01
-3.701548650860786438e-02
1.854661405086517334e-01
-1.768056154251098633e-01
1.138629093766212463e-01
9.487491101026535034e-02
-2.185846120119094849e-01
-1.079242601990699768e-01
-7.377889156341552734e-01
-3.589925169944763184e-01
2.030369043350219727e-01
-9.393134713172912598e-02
3.582424521446228027e-01
-1.919480711221694946e-01
-2.477337792515754700e-02
-4.182633012533187866e-02
-3.587775230407714844e-01
-8.252610266208648682e-02
-3.708614706993103027e-01
-3.107141554355621338e-01
1.317547112703323364e-01
9.189222007989883423e-03
-2.638327702879905701e-02
5.062846466898918152e-02
-3.110792636871337891e-01
6.474435329437255859e-02
-9.468558430671691895e-02
7.128056138753890991e-02
-2.778855562210083008e-01
-4.529824107885360718e-02
-6.731767207384109497e-02
4.427061975002288818e-02
2.289200276136398315e-01
-3.164545893669128418e-01
-3.177229762077331543e-01
-1.735898256301879883e-01
-1.502087116241455078e-01
-3.003759682178497314e-01
2.946118414402008057e-01
7.180337607860565186e-02
2.772765159606933594e-01
-4.078512787818908691e-01
2.848353981971740723e-01
1.408166289329528809e-01
1.619733273983001709e-01
-2.208254933357238770e-01
-8.960057981312274933e-03
-2.845564484596252441e-01
3.744300007820129395e-01
1.290262341499328613e-01
2.167069911956787109e-01
-2.093970775604248047e-01
-1.184436306357383728e-01
2.950697243213653564e-01
5.439633131027221680e-01
1.154440417885780334e-01
-1.221943646669387817e-01
7.140292227268218994e-02
8.619575947523117065e-02
2.732184529304504395e-01
2.363231182098388672e-01
4.228551685810089111e-02
-3.157430887222290039e-01
-2.725987434387207031e-01
-1.412580907344818115e-01
2.628124952316284180e-01
9.712007641792297363e-02
2.031454145908355713e-01
1.260785460472106934e-01
9.313619881868362427e-02
2.514759451150894165e-02
-1.677944660186767578e-01
4.680717587471008301e-01
2.367824316024780273e-01
-5.107866972684860229e-02
1.682319492101669312e-01
-1.208405122160911560e-01
-1.273709535598754883e-01
4.525156691670417786e-04
4.534436017274856567e-02
-3.418260067701339722e-02
3.008089959621429443e-01
-8.213292062282562256e-02
9.589642286300659180e-02
-9.267099201679229736e-02
2.386595308780670166e-01
-5.760126709938049316e-01
1.611762940883636475e-01
1.591342091560363770e-01
-1.467397809028625488e-01
-1.229535490274429321e-01
1.538740545511245728e-01
4.020361304283142090e-01
-8.317748457193374634e-02
-2.260785102844238281e-01
-3.380586951971054077e-02
-2.428231835365295410e-01
3.994619548320770264e-01
-2.029655277729034424e-01
-2.804622985422611237e-02
1.081486493349075317e-01
-3.179127350449562073e-02
6.902224570512771606e-02
-4.316690564155578613e-02
1.295377016067504883e-01
3.779156804084777832e-01
-2.011981979012489319e-02
-2.156132459640502930e-02
1.966117508709430695e-02
-3.495995700359344482e-02
7.071522623300552368e-02
2.440292090177536011e-01
2.243988811969757080e-01
3.572042584419250488e-01
-3.386660665273666382e-02
2.389888316392898560e-01
1.090848073363304138e-02
-3.429918885231018066e-01
9.476952999830245972e-02
-1.347481906414031982e-01
1.785469353199005127e-01
1.690801233053207397e-01
-4.492138624191284180e-01
3.006721436977386475e-01
-2.561874389648437500e-01
-1.591006219387054443e-01
-2.272076159715652466e-01
-1.344083994626998901e-01
2.741338908672332764e-01
5.201683193445205688e-02
-1.613585650920867920e-01
-2.922311723232269287e-01
3.552545905113220215e-01
2.390807867050170898e-02
-1.979240477085113525e-01
1.252599656581878662e-01
-4.989803433418273926e-01
2.228666543960571289e-01
-7.306701689958572388e-02
8.748818933963775635e-02
-1.719081699848175049e-01
5.123581737279891968e-02
3.192964494228363037e-01
-5.682907998561859131e-02
-4.578935801982879639e-01
-4.288470745086669922e-02
6.553731858730316162e-03
1.580276936292648315e-01
-1.011617854237556458e-01
-8.249540627002716064e-02
1.987665593624114990e-01
-2.536014467477798462e-02
-4.548876285552978516e-01
-3.755368590354919434e-01
-2.418571412563323975e-01
-1.657530069351196289e-01
3.666278123855590820e-01
-1.431134939193725586e-01
-1.640494018793106079e-01
1.445636749267578125e-01
6.690600514411926270e-02
4.311528801918029785e-01
-6.926358491182327271e-02
1.207657158374786377e-01
-2.849376797676086426e-01
-1.066077351570129395e-01
8.950718492269515991e-02
-3.678129911422729492e-01
-2.343442589044570923e-01
-2.519509792327880859e-01
1.503305882215499878e-01
-3.217882215976715088e-01
5.434954538941383362e-02
-1.352518796920776367e-01
3.285749852657318115e-01
1.782757788896560669e-01
3.364011645317077637e-01
-2.727326154708862305e-01
-1.936121284961700439e-01
6.752245128154754639e-02
3.778971135616302490e-01
1.844350695610046387e-01
-1.673298180103302002e-01
-1.029765307903289795e-01
-1.214973777532577515e-01
2.235359400510787964e-01
1.463171988725662231e-01
2.064848095178604126e-01
2.854976356029510498e-01
-1.310079097747802734e-01
9.102015197277069092e-02
-4.508688449859619141e-01
-9.859579056501388550e-02
-2.339920699596405029e-01
-2.959274053573608398e-01
-3.071118593215942383e-01
-1.120203286409378052e-01
-1.499822288751602173e-01
-4.653932154178619385e-02
1.537572778761386871e-02
1.516069099307060242e-02
-2.148111760616302490e-01
1.433867961168289185e-02
-8.949065208435058594e-02
5.110865235328674316e-01
-9.007775783538818359e-02
-2.128257006406784058e-01
-2.369644790887832642e-01
-9.634288959205150604e-03
8.483259379863739014e-02
-8.054317533969879150e-02
1.081326752901077271e-01
-1.319588869810104370e-01
2.679323554039001465e-01
2.685105800628662109e-01
2.533750832080841064e-01
-1.652893126010894775e-01
-1.084010079503059387e-01
-2.600198984146118164e-01
2.754712291061878204e-02
1.691809892654418945e-01
-5.491230636835098267e-02
-3.240006864070892334e-01
-3.723960518836975098e-01
-2.726593054831027985e-02
3.086466789245605469e-01
-1.300324201583862305e-01
-1.346372216939926147e-01
-3.594789505004882812e-01
-1.009085774421691895e-01
1.826970092952251434e-02
2.129925638437271118e-01
3.774233534932136536e-02
2.757176756858825684e-02
-1.502054333686828613e-01
-2.572591602802276611e-02
2.310742437839508057e-01
8.734595030546188354e-02
-8.207046985626220703e-02
4.492164403200149536e-02
-1.186278164386749268e-01
2.416742034256458282e-02
-2.747530490159988403e-02
3.282579779624938965e-01
1.285115629434585571e-01
-1.116699874401092529e-01
-6.009556353092193604e-02
5.491938591003417969e-01
1.382691562175750732e-01
-4.464055299758911133e-01
-3.400112986564636230e-01
2.171038985252380371e-01
-8.205927908420562744e-03
-1.726983115077018738e-02
-9.751434624195098877e-02
2.274073064327239990e-01
5.075632594525814056e-03
-1.429224908351898193e-01
-5.728899314999580383e-02
2.191690802574157715e-01
2.202265411615371704e-01
1.455616764724254608e-02
5.978601984679698944e-03
1.182021573185920715e-01
1.721393167972564697e-01
-1.646348237991333008e-01
-2.389632910490036011e-01
-9.858244657516479492e-02
2.718904614448547363e-01
1.746001541614532471e-01
1.070596128702163696e-01
-1.939146313816308975e-03
2.723027467727661133e-01
4.399497061967849731e-02
-1.347514688968658447e-01
7.967501133680343628e-02
4.534566774964332581e-02
-1.891318857669830322e-01
8.289663493633270264e-02
1.925691068172454834e-01
