-5.142595767974853516e-01
4.758633077144622803e-01
-1.110826507210731506e-01
-3.622612357139587402e-02
5.996969342231750488e-02
5.001978203654289246e-02
4.173604846000671387e-01
9.480989724397659302e-02
1.497475802898406982e-01
2.135850489139556885e-01
3.347544074058532715e-01
-1.452185064554214478e-01
-1.410696655511856079e-01
-1.085871234536170959e-01
-4.584258496761322021e-01
-2.602955400943756104e-01
-9.597784280776977539e-02
1.057188734412193298e-01
-1.001246720552444458e-01
4.173895344138145447e-02
3.609395921230316162e-01
-2.918968796730041504e-01
-9.871780127286911011e-02
-9.180279076099395752e-02
6.037101894617080688e-02
1.278453320264816284e-01
-3.089471533894538879e-02
7.030089199542999268e-02
1.395543366670608521e-01
1.752399280667304993e-02
-1.196473278105258942e-02
1.790794283151626587e-01
3.543881475925445557e-01
2.475748062133789062e-01
1.775161921977996826e-01
-3.899878859519958496e-01
1.637967079877853394e-01
-8.975853770971298218e-02
1.799512654542922974e-01
7.306977361440658569e-02
-8.292039483785629272e-02
-4.530689120292663574e-01
-2.708848118782043457e-01
-1.111262217164039612e-01
2.105525434017181396e-01
1.640813499689102173e-01
-2.610940113663673401e-02
-1.290108822286128998e-02
-1.920183002948760986e-01
-1.774852573871612549e-01
-3.838285803794860840e-01
2.692677378654479980e-01
-2.604425512254238129e-02
-3.650743365287780762e-01
2.081453353166580200e-01
-2.920482456684112549e-01
4.200238287448883057e-01
7.740574330091476440e-02
1.514699757099151611e-01
-3.755509853363037109e-02
3.739749789237976074e-01
-1.867223232984542847e-01
-6.842647790908813477e-01
-9.098222106695175171e-02
-1.005248576402664185e-01
-1.313899457454681396e-01
-5.353431776165962219e-02
7.487100362777709961e-02
-1.497344672679901123e-01
-2.800540067255496979e-02
4.183918535709381104e-01
-4.218478202819824219e-01
-4.514580667018890381e-01
-3.438237905502319336e-01
9.443864226341247559e-02
-8.838760852813720703e-02
-2.183608114719390869e-01
1.435465514659881592e-01
-2.765903770923614502e-01
-3.158980906009674072e-01
-9.529115259647369385e-02
1.600438803434371948e-01
-2.727266848087310791e-01
1.494838446378707886e-01
1.199869364500045776e-01
2.710442543029785156e-01
2.255384027957916260e-01
1.009048544801771641e-03
3.140341043472290039e-01
4.740994051098823547e-02
3.952108025550842285e-01
-2.094297111034393311e-01
1.413489580154418945e-01
-9.303208440542221069e-02
6.838585138320922852e-01
4.072705209255218506e-01
-8.061705529689788818e-02
-2.847877740859985352e-01
3.169517517089843750e-01
1.412281543016433716e-01
1.655171215534210205e-01
3.300362527370452881e-01
-4.637608528137207031e-01
4.072287976741790771e-01
-4.865429401397705078e-01
-6.791803985834121704e-02
1.252727061510086060e-01
1.472736299037933350e-01
-3.292190283536911011e-02
-2.367102652788162231e-01
2.987205982208251953e-03
-2.225597649812698364e-01
-1.124475970864295959e-01
-1.950885504484176636e-01
1.226147636771202087e-01
-1.090029254555702209e-01
8.650683611631393433e-02
-7.941297441720962524e-02
2.732772231101989746e-01
1.195398420095443726e-01
8.681973069906234741e-02
-3.620915487408638000e-02
-2.416603565216064453e-01
1.361628472805023193e-01
2.253602743148803711e-01
-2.208153456449508667e-01
3.065459132194519043e-01
2.343717515468597412e-01
-2.801398932933807373e-01
-1.519377678632736206e-01
1.119915097951889038e-01
-7.628673221915960312e-03
-1.863975375890731812e-01
-2.728570625185966492e-02
-3.872083723545074463e-01
-1.707376986742019653e-01
4.661238789558410645e-01
-9.043884463608264923e-03
-1.705328524112701416e-01
-2.132622450590133667e-01
-4.116776585578918457e-01
1.066800132393836975e-01
2.499312162399291992e-01
8.776398003101348877e-02
-1.823754608631134033e-01
-1.249856203794479370e-01
3.202393651008605957e-03
2.051647156476974487e-01
2.272660285234451294e-01
-2.985374331474304199e-01
3.039693236351013184e-01
-3.771165907382965088e-01
2.228768616914749146e-01
1.716458797454833984e-01
2.810502648353576660e-01
-1.525604873895645142e-01
-2.313633263111114502e-01
5.419806838035583496e-01
5.853330492973327637e-01
1.363683640956878662e-01
9.325312077999114990e-02
3.488481640815734863e-01
1.618528515100479126e-01
1.964224725961685181e-01
1.714208871126174927e-01
7.715056184679269791e-03
-4.041219353675842285e-01
-2.286956608295440674e-01
4.769051074981689453e-02
4.338169097900390625e-01
-1.349826753139495850e-01
1.024192944169044495e-01
6.683613359928131104e-02
1.875060498714447021e-01
2.370361536741256714e-01
6.169192492961883545e-04
2.986994683742523193e-01
1.712280511856079102e-01
-4.362334609031677246e-01
4.199348390102386475e-01
-8.209641277790069580e-02
-4.885552525520324707e-01
3.672345280647277832e-01
1.331128180027008057e-01
1.284523755311965942e-01
5.003547668457031250e-01
6.654801964759826660e-02
2.686880528926849365e-02
-4.946475028991699219e-01
2.864646315574645996e-01
-2.987077236175537109e-01
2.135339975357055664e-01
7.350268214941024780e-02
3.699653744697570801e-01
-7.179473340511322021e-02
-2.644008696079254150e-01
2.014608085155487061e-01
-4.314425587654113770e-01
-2.558663785457611084e-01
-2.094998061656951904e-01
-3.113349974155426025e-01
1.649338304996490479e-01
1.429701745510101318e-01
4.906213283538818359e-02
2.101630419492721558e-01
2.483092099428176880e-01
-4.035916328430175781e-01
-3.274869024753570557e-01
-3.504826426506042480e-01
2.303354814648628235e-02
1.853930205106735229e-01
-2.861231863498687744e-01
2.548443675041198730e-01
-2.259203940629959106e-01
4.082641005516052246e-02
3.702675700187683105e-01
-3.802310675382614136e-02
1.478485167026519775e-01
9.206789731979370117e-02
6.106616184115409851e-02
-2.365713566541671753e-01
5.757451290264725685e-04
2.330027520656585693e-01
-1.276471614837646484e-01
-3.408136665821075439e-01
2.916595339775085449e-01
-1.998776644468307495e-01
-1.593582332134246826e-01
-1.401994675397872925e-01
-8.086864650249481201e-02
-3.662039041519165039e-01
-3.746163547039031982e-01
4.209370613098144531e-01
4.472041875123977661e-02
1.235609650611877441e-01
2.709811925888061523e-02
4.545444156974554062e-03
2.229666262865066528e-01
6.048014014959335327e-02
1.435020267963409424e-01
-6.910916417837142944e-02
-3.615344166755676270e-01
-2.457004487514495850e-01
4.129689633846282959e-01
-3.855981305241584778e-02
-7.811205089092254639e-02
7.460106909275054932e-02
1.003533974289894104e-01
-3.417264670133590698e-02
1.125926598906517029e-01
-3.791364133358001709e-01
1.399917304515838623e-01
-3.609020262956619263e-02
-1.957883387804031372e-01
-3.993902727961540222e-02
-3.068637801334261894e-03
-3.758606314659118652e-01
3.354420959949493408e-01
-2.502243220806121826e-01
-2.442279756069183350e-01
4.611099362373352051e-01
-1.698955595493316650e-01
-2.273959368467330933e-01
4.049998521804809570e-02
4.997835755348205566e-01
3.929925560951232910e-01
7.962176948785781860e-02
-1.989494562149047852e-01
-1.908602416515350342e-01
-2.333821058273315430e-01
-2.154941111803054810e-01
-6.260364651679992676e-01
-3.648200035095214844e-01
-1.717318594455718994e-01
2.278478145599365234e-01
-3.849504888057708740e-02
2.374144792556762695e-01
-3.485700488090515137e-01
4.887896776199340820e-02
-5.088390782475471497e-02
2.548681199550628662e-01
8.475251495838165283e-02
-2.366950511932373047e-01
2.199213057756423950e-01
2.044784575700759888e-01
1.116195172071456909e-01
1.535802930593490601e-01
-4.746573045849800110e-02
-3.427861332893371582e-01
-8.874585479497909546e-02
-9.308788925409317017e-02
2.948929965496063232e-01
4.607641100883483887e-01
-2.264248430728912354e-01
2.553779184818267822e-01
1.421545445919036865e-01
-3.968143463134765625e-01
-4.458560347557067871e-01
-4.690138697624206543e-01
-2.177242040634155273e-01
9.688901714980602264e-03
1.663219481706619263e-01
5.936278030276298523e-02
1.476271152496337891e-01
5.170767381787300110e-02
-7.315704971551895142e-02
2.850046753883361816e-01
-4.127571731805801392e-02
3.056806623935699463e-01
-4.365378320217132568e-01
-1.660788990557193756e-02
-9.322632849216461182e-02
2.233931124210357666e-01
1.885165721178054810e-01
-1.595497131347656250e-01
2.115112841129302979e-01
-1.223659738898277283e-01
6.493602693080902100e-02
-5.175494402647018433e-02
2.721375823020935059e-01
4.648464173078536987e-02
-2.754966318607330322e-01
-4.566451162099838257e-02
2.261726558208465576e-01
2.262073457241058350e-01
-7.479392290115356445e-01
-5.560892820358276367e-01
-1.926793456077575684e-01
-1.654162704944610596e-01
2.755376324057579041e-02
2.257527858018875122e-01
-4.049932956695556641e-02
-1.506566703319549561e-01
1.327632218599319458e-01
1.353878974914550781e-01
1.631153188645839691e-02
-2.044431306421756744e-02
-5.804355815052986145e-02
-7.325829565525054932e-02
6.203887611627578735e-02
2.949326038360595703e-01
1.844235956668853760e-01
1.890964508056640625e-01
-5.829741805791854858e-02
-3.139436617493629456e-02
-4.976997617632150650e-03
-1.629159152507781982e-01
-2.753173112869262695e-01
-4.873907566070556641e-02
2.827621102333068848e-01
-8.183233439922332764e-02
5.520299673080444336e-01
8.916626125574111938e-02
-7.272101938724517822e-02
-1.666150987148284912e-01
8.369752764701843262e-02
1.714668236672878265e-02
1.722736805677413940e-01
-1.145569905638694763e-01
-2.863969206809997559e-01
5.551201850175857544e-02
7.427424192428588867e-03
-3.920841217041015625e-01
2.548872232437133789e-01
1.629861295223236084e-01
-3.111831843852996826e-02
-1.578051596879959106e-01
-3.836718499660491943e-01
5.915816873311996460e-02
-9.789640456438064575e-02
4.833542741835117340e-03
1.945798993110656738e-01
-2.035883022472262383e-03
-1.976057440042495728e-01
1.249652653932571411e-01
1.430360376834869385e-01
1.726848334074020386e-01
-9.525999426841735840e-03
-3.264395594596862793e-01
-2.811801992356777191e-02
-1.108207702636718750e-01
-6.433940678834915161e-02
9.586201608180999756e-02
2.705855965614318848e-01
