-1.207478195428848267e-01
1.322248578071594238e-01
-3.182073831558227539e-01
5.524505674839019775e-02
-3.887537717819213867e-01
-1.500329822301864624e-01
8.482946455478668213e-02
2.664652466773986816e-01
-4.146727323532104492e-01
-8.415298908948898315e-02
2.828220129013061523e-01
-5.034319162368774414e-01
-4.192979335784912109e-01
1.444489955902099609e-01
-4.236430227756500244e-01
-1.504883468151092529e-01
4.361138939857482910e-01
1.249028444290161133e-01
3.954742550849914551e-01
-2.889810204505920410e-01
5.497390627861022949e-01
-1.983271911740303040e-02
-2.280601263046264648e-01
3.610453605651855469e-01
-2.399206906557083130e-01
3.792306780815124512e-02
-4.816451370716094971e-01
-3.706698417663574219e-01
3.409589231014251709e-01
5.707958340644836426e-02
-1.267201006412506104e-01
2.232600152492523193e-01
1.909992992877960205e-01
4.001785069704055786e-02
-3.151523321866989136e-02
-3.296049684286117554e-02
-1.062334328889846802e-01
1.165365353226661682e-01
2.369059026241302490e-01
3.822459578514099121e-01
-9.292997419834136963e-02
-3.318577408790588379e-01
-4.779855012893676758e-01
5.283427238464355469e-02
2.911835908889770508e-01
6.747040897607803345e-04
-1.072345525026321411e-01
8.604469895362854004e-02
-8.151330798864364624e-02
3.419129252433776855e-01
-2.512262761592864990e-01
-2.148750722408294678e-01
-4.095048457384109497e-02
-4.920011162757873535e-01
1.458948254585266113e-01
-2.157260179519653320e-01
-1.060605049133300781e-01
2.527260482311248779e-01
2.684223279356956482e-02
1.390947103500366211e-01
-5.513418931514024734e-03
2.765031754970550537e-01
-4.786371588706970215e-01
3.226053118705749512e-01
2.523976564407348633e-01
-7.739022374153137207e-02
-2.916264161467552185e-02
-2.298966348171234131e-01
1.899648010730743408e-01
1.196016073226928711e-01
4.917015731334686279e-01
-1.439906656742095947e-01
-1.330897808074951172e-01
2.084956169128417969e-01
2.867447733879089355e-01
9.484735131263732910e-02
-1.004333496093750000e-01
3.958976566791534424e-01
-2.810450196266174316e-01
-6.072574257850646973e-01
6.258944272994995117e-01
5.710548162460327148e-01
-3.001847267150878906e-01
1.779178678989410400e-01
2.439600229263305664e-01
1.811500787734985352e-01
3.520674258470535278e-02
1.376163214445114136e-01
1.969180256128311157e-01
-5.100527778267860413e-02
3.078106045722961426e-01
-1.433069705963134766e-01
-1.029753088951110840e-01
-1.858468800783157349e-01
1.814617216587066650e-01
3.070271015167236328e-01
-1.291322708129882812e-01
-1.727549731731414795e-01
3.874939307570457458e-02
-2.168609946966171265e-02
-1.986116766929626465e-01
-3.258162736892700195e-01
-3.014242649078369141e-01
5.122435837984085083e-02
-2.639611661434173584e-01
-6.406738609075546265e-02
2.745830416679382324e-01
-1.612702757120132446e-01
1.394338756799697876e-01
3.072192668914794922e-01
-1.241770386695861816e-01
7.397882640361785889e-03
-5.491418838500976562e-01
-1.893698871135711670e-01
2.487225383520126343e-01
3.743880987167358398e-01
3.192743286490440369e-02
-1.229346264153718948e-02
3.737706542015075684e-01
5.907242372632026672e-02
-4.222607016563415527e-01
9.113272279500961304e-02
-3.510657846927642822e-01
-5.314807221293449402e-02
1.261135637760162354e-01
-9.473400190472602844e-03
2.698940634727478027e-01
1.703486442565917969e-01
-1.005096882581710815e-01
-7.891485095024108887e-02
1.211026385426521301e-01
2.792438268661499023e-01
1.202960610389709473e-01
-1.249409765005111694e-01
1.714784204959869385e-01
2.234991192817687988e-01
2.974854707717895508e-01
-1.493195444345474243e-01
4.893506690859794617e-02
-2.625803351402282715e-01
-1.018314436078071594e-01
-4.008960127830505371e-01
4.230024516582489014e-01
-4.640247672796249390e-02
9.261320531368255615e-02
-2.872532606124877930e-01
-3.421419858932495117e-02
-6.144947558641433716e-02
1.343997418880462646e-01
-3.350628167390823364e-02
-7.134527713060379028e-02
1.643837615847587585e-02
2.549410760402679443e-01
2.738193273544311523e-01
9.630249440670013428e-02
-8.588194847106933594e-02
-2.599173188209533691e-01
1.006786972284317017e-01
2.387094795703887939e-01
-1.957577764987945557e-01
-2.154576405882835388e-02
1.736200898885726929e-01
-2.518722973763942719e-02
1.600598990917205811e-01
2.858275473117828369e-01
-1.021843403577804565e-03
-9.579087793827056885e-02
-8.462338708341121674e-03
-2.203388325870037079e-02
2.050686329603195190e-01
6.476320326328277588e-02
-1.427246332168579102e-01
-8.733814954757690430e-02
1.086319088935852051e-01
2.806687057018280029e-01
7.813213393092155457e-03
9.537128359079360962e-02
-2.086739540100097656e-01
-1.658007204532623291e-01
1.883090287446975708e-01
-2.063211798667907715e-01
-4.908359423279762268e-02
1.133823469281196594e-01
1.223147585988044739e-01
-1.353197693824768066e-01
2.988036274909973145e-01
-2.636541426181793213e-01
-4.410789012908935547e-01
1.718391664326190948e-02
2.917516827583312988e-01
-3.004003167152404785e-01
4.594147801399230957e-01
-3.112967908382415771e-01
1.903844624757766724e-01
-3.250366449356079102e-01
2.129114568233489990e-01
1.013584852218627930e+00
-2.576867341995239258e-01
-4.307255148887634277e-01
-1.059494987130165100e-01
-3.350121974945068359e-01
-1.206068173050880432e-01
-9.755007922649383545e-03
-3.872060775756835938e-02
-6.725380569696426392e-02
3.689617663621902466e-02
-6.388858705759048462e-02
1.491729617118835449e-01
1.992593705654144287e-01
5.682625249028205872e-02
-2.059268206357955933e-02
-6.963424384593963623e-02
1.600632965564727783e-01
1.370201408863067627e-01
3.233228325843811035e-01
3.127306997776031494e-01
8.618088066577911377e-02
3.507485687732696533e-01
-2.948682904243469238e-01
2.117884606122970581e-01
1.944329440593719482e-01
-1.644618064165115356e-01
1.468445062637329102e-01
-4.464985802769660950e-02
-1.326363384723663330e-01
1.962802410125732422e-01
-2.116036117076873779e-01
3.564674854278564453e-01
-1.958119869232177734e-01
-7.398882508277893066e-02
-1.433217227458953857e-01
-1.502543240785598755e-01
6.245154142379760742e-02
2.877943813800811768e-01
-9.562930464744567871e-02
-3.024163246154785156e-01
2.088001072406768799e-01
-4.061703383922576904e-02
-4.384063184261322021e-01
2.331132292747497559e-01
-7.632595896720886230e-01
2.161472886800765991e-01
-1.935699582099914551e-02
2.193815708160400391e-01
-7.098390907049179077e-02
2.828981280326843262e-01
3.802896738052368164e-01
1.996416226029396057e-02
-3.240401148796081543e-01
-1.550602912902832031e-02
-1.451548039913177490e-01
1.525324732065200806e-01
-8.342522382736206055e-02
-7.120946794748306274e-02
-3.167687058448791504e-01
-2.082267552614212036e-01
-5.678892731666564941e-01
-3.694016933441162109e-01
-8.788368850946426392e-02
-2.400308251380920410e-01
3.221608102321624756e-01
1.406212002038955688e-01
-2.917355895042419434e-01
5.997872948646545410e-01
2.590207457542419434e-01
3.155598044395446777e-01
-3.300251439213752747e-02
2.884790599346160889e-01
-2.678448148071765900e-02
-2.815029621124267578e-01
8.822392672300338745e-02
-8.272798061370849609e-01
5.843751132488250732e-02
-1.904289871454238892e-01
6.488069146871566772e-02
-4.948833584785461426e-01
9.912090003490447998e-02
-1.642341315746307373e-01
3.453177809715270996e-01
1.154671460390090942e-01
-4.420629143714904785e-02
-2.437631040811538696e-01
-1.165032461285591125e-01
-4.963739961385726929e-02
3.917862474918365479e-01
-2.724850084632635117e-03
-2.409470677375793457e-01
-3.163520991802215576e-02
1.581242978572845459e-01
5.090384930372238159e-02
-9.187228232622146606e-02
5.102373361587524414e-01
-3.966108709573745728e-02
2.477939426898956299e-02
9.025136381387710571e-02
-1.712820231914520264e-01
-1.236175000667572021e-01
-2.596739307045936584e-02
-2.412203848361968994e-01
-4.380457997322082520e-01
1.249337196350097656e-02
-9.116093069314956665e-02
8.321890234947204590e-02
1.514258682727813721e-01
-5.230283737182617188e-01
-4.206026792526245117e-01
-1.764121800661087036e-01
9.896388649940490723e-02
4.235901832580566406e-01
-5.930326879024505615e-03
-1.311438679695129395e-01
-9.440670907497406006e-02
2.761733233928680420e-01
2.877748608589172363e-01
-2.545038983225822449e-02
4.850958287715911865e-01
-2.182354331016540527e-01
-4.247455596923828125e-01
1.603623330593109131e-01
3.655139207839965820e-01
5.894373357295989990e-02
-1.192059740424156189e-02
-4.440959393978118896e-01
2.787709832191467285e-01
9.213708341121673584e-02
-2.904203534126281738e-01
-5.781376957893371582e-01
-3.803480863571166992e-01
-1.055520772933959961e-01
-3.191541135311126709e-02
-3.151787221431732178e-01
4.043610095977783203e-01
-1.601982414722442627e-01
-4.433096051216125488e-01
3.718425035476684570e-01
-2.477687895298004150e-01
2.912033535540103912e-02
2.277555912733078003e-01
-7.234424352645874023e-02
-2.369625717401504517e-01
-1.035488620400428772e-01
-3.812032938003540039e-01
-1.230515688657760620e-01
1.767006069421768188e-01
-1.968331485986709595e-01
-3.091117143630981445e-01
2.136934101581573486e-01
3.722986578941345215e-01
-1.268348693847656250e-01
-1.687050759792327881e-01
-1.074554622173309326e-01
3.052163124084472656e-01
3.212116286158561707e-02
-2.133567929267883301e-01
2.367002964019775391e-01
1.528791189193725586e-01
2.898498177528381348e-01
-9.916790574789047241e-02
1.527568101882934570e-01
6.354330778121948242e-01
-3.005346655845642090e-01
9.939085692167282104e-02
-3.821964189410209656e-02
2.065085470676422119e-01
1.045222878456115723e-01
-2.159157693386077881e-01
1.629754006862640381e-01
3.134834021329879761e-02
1.713660657405853271e-01
5.629343912005424500e-02
-3.794185072183609009e-02
6.983575224876403809e-02
1.504844725131988525e-01
-2.158404886722564697e-01
8.576580137014389038e-02
1.762391477823257446e-01
2.520211338996887207e-01
-8.727414160966873169e-02
-3.417047560214996338e-01
9.687113761901855469e-02
-1.150928959250450134e-01
-7.708173245191574097e-02
1.369760781526565552e-01
8.916398882865905762e-02
