-4.122574925422668457e-01
1.485445499420166016e-01
-3.230608999729156494e-04
9.719999507069587708e-03
-1.511638462543487549e-01
-2.198145389556884766e-01
5.395030379295349121e-01
2.358320057392120361e-01
-1.268307417631149292e-01
1.017105877399444580e-01
4.264051318168640137e-01
-2.981770038604736328e-01
2.998461388051509857e-02
-6.284120678901672363e-02
-2.962132394313812256e-01
-5.868955329060554504e-02
1.841256469488143921e-01
2.896964550018310547e-01
1.706740260124206543e-01
5.585478991270065308e-02
6.656989455223083496e-01
-6.654229015111923218e-02
-1.684321761131286621e-01
7.008244097232818604e-02
5.428134649991989136e-02
3.731568157672882080e-02
4.341221228241920471e-02
-1.537588089704513550e-01
1.192972511053085327e-01
-9.538275748491287231e-02
4.582390934228897095e-02
-3.587882220745086670e-02
4.557550251483917236e-01
9.591005742549896240e-02
1.013698503375053406e-01
-6.034731119871139526e-02
7.434159517288208008e-02
-2.136816978454589844e-01
-6.108619272708892822e-03
-1.256873644888401031e-02
-2.821440398693084717e-01
-5.999609231948852539e-01
-7.854297757148742676e-02
-2.299686372280120850e-01
2.033642530441284180e-01
-5.331604182720184326e-02
1.036199182271957397e-01
-1.095576286315917969e-01
1.575300469994544983e-02
-3.088368177413940430e-01
-2.465764433145523071e-01
-1.112884879112243652e-01
-2.956566773355007172e-02
-3.448642492294311523e-01
4.621445238590240479e-01
-2.012437880039215088e-01
3.781234100461006165e-02
-1.356003340333700180e-02
1.734725534915924072e-01
-6.463524699211120605e-02
-2.143633365631103516e-02
-1.953936368227005005e-02
-4.960221946239471436e-01
-7.899545133113861084e-02
7.457013428211212158e-02
-7.931202650070190430e-02
-1.374524086713790894e-01
-2.856139540672302246e-01
8.398662507534027100e-02
1.029493808746337891e-01
5.440230369567871094e-01
-2.967267036437988281e-01
-3.398981392383575439e-01
-1.000510528683662415e-03
1.320526748895645142e-01
7.030638307332992554e-02
-7.887297868728637695e-02
2.268220186233520508e-01
-2.664487957954406738e-01
-3.644393086433410645e-01
2.617393434047698975e-01
2.145971655845642090e-01
-1.414761841297149658e-01
6.221529841423034668e-02
1.590169817209243774e-01
3.017138242721557617e-01
-1.091712340712547302e-01
1.203586384654045105e-01
-5.397313833236694336e-02
7.889512926340103149e-02
3.285195231437683105e-01
1.826016455888748169e-01
1.141652464866638184e-01
-2.291702926158905029e-01
6.190920472145080566e-01
-1.732856929302215576e-01
-7.946123927831649780e-02
-3.535153865814208984e-01
4.582447409629821777e-01
-2.311304956674575806e-02
1.310121119022369385e-01
3.449138700962066650e-01
-3.469606041908264160e-01
3.379338383674621582e-01
-3.575839996337890625e-01
-1.639701053500175476e-02
3.437988162040710449e-01
1.410583406686782837e-01
2.924336679279804230e-02
6.291020661592483521e-02
1.386798769235610962e-01
-2.406237721443176270e-01
-4.948863387107849121e-01
-8.930207788944244385e-02
4.426520317792892456e-02
-6.907507777214050293e-02
1.398209035396575928e-01
-4.980100691318511963e-02
4.264032840728759766e-01
-2.251990437507629395e-01
-3.221156075596809387e-02
-1.145484596490859985e-01
-1.433089524507522583e-01
1.423010528087615967e-01
2.113237679004669189e-01
-4.198727384209632874e-02
1.675355285406112671e-01
2.617897652089595795e-02
-3.998109698295593262e-01
5.045015364885330200e-02
1.171172782778739929e-01
-2.471288666129112244e-02
-3.002603054046630859e-01
8.808058686554431915e-03
-5.020546913146972656e-01
-1.281878501176834106e-01
3.961973488330841064e-01
-2.271094024181365967e-01
-4.543516039848327637e-01
1.149159669876098633e-02
-2.891583740711212158e-01
-3.212418779730796814e-02
3.128397464752197266e-01
-3.532203286886215210e-02
-7.222169078886508942e-04
-3.157822489738464355e-01
1.895271092653274536e-01
4.268119484186172485e-02
2.726373076438903809e-01
-1.934105902910232544e-01
2.854788601398468018e-01
-2.110519707202911377e-01
5.642461404204368591e-02
-2.250554785132408142e-02
1.356745064258575439e-01
-1.956575512886047363e-01
-1.225511729717254639e-01
2.124134749174118042e-01
4.058830142021179199e-01
3.136243522167205811e-01
2.121734619140625000e-01
2.020224928855895996e-01
1.185759902000427246e-01
3.475785553455352783e-01
5.087229609489440918e-01
2.849069051444530487e-02
-6.194837093353271484e-01
-9.218642115592956543e-02
-1.584273576736450195e-02
4.149827361106872559e-01
-6.425829231739044189e-02
1.041822060942649841e-01
6.117399781942367554e-02
8.133105188608169556e-02
2.904350161552429199e-01
1.260792016983032227e-01
3.032300472259521484e-01
2.023983597755432129e-01
-2.629065811634063721e-01
1.942343562841415405e-01
-1.741045713424682617e-01
-4.269621372222900391e-01
-3.762248903512954712e-03
1.478275954723358154e-01
-3.223200887441635132e-02
3.064247965812683105e-01
1.503572016954421997e-01
7.108477875590324402e-03
-1.433344781398773193e-01
3.693240582942962646e-01
-2.217602729797363281e-01
-4.110947251319885254e-02
5.826068669557571411e-02
2.461891770362854004e-01
4.482819139957427979e-02
5.707358196377754211e-02
2.262475192546844482e-01
-1.428975760936737061e-01
-2.179276645183563232e-01
-1.004966050386428833e-01
-4.785051643848419189e-01
1.235407069325447083e-01
1.724459826946258545e-01
-3.134710714221000671e-03
1.854502856731414795e-01
1.055984050035476685e-01
-1.702912151813507080e-01
-4.390645399689674377e-02
-1.413028091192245483e-01
1.718382090330123901e-01
9.393340349197387695e-02
-2.263971567153930664e-01
2.511173486709594727e-01
2.190641760826110840e-01
5.508249998092651367e-02
1.428596377372741699e-01
-1.009970828890800476e-01
4.936401844024658203e-01
-4.937791451811790466e-02
3.573434948921203613e-01
-1.798854470252990723e-01
-1.196216642856597900e-01
3.323929011821746826e-02
-2.232252210378646851e-01
1.049889028072357178e-01
-7.793614268302917480e-02
-9.349800646305084229e-02
2.281501889228820801e-01
-2.357872277498245239e-01
-1.579905152320861816e-01
-2.923444211483001709e-01
-2.159854769706726074e-01
1.324527710676193237e-01
-2.177761867642402649e-02
6.737032532691955566e-02
-1.667288392782211304e-01
5.021175146102905273e-01
-2.128211967647075653e-02
-2.348177134990692139e-03
1.064284294843673706e-01
-2.959305346012115479e-01
-1.321944296360015869e-01
-2.556090950965881348e-01
2.727961838245391846e-01
-4.594394564628601074e-01
2.047266513109207153e-01
2.564379572868347168e-01
1.393718719482421875e-01
-3.112572431564331055e-01
2.830850183963775635e-01
2.459445968270301819e-02
2.218820899724960327e-01
7.506418228149414062e-02
-3.247746825218200684e-01
-8.714174479246139526e-02
1.627339720726013184e-01
-3.560796380043029785e-01
-2.580342888832092285e-01
-2.281280010938644409e-01
-2.764533460140228271e-02
2.441674917936325073e-01
-5.059398710727691650e-02
4.470120742917060852e-02
3.727649450302124023e-01
2.317782640457153320e-01
5.528503656387329102e-01
-7.267259806394577026e-02
8.222947269678115845e-02
-1.166381984949111938e-01
-2.691131830215454102e-01
-2.141476422548294067e-02
-4.820570349693298340e-01
-7.049095630645751953e-01
-2.999175190925598145e-01
3.340352773666381836e-01
-8.489074558019638062e-02
-4.158084839582443237e-02
-4.751741290092468262e-01
3.594338297843933105e-01
-3.868760913610458374e-02
3.073530793190002441e-01
-1.861304417252540588e-02
-2.452188432216644287e-01
9.831768274307250977e-02
6.744427978992462158e-02
-2.661609649658203125e-01
2.666353285312652588e-01
-1.567972898483276367e-01
-1.646091639995574951e-01
-1.214768439531326294e-01
1.573562324047088623e-01
1.321012079715728760e-01
5.912163853645324707e-01
7.681189477443695068e-02
2.880609333515167236e-01
-2.362355589866638184e-02
-4.282366037368774414e-01
-5.575497150421142578e-01
-5.123598575592041016e-01
-1.201719418168067932e-02
-2.979620695114135742e-01
-6.975165754556655884e-02
-1.395753771066665649e-01
-1.273216456174850464e-01
-3.033815026283264160e-01
6.172555312514305115e-02
1.663330942392349243e-01
-1.833966970443725586e-01
6.297399997711181641e-01
-3.240669369697570801e-01
-2.918758392333984375e-01
-8.997890353202819824e-02
3.274059891700744629e-01
3.874801397323608398e-01
-2.491360157728195190e-02
7.196842879056930542e-02
-3.521786928176879883e-01
3.340325951576232910e-01
5.725277960300445557e-02
2.888936400413513184e-01
3.110072948038578033e-02
-4.583825170993804932e-02
-1.340075135231018066e-01
3.232184648513793945e-01
2.860964834690093994e-01
-2.246969342231750488e-01
-5.188597738742828369e-02
-3.352122604846954346e-01
-1.503097116947174072e-01
-1.189087927341461182e-01
1.412458121776580811e-01
1.151333823800086975e-01
-3.669083118438720703e-01
-1.650317907333374023e-01
-1.199904084205627441e-02
2.209728658199310303e-01
1.460742950439453125e-01
4.261038303375244141e-01
-2.943479418754577637e-01
3.371499776840209961e-01
1.362691968679428101e-01
1.620192527770996094e-01
-3.139079213142395020e-01
-9.543365985155105591e-02
-2.607456445693969727e-01
-6.447467952966690063e-02
1.733444482088088989e-01
3.162407875061035156e-01
-1.271310448646545410e-01
-4.995387792587280273e-01
-1.497408896684646606e-01
5.008462071418762207e-01
-1.756063252687454224e-01
-2.828929424285888672e-01
-4.688267707824707031e-01
3.341697454452514648e-01
9.342664852738380432e-04
5.823467299342155457e-02
-2.759094834327697754e-01
-1.926959753036499023e-01
1.063624024391174316e-01
-2.533399462699890137e-01
-5.148057937622070312e-01
1.908537149429321289e-01
-2.995511293411254883e-01
-6.865215487778186798e-03
7.601169496774673462e-02
3.422236815094947815e-02
-1.059549897909164429e-01
3.090855181217193604e-01
-9.187345206737518311e-02
1.707540303468704224e-01
7.115939632058143616e-03
-4.452396184206008911e-02
6.715092062950134277e-02
1.607085317373275757e-01
4.190242886543273926e-01
6.956019997596740723e-02
-5.330534577369689941e-01
2.255486547946929932e-01
-1.025504693388938904e-01
-4.899840801954269409e-02
2.517916262149810791e-01
5.406796187162399292e-02
