-4.425572752952575684e-01
-1.422300934791564941e-01
-3.255250304937362671e-02
-3.463175892829895020e-01
-7.322916388511657715e-02
-3.985742330551147461e-01
5.613588094711303711e-01
-1.354840397834777832e-01
1.203737407922744751e-01
-1.656184196472167969e-01
2.003257721662521362e-01
-3.130278587341308594e-01
2.998796701431274414e-01
-8.628602139651775360e-03
-1.710942238569259644e-01
2.042148411273956299e-01
-4.303415119647979736e-02
1.067592352628707886e-01
-1.268224865198135376e-01
-1.382514182478189468e-02
-8.376620709896087646e-02
-1.509990990161895752e-01
-2.337104976177215576e-01
-1.911206915974617004e-02
-1.063503175973892212e-01
6.740386784076690674e-02
-3.171563446521759033e-01
3.782085329294204712e-02
1.539702340960502625e-02
4.844627082347869873e-01
2.692670822143554688e-01
1.056220307946205139e-01
2.714430689811706543e-01
5.458129942417144775e-02
1.624460667371749878e-01
-2.029631286859512329e-04
-3.995378017425537109e-01
1.740175336599349976e-01
-5.742701143026351929e-02
5.377409234642982483e-02
-1.248686164617538452e-01
-3.368418812751770020e-01
-8.826012909412384033e-02
-1.192885786294937134e-01
-1.631118953227996826e-01
-9.977611154317855835e-02
1.687097921967506409e-02
3.068472445011138916e-01
5.976440012454986572e-02
1.009881943464279175e-01
-2.131290733814239502e-01
2.128244750201702118e-02
-6.229904294013977051e-01
-1.972159296274185181e-01
3.340044617652893066e-01
-1.887526214122772217e-01
-8.745399862527847290e-02
6.524831056594848633e-01
-2.707246690988540649e-02
-2.565953135490417480e-01
7.254520431160926819e-03
-5.126319825649261475e-02
-1.844125092029571533e-01
1.931823343038558960e-01
-2.034341990947723389e-01
4.458720386028289795e-01
-8.487899601459503174e-02
5.799460411071777344e-02
2.491213940083980560e-02
6.335157901048660278e-02
1.262047588825225830e-01
8.127527683973312378e-02
-7.226428017020225525e-03
6.880614906549453735e-03
1.074077710509300232e-01
2.759726643562316895e-01
2.173478007316589355e-01
-9.941084310412406921e-03
-6.060699000954627991e-03
-1.169601082801818848e-01
1.516561806201934814e-01
-1.745364218950271606e-01
-8.092331886291503906e-02
4.601940140128135681e-02
1.737935245037078857e-01
1.776554435491561890e-02
2.771480977535247803e-01
-1.383374184370040894e-01
6.385340690612792969e-01
-1.857733726501464844e-02
4.305038452148437500e-01
-1.114681363105773926e-04
1.442073434591293335e-01
-2.233254760503768921e-01
5.762840509414672852e-01
3.080418109893798828e-01
2.696759700775146484e-01
-5.750756859779357910e-01
-2.643924355506896973e-01
2.487962394952774048e-01
-8.655799925327301025e-02
-1.827450096607208252e-02
-2.442020922899246216e-01
2.657487690448760986e-01
-1.545285284519195557e-01
-3.231956064701080322e-01
6.278779357671737671e-02
-2.523583173751831055e-02
7.448073010891675949e-03
3.486471474170684814e-01
-2.523387968540191650e-01
-2.093310356140136719e-01
-6.637606024742126465e-02
-2.165589034557342529e-01
7.478695362806320190e-03
2.672948315739631653e-02
1.564753800630569458e-01
-8.430618047714233398e-02
-1.246231272816658020e-01
8.666926622390747070e-02
-2.065913006663322449e-02
1.273898482322692871e-01
1.547558419406414032e-02
2.494638115167617798e-01
1.648809015750885010e-01
1.345309168100357056e-01
1.584877073764801025e-01
1.861701011657714844e-01
-1.501455456018447876e-01
-3.911656886339187622e-02
2.639548778533935547e-01
-2.982095479965209961e-01
-1.876102685928344727e-01
2.008366584777832031e-01
-3.405721187591552734e-01
1.040822081267833710e-02
9.171604365110397339e-02
-6.466223001480102539e-01
-3.740847110748291016e-01
-3.476678133010864258e-01
-7.860898971557617188e-02
-1.134479790925979614e-02
9.882073104381561279e-02
-2.778810858726501465e-01
1.994382441043853760e-01
1.378854960203170776e-01
7.448647916316986084e-02
3.788740187883377075e-02
-3.243290781974792480e-01
9.988597035408020020e-02
9.617578983306884766e-02
-9.462298452854156494e-02
-2.190484292805194855e-02
9.412297606468200684e-02
9.010992944240570068e-02
1.885709166526794434e-01
4.892186447978019714e-02
8.679074048995971680e-02
2.559472322463989258e-01
-4.240629076957702637e-02
-1.752309203147888184e-01
-1.527623385190963745e-01
1.397559791803359985e-01
2.688270211219787598e-01
-4.133039340376853943e-02
-1.975876092910766602e-01
-2.282825708389282227e-01
-9.979641437530517578e-02
8.587346225976943970e-02
2.248106002807617188e-01
-2.833516597747802734e-01
1.557853072881698608e-01
3.278350532054901123e-01
-2.627655267715454102e-01
-6.864897906780242920e-03
-9.820724278688430786e-02
-2.213292121887207031e-01
-9.802864491939544678e-02
-7.013823091983795166e-02
1.719824969768524170e-01
1.637016385793685913e-01
-2.587034180760383606e-02
1.563562750816345215e-01
-9.602816402912139893e-02
3.377486765384674072e-02
7.568941265344619751e-02
-1.618016660213470459e-01
3.877432644367218018e-02
-1.826577186584472656e-01
-1.064345911145210266e-01
-2.542753219604492188e-01
-3.579519987106323242e-01
2.787742614746093750e-01
-1.455444693565368652e-01
-1.553849279880523682e-01
-5.743413791060447693e-02
-2.149592190980911255e-01
-3.598433136940002441e-01
7.922007702291011810e-03
7.937569171190261841e-02
-6.044821441173553467e-02
3.122102320194244385e-01
-2.959266304969787598e-02
-3.478510975837707520e-01
5.529224127531051636e-02
-1.033306196331977844e-01
9.193016588687896729e-02
-1.388276815414428711e-01
1.449203640222549438e-01
3.218540549278259277e-01
2.280208915472030640e-01
-3.862852156162261963e-01
-2.024393677711486816e-01
-2.638549208641052246e-01
9.302130341529846191e-02
-7.174460589885711670e-02
-4.544901847839355469e-02
1.829725205898284912e-01
-1.252567917108535767e-01
1.507875770330429077e-01
-2.947632372379302979e-01
-1.232585310935974121e-01
3.037242963910102844e-02
-2.972530126571655273e-01
-4.853953421115875244e-01
1.813807338476181030e-02
-4.406038820743560791e-01
-6.933651864528656006e-02
-3.697970211505889893e-01
-1.292875558137893677e-01
-1.306858360767364502e-01
-5.723654851317405701e-02
3.032143115997314453e-01
-1.736534759402275085e-03
2.633750438690185547e-01
3.281259536743164062e-02
-9.119912981986999512e-02
-2.146922051906585693e-01
9.914120286703109741e-02
-2.773037552833557129e-02
5.324393510818481445e-03
2.632201313972473145e-01
-1.998754143714904785e-01
-4.184851795434951782e-02
1.312619596719741821e-01
6.641136109828948975e-02
-2.292097508907318115e-01
1.505691707134246826e-01
-3.168597817420959473e-01
2.376285940408706665e-02
3.016893267631530762e-01
5.130722373723983765e-02
-4.194028675556182861e-03
3.951839730143547058e-02
1.342537403106689453e-01
8.493141829967498779e-02
-2.619490027427673340e-01
1.866144537925720215e-01
2.186728641390800476e-02
1.447703391313552856e-01
5.126581788063049316e-01
-4.189945757389068604e-01
-3.276803195476531982e-01
1.067845076322555542e-01
4.555030167102813721e-01
6.258697062730789185e-02
-9.317378699779510498e-02
1.556161344051361084e-01
3.113726712763309479e-02
-1.870272755622863770e-01
-2.501646876335144043e-01
-5.312591791152954102e-02
1.432778686285018921e-01
-4.869341850280761719e-01
3.008216321468353271e-01
-3.645163178443908691e-01
1.733196973800659180e-01
2.412637174129486084e-01
1.718974560499191284e-01
3.675118088722229004e-01
3.193863481283187866e-02
-2.509856224060058594e-01
3.567116707563400269e-02
2.553839087486267090e-01
2.631348371505737305e-01
-3.874383270740509033e-01
-1.338841915130615234e-01
1.715494096279144287e-01
-6.744944304227828979e-02
1.220716759562492371e-01
-7.278479635715484619e-02
4.399521648883819580e-01
3.487039506435394287e-01
-2.882065176963806152e-01
4.084048420190811157e-02
-2.965036630630493164e-01
-3.849577903747558594e-02
-2.605883777141571045e-01
-2.729539871215820312e-01
-1.042874678969383240e-01
1.534757018089294434e-01
-1.263447403907775879e-01
-6.576483137905597687e-03
-1.244757622480392456e-01
-8.034262806177139282e-03
-1.267541050910949707e-01
8.698126673698425293e-02
-1.702885776758193970e-01
4.444573819637298584e-02
-4.004404544830322266e-01
2.928310036659240723e-01
2.077673375606536865e-01
-2.664500661194324493e-02
1.048381626605987549e-02
-1.520723104476928711e-01
-2.684011310338973999e-02
-5.914433300495147705e-02
4.728778004646301270e-01
2.319163680076599121e-01
4.995555281639099121e-01
4.582908377051353455e-02
-2.682104706764221191e-01
1.305099483579397202e-02
2.132569700479507446e-01
1.257499754428863525e-01
1.662555038928985596e-01
-1.324245780706405640e-01
-4.990550577640533447e-01
1.885088533163070679e-01
-4.049729108810424805e-01
-1.713964492082595825e-01
-9.915589541196823120e-02
-2.597020268440246582e-01
3.883680105209350586e-01
3.513232469558715820e-01
2.756966948509216309e-01
-3.318241536617279053e-01
-3.557584881782531738e-01
-3.777380101382732391e-03
1.169703621417284012e-02
-2.452103793621063232e-02
-3.419278860092163086e-01
2.468162626028060913e-01
-2.272461950778961182e-01
-9.866743534803390503e-02
-1.117388382554054260e-01
9.441632032394409180e-02
3.217917084693908691e-01
1.776351928710937500e-01
3.500900268554687500e-01
3.488412499427795410e-02
3.708477616310119629e-01
1.102817952632904053e-01
-1.319183707237243652e-01
-1.460697799921035767e-01
4.302285611629486084e-01
-1.966540664434432983e-01
3.513134643435478210e-02
-1.075622588396072388e-01
-6.596850603818893433e-02
7.511666417121887207e-02
1.300550997257232666e-01
-2.721761167049407959e-01
2.661880850791931152e-01
4.966530501842498779e-01
5.573115870356559753e-02
2.474505305290222168e-01
6.448149681091308594e-02
8.584763109683990479e-02
-9.242986142635345459e-02
-1.317856460809707642e-01
2.591142058372497559e-01
2.514863610267639160e-01
-3.658438920974731445e-01
-3.891608864068984985e-02
-2.672967314720153809e-01
2.458767592906951904e-01
2.361841499805450439e-01
-2.336256653070449829e-01
9.124438464641571045e-02
9.050926566123962402e-02
9.252927452325820923e-02
-1.103997882455587387e-02
4.401442706584930420e-01
