-1.987738162279129028e-01
3.987262248992919922e-01
-3.414034247398376465e-01
-2.066622823476791382e-01
-2.312696427106857300e-01
-2.032902240753173828e-01
4.117254018783569336e-01
-1.141250133514404297e-02
-2.531090378761291504e-02
2.033326923847198486e-01
4.194021821022033691e-01
-3.284657001495361328e-01
-9.508465230464935303e-02
1.349282860755920410e-01
-1.100315153598785400e-01
-1.161396428942680359e-01
3.255948424339294434e-01
4.015351235866546631e-01
5.037270486354827881e-03
1.528429239988327026e-01
4.597698152065277100e-01
-3.636581897735595703e-01
-2.358477115631103516e-01
1.097009479999542236e-01
-1.993162631988525391e-01
2.485480606555938721e-01
-2.510844171047210693e-01
-3.273022174835205078e-01
3.531839251518249512e-01
3.065839968621730804e-02
2.170220762491226196e-01
1.641428917646408081e-01
3.449452519416809082e-01
1.255372166633605957e-01
3.169504925608634949e-02
9.840060770511627197e-02
-4.627707228064537048e-02
-1.687894016504287720e-01
2.668922543525695801e-01
2.317533344030380249e-01
-1.053946688771247864e-01
-1.953292936086654663e-01
-3.330763876438140869e-01
-3.855216503143310547e-02
2.325682044029235840e-01
-3.825104534626007080e-01
1.944452524185180664e-01
1.772896051406860352e-01
-1.494722366333007812e-01
-1.153686940670013428e-01
-3.218998908996582031e-01
-7.088778913021087646e-02
-1.950414478778839111e-01
-1.344266533851623535e-01
1.807930767536163330e-01
-3.276105523109436035e-01
2.920516729354858398e-01
3.242327570915222168e-01
-2.269757241010665894e-01
1.023648679256439209e-01
1.077169403433799744e-01
2.195003777742385864e-01
-4.456798732280731201e-01
2.010175883769989014e-01
4.892070591449737549e-02
2.152778580784797668e-02
-2.776472829282283783e-03
-1.568383723497390747e-01
4.808373004198074341e-02
8.066378533840179443e-03
6.583725214004516602e-01
-3.109877109527587891e-01
-2.226218767464160919e-02
-1.372715234756469727e-01
1.809399127960205078e-01
7.653076946735382080e-02
-2.878609485924243927e-02
1.738676130771636963e-01
-2.142450064420700073e-01
-3.529794216156005859e-01
5.542174577713012695e-01
2.081030309200286865e-01
-4.079807698726654053e-01
1.527851372957229614e-01
4.857052117586135864e-02
1.293515563011169434e-01
7.847817242145538330e-02
1.144841238856315613e-01
5.316000580787658691e-01
-3.174683153629302979e-01
2.800645232200622559e-01
2.309593111276626587e-01
1.429200172424316406e-01
-1.203271225094795227e-01
5.426000356674194336e-01
1.962034553289413452e-01
-3.287450671195983887e-01
-2.615163624286651611e-01
-2.859289944171905518e-02
1.525681316852569580e-01
-6.428050994873046875e-02
-1.837324351072311401e-01
-2.064742445945739746e-01
4.201783537864685059e-01
-2.039090394973754883e-01
7.516242563724517822e-02
1.243240609765052795e-01
-1.121938824653625488e-01
-4.977866075932979584e-03
3.783813118934631348e-01
-3.419923782348632812e-01
-9.198711253702640533e-03
-5.781090259552001953e-01
-1.263093054294586182e-01
1.367015093564987183e-01
1.965665519237518311e-01
2.630797624588012695e-01
-2.452539056539535522e-01
2.304462939500808716e-01
1.103592216968536377e-01
5.987403541803359985e-02
1.228183433413505554e-01
-2.667211294174194336e-01
-1.044213101267814636e-01
2.382773309946060181e-01
-9.921235591173171997e-02
3.185394704341888428e-01
1.764542423188686371e-03
-3.847128748893737793e-01
1.278836652636528015e-02
1.078924089670181274e-01
2.375880479812622070e-01
8.100578561425209045e-03
1.201180145144462585e-01
-4.911880567669868469e-02
1.391019374132156372e-01
1.843469887971878052e-01
-5.014570355415344238e-01
-1.382443457841873169e-01
-1.815724372863769531e-01
-3.008311986923217773e-01
-6.271947920322418213e-02
2.269276380538940430e-01
-2.231234908103942871e-01
2.701850533485412598e-01
-2.428159415721893311e-01
3.678523004055023193e-01
2.861831784248352051e-01
3.099752366542816162e-01
-2.059177160263061523e-01
6.610649824142456055e-02
-1.829803735017776489e-01
2.964442372322082520e-01
1.621608808636665344e-02
-5.319961160421371460e-02
-2.638671100139617920e-01
-1.320442110300064087e-01
2.000626474618911743e-01
4.719265103340148926e-01
-1.723688393831253052e-01
-2.055484652519226074e-01
5.291501525789499283e-03
8.964512497186660767e-02
2.419377118349075317e-02
1.019659489393234253e-01
3.648735582828521729e-03
-2.708962857723236084e-01
-8.420492708683013916e-02
-2.340930849313735962e-01
2.710678577423095703e-01
6.196304410696029663e-02
7.085447013378143311e-02
2.300662696361541748e-01
1.500835567712783813e-01
1.821105778217315674e-01
-1.085504516959190369e-01
-7.774709910154342651e-02
-1.267426162958145142e-01
-2.875314839184284210e-02
9.596676379442214966e-02
-5.247837305068969727e-01
-1.057146675884723663e-02
-2.469515427947044373e-02
-2.850330173969268799e-01
-9.072628617286682129e-02
2.965641021728515625e-01
-1.735081821680068970e-01
-3.148115277290344238e-01
-4.520346224308013916e-02
8.440983295440673828e-02
-3.090377449989318848e-01
-3.817814961075782776e-02
-3.540497273206710815e-02
4.050646908581256866e-03
-3.024629950523376465e-01
1.381102204322814941e-01
7.294029593467712402e-01
-5.789189785718917847e-02
-2.253974825143814087e-01
1.050210893154144287e-01
-3.624760210514068604e-01
1.562161445617675781e-01
-1.403880119323730469e-01
5.030906200408935547e-02
1.290190964937210083e-01
2.906172871589660645e-01
6.547603011131286621e-02
1.000561714172363281e-01
-4.034163057804107666e-02
1.577154248952865601e-01
-8.100087195634841919e-02
-1.388404369354248047e-01
1.054566204547882080e-01
4.894802719354629517e-02
2.701991498470306396e-01
2.928529381752014160e-01
3.428661823272705078e-01
3.761318325996398926e-01
3.544974327087402344e-02
2.515919804573059082e-01
9.202454984188079834e-02
-2.650063633918762207e-01
-1.639702357351779938e-02
-7.146064192056655884e-02
-3.298147395253181458e-02
7.852045446634292603e-02
-2.642540931701660156e-01
3.676385581493377686e-01
-1.433480083942413330e-01
-1.776180267333984375e-01
-5.652871131896972656e-01
-1.824385225772857666e-01
2.796316146850585938e-01
3.827565908432006836e-01
-1.817922592163085938e-01
-3.026439249515533447e-01
3.633895814418792725e-01
1.336124688386917114e-01
-3.571828007698059082e-01
2.526095807552337646e-01
-1.951043307781219482e-01
3.182269930839538574e-01
-1.143177300691604614e-01
1.311077475547790527e-01
-4.162298142910003662e-01
2.361755967140197754e-01
5.370229110121726990e-02
-7.807542383670806885e-02
-6.352642178535461426e-01
-1.700587011873722076e-02
-1.866591721773147583e-01
-5.264620482921600342e-02
7.447224855422973633e-02
-2.174416184425354004e-01
-2.340839803218841553e-01
-5.361731164157390594e-03
-3.754501044750213623e-01
-5.248823761940002441e-01
-1.438220143318176270e-01
2.657290399074554443e-01
1.078816503286361694e-01
-3.012458980083465576e-02
-3.803113698959350586e-01
4.638493359088897705e-01
2.243031263351440430e-01
2.761594355106353760e-01
-2.223893404006958008e-01
3.678047358989715576e-01
-1.933322846889495850e-01
-3.010290265083312988e-01
-3.865470737218856812e-02
-8.133218288421630859e-01
5.436922609806060791e-02
-2.647092342376708984e-01
2.269296348094940186e-01
-3.283067941665649414e-01
-8.253972977399826050e-03
-3.077627122402191162e-01
3.386199176311492920e-01
2.412191033363342285e-02
3.856505453586578369e-02
-2.570870518684387207e-01
-4.218480885028839111e-01
1.627414524555206299e-01
2.796240448951721191e-01
1.162434071302413940e-01
-4.662961959838867188e-01
5.303001031279563904e-02
-7.688619941473007202e-02
9.675092995166778564e-02
-2.508058547973632812e-01
4.433675110340118408e-01
8.998961001634597778e-02
-1.447693109512329102e-01
-2.017674967646598816e-02
-3.091692030429840088e-01
6.493328511714935303e-02
-1.550244092941284180e-01
-3.928380310535430908e-01
-5.362900495529174805e-01
-8.204411715269088745e-04
5.100626498460769653e-03
2.837451696395874023e-01
1.420183330774307251e-01
-4.125647544860839844e-01
-3.934764862060546875e-01
6.497270613908767700e-02
-2.137571722269058228e-01
2.254787683486938477e-01
-1.993927061557769775e-01
-3.790595382452011108e-02
-2.294856905937194824e-01
1.503383517265319824e-01
1.506184637546539307e-01
2.568129450082778931e-03
3.004202842712402344e-01
-1.741411387920379639e-01
-1.906821727752685547e-01
4.796397089958190918e-01
2.754004895687103271e-01
1.614490747451782227e-01
-8.425736427307128906e-02
-2.123703211545944214e-01
3.729903697967529297e-01
1.545322872698307037e-02
-2.339958548545837402e-01
-2.589747905731201172e-01
-4.349333643913269043e-01
2.850429341197013855e-02
3.254988789558410645e-01
-2.641059160232543945e-01
1.629212945699691772e-01
-3.821051865816116333e-02
-2.664691507816314697e-01
1.417835056781768799e-01
4.238778352737426758e-02
1.385741531848907471e-01
1.353694200515747070e-01
-1.316818892955780029e-01
5.298475734889507294e-03
3.121009469032287598e-01
-1.020157989114522934e-02
2.451396360993385315e-02
-3.549627065658569336e-01
-3.652659058570861816e-01
-2.687697410583496094e-01
-3.160281106829643250e-02
3.516103327274322510e-01
-1.466311607509851456e-02
-3.411523252725601196e-02
-3.223041445016860962e-02
1.949799060821533203e-01
-1.904246509075164795e-01
-4.492087066173553467e-01
-2.426875829696655273e-01
2.183883786201477051e-01
2.133058309555053711e-01
-2.186639904975891113e-01
-1.663166284561157227e-02
3.608113527297973633e-01
1.773853003978729248e-01
3.606992214918136597e-02
-2.694237977266311646e-02
1.486252248287200928e-01
2.932766973972320557e-01
1.424900628626346588e-02
7.880663871765136719e-02
2.922709099948406219e-02
1.561397612094879150e-01
-5.678939074277877808e-02
-2.131429016590118408e-01
2.578675150871276855e-01
2.507029175758361816e-01
1.162718236446380615e-01
1.362457871437072754e-01
8.737887442111968994e-02
2.997956275939941406e-01
2.032068073749542236e-01
-1.650475710630416870e-01
1.871335506439208984e-02
-1.670472323894500732e-01
-1.424426287412643433e-01
2.482315152883529663e-01
-2.025384083390235901e-02
