-6.492033600807189941e-01
4.655985832214355469e-01
-3.652691245079040527e-01
-8.106179535388946533e-02
-9.283111989498138428e-02
-1.863707602024078369e-01
3.140253126621246338e-01
1.767513006925582886e-01
1.382232308387756348e-01
1.726105660200119019e-01
2.729621231555938721e-01
-3.385758399963378906e-01
-1.821899116039276123e-01
-2.702504396438598633e-01
-3.607376217842102051e-01
-1.514342129230499268e-01
-1.439044475555419922e-01
2.811174094676971436e-02
-2.563462853431701660e-01
-4.265503585338592529e-02
2.296003401279449463e-01
-2.435080707073211670e-01
-3.221548199653625488e-01
6.282078474760055542e-02
9.724946320056915283e-02
1.941650211811065674e-01
-1.191636919975280762e-02
8.723901212215423584e-02
3.571129441261291504e-01
-5.940111353993415833e-02
8.114403486251831055e-02
7.314957678318023682e-02
2.880675196647644043e-01
4.497850239276885986e-01
1.350617706775665283e-01
-4.622311145067214966e-02
1.327334940433502197e-01
-1.317608058452606201e-01
2.103697061538696289e-01
3.421878069639205933e-02
-1.389163583517074585e-01
-3.622488677501678467e-01
-7.501891255378723145e-02
-1.262983977794647217e-01
2.727975547313690186e-01
3.062049150466918945e-01
-1.470895409584045410e-01
7.566450536251068115e-02
-2.630935609340667725e-01
-8.761826902627944946e-02
-2.542993724346160889e-01
2.839251756668090820e-01
-1.441841423511505127e-01
-2.968437075614929199e-01
4.371137022972106934e-01
-2.321619838476181030e-01
3.140173554420471191e-01
1.846761554479598999e-01
2.858170680701732635e-02
-8.392982184886932373e-02
2.011916041374206543e-01
-7.804830372333526611e-02
-7.002013325691223145e-01
4.651898518204689026e-02
7.153838872909545898e-02
-6.739151477813720703e-02
-1.956080943346023560e-01
-8.876049518585205078e-02
-1.049708053469657898e-01
1.122600883245468140e-01
4.659644961357116699e-01
-2.467226833105087280e-01
-4.344538450241088867e-01
-2.292621582746505737e-01
2.032266557216644287e-01
-6.995331496000289917e-02
-3.120717704296112061e-01
2.686912715435028076e-01
-2.913275957107543945e-01
-4.166427850723266602e-01
1.905519664287567139e-01
1.696418374776840210e-01
-1.843459904193878174e-01
1.172157824039459229e-01
2.410453930497169495e-02
3.350961506366729736e-01
2.328763902187347412e-01
-1.055976897478103638e-01
3.786363005638122559e-01
-4.092944785952568054e-02
5.817255973815917969e-01
-2.834793925285339355e-02
1.649733185768127441e-01
7.011111080646514893e-02
6.221899390220642090e-01
2.631691694259643555e-01
-6.754275411367416382e-03
-3.489237129688262939e-01
-3.740662708878517151e-02
8.957479149103164673e-03
5.720847100019454956e-02
3.458535671234130859e-01
-3.084004521369934082e-01
2.727560102939605713e-01
-5.105911493301391602e-01
-1.906052529811859131e-01
2.789824008941650391e-01
3.297486603260040283e-01
-7.210952788591384888e-02
-1.309700012207031250e-01
-9.167409688234329224e-02
-3.114646673202514648e-01
-2.988129258155822754e-01
-1.953464001417160034e-01
1.223161593079566956e-01
-2.922808229923248291e-01
8.436023443937301636e-02
-2.813532948493957520e-01
2.436113357543945312e-01
5.389692261815071106e-02
1.383250206708908081e-01
9.210252761840820312e-02
-2.647814750671386719e-01
9.758848696947097778e-02
1.780474931001663208e-01
-2.461244016885757446e-01
3.107628822326660156e-01
1.601970940828323364e-01
-1.951230168342590332e-01
1.715964637696743011e-02
7.814919948577880859e-02
3.469538688659667969e-02
-1.962518393993377686e-01
-1.002096161246299744e-01
-7.191853225231170654e-02
-1.837109029293060303e-01
3.410961627960205078e-01
-8.551155775785446167e-02
-1.522785723209381104e-01
-8.235215395689010620e-02
-4.784215688705444336e-01
2.228545546531677246e-01
2.285422980785369873e-01
4.544165730476379395e-02
-8.450081944465637207e-02
-2.533700466156005859e-01
-2.809238806366920471e-02
2.172579467296600342e-01
2.635934054851531982e-01
-2.645469307899475098e-01
1.399407386779785156e-01
-6.041704416275024414e-01
6.199419498443603516e-03
2.462340444326400757e-01
3.051399588584899902e-01
-2.004858553409576416e-01
-2.581374049186706543e-01
4.344097375869750977e-01
4.881575107574462891e-01
1.598594188690185547e-01
-1.575103402137756348e-01
3.406171202659606934e-01
3.816869482398033142e-02
4.080158472061157227e-01
1.456061154603958130e-01
2.306011505424976349e-02
-4.383496642112731934e-01
-1.410961151123046875e-01
1.177503168582916260e-01
4.551775157451629639e-01
-9.187494218349456787e-02
-7.338984310626983643e-02
9.180980920791625977e-02
2.208268791437149048e-01
2.551619112491607666e-01
-2.481005638837814331e-01
2.003669291734695435e-01
1.699507087469100952e-01
-2.522823214530944824e-01
5.272189974784851074e-01
2.340391576290130615e-01
-3.219485878944396973e-01
4.227121174335479736e-01
-5.383633822202682495e-02
1.723161190748214722e-01
2.776737809181213379e-01
6.532241404056549072e-02
2.204301953315734863e-01
-1.461148560047149658e-01
2.433848083019256592e-01
-4.835309982299804688e-01
2.665345072746276855e-01
-1.576253324747085571e-01
-4.284566268324851990e-03
-2.497555613517761230e-01
-7.490788400173187256e-02
2.735540270805358887e-01
-2.220882475376129150e-01
-1.070564836263656616e-01
-6.034315377473831177e-02
-2.473946660757064819e-01
2.544478774070739746e-01
8.827468752861022949e-02
-2.636149525642395020e-01
2.295336127281188965e-01
2.899796366691589355e-01
-4.695153236389160156e-01
-2.324364781379699707e-01
-7.346734404563903809e-02
1.583191156387329102e-01
7.352603971958160400e-02
-4.202431142330169678e-01
1.160896793007850647e-01
-1.779296994209289551e-01
2.181954532861709595e-01
3.391101360321044922e-01
-5.812370777130126953e-02
4.100829362869262695e-02
-1.462583430111408234e-02
7.356449961662292480e-02
-1.068569719791412354e-03
-8.388808369636535645e-02
8.254940062761306763e-02
-2.530932426452636719e-01
-3.234648704528808594e-02
9.742784500122070312e-02
-3.952356576919555664e-01
-7.502816617488861084e-02
-2.340440452098846436e-01
-1.223614513874053955e-01
-1.428296864032745361e-01
-3.058530688285827637e-01
3.416358828544616699e-01
1.396701931953430176e-01
2.164146453142166138e-01
2.297489903867244720e-02
1.463401913642883301e-01
3.929515928030014038e-02
1.929293572902679443e-01
1.108520850539207458e-02
-3.066495656967163086e-01
-3.297425210475921631e-01
7.891821116209030151e-02
1.854452490806579590e-01
-3.895519301295280457e-03
-5.250110477209091187e-02
1.067437417805194855e-02
1.906940340995788574e-01
-1.282178163528442383e-01
2.052046656608581543e-01
-3.424592912197113037e-01
1.822604537010192871e-01
3.934528306126594543e-02
-1.200974881649017334e-01
-1.389905437827110291e-02
-4.770086333155632019e-02
-3.051953017711639404e-01
1.447651982307434082e-01
-1.972074657678604126e-01
-2.323473542928695679e-01
3.810393512248992920e-01
1.234143972396850586e-01
-2.169562578201293945e-01
8.601692318916320801e-02
5.129842758178710938e-01
2.230408787727355957e-01
9.633226692676544189e-02
2.329325675964355469e-02
-6.307914108037948608e-02
7.723021786659955978e-03
-4.943494126200675964e-02
-5.783598423004150391e-01
-1.442039459943771362e-01
-1.959036886692047119e-01
4.289159774780273438e-01
-1.554749459028244019e-01
2.580881118774414062e-01
-4.099856615066528320e-01
3.830637037754058838e-02
9.748768806457519531e-02
1.684625446796417236e-01
-1.432722806930541992e-02
-3.376575410366058350e-01
1.692768186330795288e-01
2.054282128810882568e-01
9.720598347485065460e-03
1.427213400602340698e-01
-8.310873806476593018e-02
-3.445476889610290527e-01
-6.659103184938430786e-02
-6.179947406053543091e-02
2.582843899726867676e-01
4.921613931655883789e-01
-2.595325708389282227e-01
7.395082712173461914e-02
-6.011991202831268311e-02
-2.477989345788955688e-01
-4.085188508033752441e-01
-4.029788970947265625e-01
-3.649426698684692383e-01
-3.851853311061859131e-02
1.398916840553283691e-01
1.696208119392395020e-01
1.456512510776519775e-01
-1.332453787326812744e-01
-4.227329790592193604e-02
1.390745043754577637e-01
8.433073759078979492e-02
2.968839108943939209e-01
-4.188972115516662598e-01
9.576678276062011719e-02
-3.768502175807952881e-02
-1.072963699698448181e-01
2.184863686561584473e-01
-2.344976738095283508e-02
2.983087599277496338e-01
-2.659751474857330322e-01
4.325590431690216064e-01
1.000776141881942749e-01
1.454337984323501587e-01
-5.450371652841567993e-02
-4.126643538475036621e-01
-1.357875615358352661e-01
2.877376675605773926e-01
5.654874444007873535e-02
-4.552800059318542480e-01
-4.480424523353576660e-01
-2.384139895439147949e-01
-1.210962906479835510e-01
1.492666155099868774e-01
1.181180030107498169e-01
1.216041594743728638e-01
-2.508889138698577881e-01
2.120566517114639282e-01
-3.586189076304435730e-02
3.817598521709442139e-02
-1.176492571830749512e-01
1.448688209056854248e-01
-5.782048776745796204e-02
3.300036489963531494e-02
2.358311563730239868e-01
1.368791162967681885e-01
1.659254431724548340e-01
-1.365154832601547241e-01
-3.491584658622741699e-01
4.756416007876396179e-02
-8.342891186475753784e-02
-1.110548377037048340e-01
1.239154785871505737e-01
3.274040222167968750e-01
8.967764675617218018e-02
3.850105702877044678e-01
1.361182034015655518e-01
-1.249310448765754700e-01
-2.482899874448776245e-01
6.168495863676071167e-02
-4.799818620085716248e-02
1.416855156421661377e-01
-7.084883749485015869e-02
-1.081741824746131897e-01
1.313341557979583740e-01
-3.934456780552864075e-02
-3.255096077919006348e-01
2.597796320915222168e-01
-3.330871462821960449e-03
-1.334725320339202881e-01
-1.082662567496299744e-01
-2.217881083488464355e-01
3.359230607748031616e-02
3.925546258687973022e-02
-5.575958639383316040e-02
1.776119768619537354e-01
4.220158606767654419e-02
-1.507212072610855103e-01
2.770232856273651123e-01
-3.465961664915084839e-02
4.662960022687911987e-02
-1.547706425189971924e-01
-2.540201544761657715e-01
-1.381805688142776489e-01
9.595415741205215454e-02
4.966824129223823547e-02
2.385453432798385620e-01
2.770455181598663330e-01
