-2.258530855178833008e-01
1.945453286170959473e-01
-2.057835608720779419e-01
-2.705215010792016983e-03
-2.702789902687072754e-01
-2.040542364120483398e-01
2.402175068855285645e-01
-2.368529587984085083e-01
1.102762594819068909e-01
7.814829051494598389e-02
4.822506904602050781e-01
-1.991540193557739258e-01
-1.070854887366294861e-01
-3.794396668672561646e-02
-3.785451650619506836e-01
-1.092979013919830322e-01
-7.854702323675155640e-02
3.606694340705871582e-01
2.841018885374069214e-02
3.239139020442962646e-01
3.566510081291198730e-01
-1.147466972470283508e-01
-2.948516309261322021e-01
4.395198542624711990e-03
-1.933955252170562744e-01
1.360607147216796875e-01
-1.692507117986679077e-01
-2.926993072032928467e-01
3.371865153312683105e-01
-1.353296339511871338e-01
1.588138788938522339e-01
2.550908327102661133e-01
1.541745960712432861e-01
2.043702900409698486e-01
6.488537415862083435e-03
-2.243676781654357910e-01
-2.637135088443756104e-01
4.653856903314590454e-02
2.133650779724121094e-01
1.521182656288146973e-01
-1.943517625331878662e-01
-7.355903089046478271e-02
-2.130620777606964111e-01
-5.532144755125045776e-02
6.341670453548431396e-02
-1.281750053167343140e-01
-5.721281468868255615e-02
2.974263429641723633e-01
-1.042046695947647095e-01
-6.083976477384567261e-02
-2.689949274063110352e-01
-2.946900427341461182e-01
-1.441654711961746216e-01
-2.513200640678405762e-01
3.102259337902069092e-01
-3.555622100830078125e-01
4.990079626441001892e-02
5.775774270296096802e-02
-1.010379791259765625e-01
-7.061174511909484863e-02
5.107076168060302734e-01
1.348738968372344971e-01
-3.675183057785034180e-01
-1.678812503814697266e-02
3.036785870790481567e-02
1.275537610054016113e-01
-2.197013348340988159e-01
-2.184800207614898682e-01
2.166172862052917480e-01
-3.607554361224174500e-02
5.373533964157104492e-01
-3.382331691682338715e-03
-2.680348157882690430e-01
7.668226212263107300e-02
7.194842398166656494e-02
4.350608214735984802e-04
2.012827545404434204e-01
2.782125473022460938e-01
-1.725389994680881500e-02
-2.548398375511169434e-01
4.412870407104492188e-01
3.225228786468505859e-01
-1.863484680652618408e-01
1.581456363201141357e-01
1.977215111255645752e-01
3.999527096748352051e-01
-5.661106109619140625e-02
3.137891888618469238e-01
2.931181788444519043e-01
-1.014229655265808105e-01
1.441825628280639648e-01
1.378558278083801270e-01
-7.788790017366409302e-02
-3.029964268207550049e-01
3.361293673515319824e-01
2.507757842540740967e-01
1.240200921893119812e-02
-3.547731041908264160e-01
3.620806336402893066e-01
1.927493214607238770e-01
-8.341903239488601685e-02
-1.882620453834533691e-01
-2.885476350784301758e-01
5.936383008956909180e-01
-3.250036537647247314e-01
-1.793188303709030151e-01
6.657296419143676758e-02
-7.192502915859222412e-02
-4.669681191444396973e-03
3.663319349288940430e-01
-1.384916007518768311e-01
-2.574833631515502930e-01
-3.925367593765258789e-01
1.331520080566406250e-01
-4.432622343301773071e-03
1.102325469255447388e-01
2.513453662395477295e-01
-7.054635882377624512e-02
8.214777708053588867e-02
1.173583418130874634e-01
-2.317216433584690094e-02
-1.659065783023834229e-01
-6.050315499305725098e-02
-6.725645810365676880e-02
4.067262411117553711e-01
-1.157845929265022278e-01
2.743119597434997559e-01
4.419558495283126831e-02
-1.386875510215759277e-01
1.480537503957748413e-01
3.013570308685302734e-01
1.804007887840270996e-01
4.021345078945159912e-02
-7.800927013158798218e-02
-2.215631604194641113e-01
-2.703648060560226440e-02
8.878123760223388672e-02
-3.420299887657165527e-01
-5.516178607940673828e-01
-3.720015883445739746e-01
-2.014314383268356323e-01
1.403834670782089233e-02
7.225075364112854004e-02
5.429277196526527405e-02
3.097593784332275391e-01
-1.698932647705078125e-01
-2.359506115317344666e-02
-1.501088216900825500e-02
7.226128131151199341e-02
-3.399673104286193848e-02
-1.305141746997833252e-01
-2.937481701374053955e-01
9.875357896089553833e-02
2.034824043512344360e-01
-1.120711117982864380e-01
-1.986116468906402588e-01
-2.505572140216827393e-01
4.727215692400932312e-02
4.410832524299621582e-01
-1.028088107705116272e-01
1.813403330743312836e-02
2.136371433734893799e-01
1.977794468402862549e-01
1.679663360118865967e-01
3.860689997673034668e-01
-3.615803271532058716e-02
-4.195143282413482666e-01
-1.733050346374511719e-01
2.360791563987731934e-01
2.651724815368652344e-01
-2.148974090814590454e-01
-1.339359879493713379e-01
4.108234643936157227e-01
1.201996058225631714e-01
1.874551624059677124e-01
2.773709222674369812e-02
1.353837847709655762e-01
2.565354481339454651e-02
-1.576435416936874390e-01
4.386903047561645508e-01
-2.878675460815429688e-01
-2.297446876764297485e-01
1.054225564002990723e-01
9.045726060867309570e-02
-1.590177863836288452e-01
3.103630542755126953e-01
-7.417467236518859863e-02
-8.650858700275421143e-02
-1.733865439891815186e-01
5.238652229309082031e-03
-2.153641879558563232e-01
2.016333490610122681e-01
-1.212554499506950378e-01
-2.059413045644760132e-01
-1.953791975975036621e-01
2.516493014991283417e-02
3.065935969352722168e-01
-4.411187395453453064e-02
-8.030183613300323486e-02
-5.199427902698516846e-02
-5.082280635833740234e-01
1.122843697667121887e-01
-1.129297912120819092e-01
-9.484307467937469482e-02
8.500536531209945679e-02
4.029245674610137939e-01
1.923931092023849487e-01
1.024625599384307861e-01
-9.267587214708328247e-02
3.646382093429565430e-01
2.373314648866653442e-02
-2.209391444921493530e-01
8.339834958314895630e-02
9.350661933422088623e-02
1.507705599069595337e-01
9.339465200901031494e-02
-1.505443360656499863e-02
3.699100911617279053e-01
-5.939885973930358887e-02
1.472651660442352295e-01
-1.349222958087921143e-01
-5.117658972740173340e-01
-5.112166330218315125e-02
-4.372036457061767578e-02
-2.012350410223007202e-01
-1.718696206808090210e-01
-2.829762995243072510e-01
4.046713933348655701e-02
-2.626771628856658936e-01
-1.150649935007095337e-01
-2.086147069931030273e-01
2.723581194877624512e-01
2.252555042505264282e-01
2.670120894908905029e-01
3.145896196365356445e-01
-3.330517411231994629e-01
3.667217493057250977e-01
-1.396114751696586609e-02
8.964166045188903809e-03
1.574680209159851074e-01
-2.864584922790527344e-01
2.037492096424102783e-01
-1.438150107860565186e-01
1.482194215059280396e-01
-3.048814237117767334e-01
2.475827783346176147e-01
1.451597511768341064e-01
-6.237593293190002441e-02
-4.380630850791931152e-01
2.869115211069583893e-02
7.049866020679473877e-02
-1.060659736394882202e-01
-6.951978802680969238e-02
-2.246591746807098389e-01
8.865408599376678467e-02
7.278499193489551544e-03
-5.275292992591857910e-01
-2.207025736570358276e-01
-1.562750786542892456e-01
2.414343506097793579e-02
1.096023619174957275e-01
7.784190028905868530e-02
-3.453374281525611877e-02
9.543131291866302490e-02
6.742973625659942627e-02
4.845321476459503174e-01
-1.424917280673980713e-01
3.261340260505676270e-01
-2.199648320674896240e-01
-3.385248184204101562e-01
1.446991115808486938e-01
-2.837966084480285645e-01
4.903953522443771362e-02
-3.629125356674194336e-01
2.197002470493316650e-01
-3.268702328205108643e-01
2.158185243606567383e-01
-4.948232173919677734e-01
4.830394089221954346e-01
-3.668666630983352661e-02
-1.067987978458404541e-01
-4.529767036437988281e-01
-3.088211417198181152e-01
1.850122213363647461e-01
2.387201935052871704e-01
-1.243364661931991577e-01
-9.756653010845184326e-02
-8.023062348365783691e-02
-1.470030993223190308e-01
-3.885021898895502090e-03
-6.843198835849761963e-02
5.451527833938598633e-01
1.872950047254562378e-01
-1.816854625940322876e-01
2.134767919778823853e-01
-2.556502223014831543e-01
-2.691510021686553955e-01
-8.368016779422760010e-02
-1.395551860332489014e-01
-5.348796844482421875e-01
-2.855555415153503418e-01
5.923325568437576294e-02
3.174006938934326172e-01
4.662712104618549347e-03
-3.687491416931152344e-01
-4.993519484996795654e-01
1.293739974498748779e-01
-1.388784646987915039e-01
3.571122884750366211e-01
-1.599995791912078857e-01
-1.878163516521453857e-01
-1.317638605833053589e-01
3.174822926521301270e-01
3.346276581287384033e-01
-1.430032253265380859e-01
2.549172043800354004e-01
-5.054291486740112305e-01
-2.226090878248214722e-01
7.680609822273254395e-02
3.915817737579345703e-01
3.768198490142822266e-01
-9.539785981178283691e-02
-9.047918021678924561e-02
1.022560074925422668e-01
1.219599694013595581e-01
-2.639082074165344238e-01
-1.465545594692230225e-01
-2.544793486595153809e-01
-6.261105835437774658e-02
2.088068574666976929e-01
-3.940111696720123291e-01
7.431586086750030518e-02
1.430405974388122559e-01
-1.266129016876220703e-01
2.137524187564849854e-01
4.819210991263389587e-02
2.800388075411319733e-02
2.629100531339645386e-02
-6.429755687713623047e-02
-1.323428153991699219e-01
-8.476547896862030029e-02
-7.727771252393722534e-02
1.551879644393920898e-01
-3.628581017255783081e-02
-1.792348474264144897e-01
-1.894560456275939941e-01
-7.558772712945938110e-02
1.016275435686111450e-01
-6.224533915519714355e-02
2.343401610851287842e-01
-1.244629099965095520e-01
3.079730272293090820e-01
1.963825896382331848e-03
-1.630951464176177979e-01
-2.956558465957641602e-01
2.737815380096435547e-01
9.412638843059539795e-02
-1.023246496915817261e-01
1.536374688148498535e-01
3.819395303726196289e-01
3.474504351615905762e-01
2.440290451049804688e-01
-1.599006801843643188e-01
2.096624970436096191e-01
1.361180990934371948e-01
-3.541863337159156799e-02
1.243011504411697388e-01
-1.501037180423736572e-01
1.080848574638366699e-01
-1.933549940586090088e-01
-1.868066489696502686e-01
6.885923445224761963e-02
1.808054149150848389e-01
-8.455353975296020508e-02
-1.965078711509704590e-01
-1.326755434274673462e-01
2.481845766305923462e-01
6.791658699512481689e-02
-3.759847581386566162e-02
1.792740821838378906e-01
-1.241870447993278503e-01
-8.877663314342498779e-02
1.158993542194366455e-01
8.058394491672515869e-02
