-6.387317925691604614e-02
3.833431899547576904e-01
5.096119642257690430e-02
-2.945476397871971130e-02
-4.912773072719573975e-01
-1.673451513051986694e-01
4.355886280536651611e-01
-4.769035056233406067e-02
-1.124162822961807251e-01
2.722885012626647949e-01
3.561543822288513184e-01
-2.380664497613906860e-01
-1.661670655012130737e-01
1.773551851511001587e-01
-1.203446239233016968e-01
-9.113292396068572998e-02
2.724013924598693848e-01
3.179616034030914307e-01
2.162351645529270172e-02
1.360573107376694679e-03
3.598381876945495605e-01
-2.836952805519104004e-01
-1.060166954994201660e-01
-2.515011727809906006e-01
1.036174148321151733e-01
2.477579861879348755e-01
-3.242027461528778076e-01
-1.442647129297256470e-01
1.531282216310501099e-01
2.112172544002532959e-02
8.208749443292617798e-02
-3.034474328160285950e-02
3.664318919181823730e-01
1.257301419973373413e-01
1.036616563796997070e-01
2.625013887882232666e-01
2.283644303679466248e-02
2.112944144755601883e-03
2.902307808399200439e-01
2.908563911914825439e-01
-3.642812371253967285e-01
-1.939071565866470337e-01
-4.175253510475158691e-01
-8.257346600294113159e-02
2.230041772127151489e-01
-3.689683377742767334e-01
-3.610553592443466187e-02
-5.819785222411155701e-02
-5.069845169782638550e-02
-6.145775690674781799e-02
-8.768224716186523438e-01
-6.762301176786422729e-02
-1.038033291697502136e-01
1.367480587214231491e-02
1.245104968547821045e-01
-1.384502351284027100e-01
2.110975235700607300e-01
3.138740658760070801e-01
-2.129077911376953125e-01
6.597633659839630127e-02
-2.438715845346450806e-01
1.115591078996658325e-01
-3.276581168174743652e-01
-8.965338021516799927e-02
1.041983440518379211e-01
-1.142081618309020996e-01
-3.025751709938049316e-01
-2.381087839603424072e-01
-1.730282902717590332e-01
-2.300457060337066650e-01
4.504875838756561279e-01
-1.652123481035232544e-01
8.121820539236068726e-02
2.100673317909240723e-01
-6.425915658473968506e-02
-2.571757733821868896e-01
-1.286515146493911743e-01
9.116681665182113647e-02
-2.033137977123260498e-01
-2.650284469127655029e-01
1.224352419376373291e-01
3.744361698627471924e-01
-3.575100004673004150e-01
2.937505245208740234e-01
6.134917959570884705e-02
-3.949312120676040649e-02
-4.599920511245727539e-01
3.843396157026290894e-02
4.264477491378784180e-01
-2.138370871543884277e-01
1.001528128981590271e-01
8.900446444749832153e-02
-1.251919269561767578e-01
-1.147061958909034729e-01
7.388820648193359375e-01
6.739404052495956421e-03
1.084367558360099792e-01
-1.253917217254638672e-01
-1.528526395559310913e-01
9.020289033651351929e-02
-7.094462960958480835e-02
1.082898676395416260e-01
-7.768410444259643555e-02
2.085042595863342285e-01
-3.384966254234313965e-01
5.836291238665580750e-02
-5.663515068590641022e-03
-1.968408375978469849e-01
2.301079407334327698e-02
1.213492602109909058e-01
-5.062413215637207031e-02
-6.623774766921997070e-02
-5.300203561782836914e-01
1.620792001485824585e-01
-7.573987543582916260e-02
1.112628728151321411e-01
2.339836508035659790e-01
-1.265781670808792114e-01
2.765155136585235596e-01
-2.551609873771667480e-01
-5.795779451727867126e-02
1.210703626275062561e-01
-3.126433789730072021e-01
-3.162030577659606934e-01
-1.160193979740142822e-01
-2.284301370382308960e-01
3.036040440201759338e-02
1.618431061506271362e-01
-1.340056806802749634e-01
-2.531968988478183746e-02
-1.155864745378494263e-01
1.047562435269355774e-01
1.865172088146209717e-01
9.719628840684890747e-02
-1.456514000892639160e-01
2.844137549400329590e-01
2.083106189966201782e-01
-3.924975693225860596e-01
-2.755069732666015625e-01
-5.470492243766784668e-01
-2.163289934396743774e-01
-3.551793098449707031e-01
2.834809124469757080e-01
2.281508408486843109e-02
1.869731992483139038e-01
-1.144718471914529800e-02
2.571116983890533447e-01
3.372611105442047119e-01
2.377526462078094482e-01
-8.080959320068359375e-03
-7.063898444175720215e-02
-2.219641506671905518e-01
1.637873053550720215e-01
-1.736675947904586792e-02
4.090217873454093933e-02
-1.731317937374114990e-01
-2.280944734811782837e-01
3.238954842090606689e-01
4.781240224838256836e-01
-2.972632832825183868e-02
-7.466219365596771240e-02
2.172888442873954773e-02
1.262527108192443848e-01
2.512485161423683167e-02
2.522435486316680908e-01
-1.813865639269351959e-02
-2.354907244443893433e-01
-1.484580636024475098e-01
-1.648042649030685425e-01
3.370603621006011963e-01
3.432587683200836182e-01
3.506752476096153259e-02
-6.731859594583511353e-02
3.090346232056617737e-02
1.643605530261993408e-01
1.049224883317947388e-01
2.862949967384338379e-01
4.492627680301666260e-01
-1.760868579149246216e-01
8.129323273897171021e-02
-2.706806659698486328e-01
2.613473311066627502e-02
9.935647249221801758e-02
1.233297139406204224e-01
6.289926916360855103e-02
4.415416121482849121e-01
-1.609956026077270508e-01
1.692951470613479614e-01
-1.294554173946380615e-01
-8.662683516740798950e-02
-3.133258521556854248e-01
3.206740692257881165e-02
2.142525762319564819e-01
-1.108805835247039795e-01
-2.140809744596481323e-01
1.357115656137466431e-01
8.499458432197570801e-01
-1.769488006830215454e-01
-2.248064726591110229e-01
-1.956569030880928040e-02
-6.389328241348266602e-01
3.392129242420196533e-01
7.246124558150768280e-03
-1.454380601644515991e-01
3.252133131027221680e-01
-2.071570903062820435e-01
1.924241930246353149e-01
-6.039063632488250732e-02
5.416045784950256348e-01
2.702615559101104736e-01
-6.152569875121116638e-02
-9.101270884275436401e-02
1.104304268956184387e-01
1.519471257925033569e-01
8.847708255052566528e-02
1.225055307149887085e-01
4.132940471172332764e-01
4.202778041362762451e-01
1.232117116451263428e-01
7.035551220178604126e-02
-1.598701477050781250e-01
-3.526553809642791748e-01
-1.705650240182876587e-01
-9.775853157043457031e-02
8.702415227890014648e-02
2.195708006620407104e-01
-4.145481288433074951e-01
3.263415694236755371e-01
-7.633078098297119141e-02
-1.367111038416624069e-02
-2.079180628061294556e-01
-2.716315090656280518e-01
-3.003659248352050781e-01
-7.405835390090942383e-02
2.839075587689876556e-02
-8.667257428169250488e-02
3.987699151039123535e-01
4.911196976900100708e-02
-3.966637551784515381e-01
5.938068404793739319e-02
-2.723619043827056885e-01
1.854097396135330200e-01
-3.043439388275146484e-01
2.673464119434356689e-01
-1.023134663701057434e-01
1.935425251722335815e-01
2.266490608453750610e-01
-6.699797511100769043e-02
-2.395920157432556152e-01
-1.395430713891983032e-01
-3.063199110329151154e-02
2.322540581226348877e-01
-3.446588218212127686e-01
-1.796929724514484406e-02
3.875530064105987549e-01
-8.081280440092086792e-02
-4.951953887939453125e-01
-3.169869780540466309e-01
-1.552145928144454956e-01
-9.753017872571945190e-02
1.671247780323028564e-01
-2.852353751659393311e-01
-1.146595999598503113e-01
4.784622788429260254e-01
2.393773943185806274e-01
6.265936046838760376e-02
1.323578953742980957e-01
9.475826472043991089e-02
-1.886911392211914062e-01
-3.439391255378723145e-01
-2.498988807201385498e-01
-4.629225134849548340e-01
-1.207871288061141968e-01
-2.030687034130096436e-01
-6.495406478643417358e-02
-2.422537505626678467e-01
7.558004558086395264e-02
-3.048079907894134521e-01
5.133239626884460449e-01
-3.218065947294235229e-02
-2.461842447519302368e-02
-3.727762699127197266e-01
-3.532785475254058838e-01
-8.850317448377609253e-02
2.771587371826171875e-01
1.411252617835998535e-01
7.665285468101501465e-02
2.544156014919281006e-01
9.756757877767086029e-03
1.026277318596839905e-01
-6.663680076599121094e-03
4.669567942619323730e-01
-3.430412337183952332e-02
-1.435993909835815430e-01
-2.324667014181613922e-02
-4.964297711849212646e-01
1.950047351419925690e-02
-9.964875876903533936e-02
-3.152508437633514404e-01
-3.009457886219024658e-01
1.607604026794433594e-01
1.299471557140350342e-01
1.128081530332565308e-01
4.033383447676897049e-03
-4.324134439229965210e-02
-2.944459915161132812e-01
3.543120250105857849e-02
-1.921765059232711792e-01
3.060406446456909180e-01
-3.261297941207885742e-03
-2.971108816564083099e-02
-1.454990804195404053e-01
2.523492872714996338e-01
2.698773741722106934e-01
-2.046140581369400024e-01
5.116128176450729370e-02
-5.044895410537719727e-02
-1.564912796020507812e-01
5.132728219032287598e-01
3.511816263198852539e-01
-8.095370233058929443e-02
8.881434053182601929e-02
-2.543630003929138184e-01
1.592564210295677185e-02
-1.320331990718841553e-01
-3.102848231792449951e-01
-1.973882764577865601e-01
-4.011613428592681885e-01
-2.131805755198001862e-02
3.348780274391174316e-01
-2.992657423019409180e-01
1.004267409443855286e-01
-2.328144460916519165e-01
-6.974862515926361084e-02
2.081869989633560181e-01
1.972755938768386841e-01
3.079823255538940430e-01
1.738850325345993042e-01
-1.977631747722625732e-01
-4.674135893583297729e-02
3.763399720191955566e-01
-2.948869168758392334e-01
5.781074240803718567e-02
1.582781523466110229e-01
-2.714427113533020020e-01
-1.395490318536758423e-01
-6.888815760612487793e-02
3.176670372486114502e-01
6.583502888679504395e-02
-5.399315059185028076e-02
-1.248624250292778015e-01
6.865382790565490723e-01
1.534100472927093506e-01
-5.568609237670898438e-01
3.444830654188990593e-03
4.236453771591186523e-02
-3.012808412313461304e-02
-2.684403061866760254e-01
4.255003482103347778e-02
-9.887701272964477539e-02
2.183194644749164581e-02
1.815256103873252869e-02
-2.116408199071884155e-01
3.455966114997863770e-01
3.081579804420471191e-01
1.694130003452301025e-01
-2.147420495748519897e-01
1.775975078344345093e-01
1.247016340494155884e-01
1.923597157001495361e-01
-2.826572656631469727e-01
2.367258071899414062e-01
1.967341303825378418e-01
-2.495997995138168335e-01
-1.055746059864759445e-02
2.153069227933883667e-01
4.786315262317657471e-01
8.322547376155853271e-02
-3.984094858169555664e-01
1.478202342987060547e-01
2.099978625774383545e-01
-1.490488797426223755e-01
2.098052650690078735e-01
2.338692545890808105e-01
