-8.372168987989425659e-02
3.934260606765747070e-01
-2.903317809104919434e-01
-1.891456842422485352e-01
-1.395562291145324707e-01
-1.746467649936676025e-01
2.937339842319488525e-01
-5.125644430518150330e-02
1.224606335163116455e-01
1.121501848101615906e-01
5.314490795135498047e-01
-4.102000594139099121e-01
-1.207009255886077881e-01
-8.388271182775497437e-02
-1.883734464645385742e-01
-3.380205631256103516e-01
3.960303962230682373e-01
3.967323899269104004e-01
-8.508810400962829590e-02
2.814124226570129395e-01
4.026678800582885742e-01
-8.869392424821853638e-02
-2.601529061794281006e-01
2.994243800640106201e-02
6.972754746675491333e-02
1.640544533729553223e-01
-1.061952933669090271e-01
-1.799665093421936035e-01
2.540728449821472168e-01
5.510824173688888550e-02
2.412922084331512451e-01
1.124958992004394531e-01
2.364584952592849731e-01
1.101451963186264038e-01
4.755080118775367737e-02
1.035304814577102661e-01
3.254612535238265991e-02
-1.071368157863616943e-01
2.753621935844421387e-01
1.712512522935867310e-01
-1.495615392923355103e-01
-4.598901420831680298e-02
-1.015781164169311523e-01
-1.418075114488601685e-01
2.005926221609115601e-01
-3.651222884654998779e-01
3.911902755498886108e-02
2.125360369682312012e-01
1.299645304679870605e-01
-2.278181612491607666e-01
-4.639778137207031250e-01
-1.430619806051254272e-01
7.037736475467681885e-02
-1.896248757839202881e-01
1.194739192724227905e-01
-3.346692919731140137e-01
1.002463027834892273e-01
2.829023003578186035e-01
-2.483997792005538940e-01
-1.427262723445892334e-01
1.926718056201934814e-01
1.897114068269729614e-01
-4.956226348876953125e-01
1.531311124563217163e-01
9.677618741989135742e-02
1.316384673118591309e-01
-2.642301321029663086e-01
-3.445981144905090332e-01
3.773878514766693115e-02
-3.190995752811431885e-02
4.223313331604003906e-01
-2.621687054634094238e-01
-1.798923127353191376e-03
-2.357970178127288818e-01
1.505753397941589355e-01
6.250223144888877869e-03
1.979795470833778381e-02
3.876144886016845703e-01
-1.780777275562286377e-01
-3.868226408958435059e-01
4.454390108585357666e-01
8.029463887214660645e-02
-1.445754170417785645e-01
2.715782523155212402e-01
-1.008759066462516785e-01
1.122164577245712280e-01
7.482204586267471313e-03
1.305527240037918091e-01
5.573370456695556641e-01
-3.726916313171386719e-01
2.816866636276245117e-01
2.195865064859390259e-01
1.441848874092102051e-01
-8.866511285305023193e-02
5.296115875244140625e-01
7.940731197595596313e-02
-1.476458162069320679e-01
-4.583282768726348877e-02
2.257540076971054077e-01
2.171533703804016113e-01
-1.920731365680694580e-01
-5.399823561310768127e-02
-1.087552532553672791e-01
4.322750866413116455e-01
-1.624612659215927124e-01
-1.693285256624221802e-01
2.243783473968505859e-01
-1.803339570760726929e-01
1.994322240352630615e-01
2.777978777885437012e-01
-1.119497790932655334e-01
-1.687636673450469971e-01
-4.651747941970825195e-01
-1.503181308507919312e-01
1.820567101240158081e-01
-1.155167073011398315e-01
3.010770976543426514e-01
-3.162067532539367676e-01
3.203610330820083618e-02
-2.326745167374610901e-02
-1.117219924926757812e-01
1.355150341987609863e-02
-2.415497004985809326e-01
-6.355158239603042603e-02
2.515327036380767822e-01
1.576401293277740479e-01
8.631232380867004395e-02
1.481235325336456299e-01
-4.237953126430511475e-01
-2.302978187799453735e-02
9.688594937324523926e-02
4.357375577092170715e-02
-3.038124367594718933e-02
-1.036385819315910339e-01
-9.666448831558227539e-02
8.220726251602172852e-02
2.691784501075744629e-01
-4.451863169670104980e-01
-1.092139407992362976e-01
-1.065608561038970947e-01
-2.729925215244293213e-01
-6.446676328778266907e-03
2.235527485609054565e-01
9.366978704929351807e-02
2.718821167945861816e-01
-2.708059549331665039e-01
3.143969774246215820e-01
6.454318016767501831e-02
2.313417196273803711e-01
-1.525448858737945557e-01
-2.438388019800186157e-02
-3.193315267562866211e-01
4.059716761112213135e-01
8.435548841953277588e-02
2.256117016077041626e-01
-2.056810408830642700e-01
-1.484677344560623169e-01
1.400959044694900513e-01
5.714511871337890625e-01
-7.316337525844573975e-02
-1.051748767495155334e-01
8.243900537490844727e-02
-1.124629937112331390e-02
3.073573112487792969e-01
3.294310867786407471e-01
4.271660000085830688e-02
-3.541928827762603760e-01
-2.580263018608093262e-01
-1.335719376802444458e-01
3.671511113643646240e-01
5.663316696882247925e-02
-1.824335753917694092e-02
2.915276288986206055e-01
1.664015948772430420e-01
1.816917359828948975e-01
-1.176900938153266907e-01
6.416690349578857422e-02
1.414434462785720825e-01
-7.029662281274795532e-02
1.844518929719924927e-01
-3.926492333412170410e-01
-6.323259323835372925e-02
-1.597697436809539795e-01
-1.726646348834037781e-02
-8.727488666772842407e-02
4.551764428615570068e-01
-7.138841599225997925e-02
8.212157338857650757e-02
-1.478881239891052246e-01
-6.120786815881729126e-02
-4.354478120803833008e-01
9.828652441501617432e-02
-4.136601462960243225e-02
-2.628770284354686737e-02
-4.392675310373306274e-02
1.256858855485916138e-01
5.247057676315307617e-01
-3.601016104221343994e-02
-1.981960535049438477e-01
-2.077635750174522400e-02
-2.566211819648742676e-01
3.510037958621978760e-01
-2.478934973478317261e-01
-2.102682292461395264e-01
1.511717736721038818e-01
2.176050692796707153e-01
8.253812044858932495e-02
1.071375459432601929e-01
4.972303658723831177e-02
1.320137977600097656e-01
-3.645451366901397705e-02
-5.384195595979690552e-02
-1.298158466815948486e-01
8.410805836319923401e-03
2.255707979202270508e-01
2.662566304206848145e-01
1.075750738382339478e-01
2.785820960998535156e-01
-1.045407801866531372e-01
2.384754270315170288e-01
-1.050993427634239197e-01
-1.533131003379821777e-01
2.288854122161865234e-01
-1.788087338209152222e-01
5.923586338758468628e-02
-2.252670526504516602e-01
-4.298114776611328125e-01
1.259177029132843018e-01
-1.926595568656921387e-01
-1.790558993816375732e-01
-3.600503206253051758e-01
-1.149784997105598450e-01
3.551324307918548584e-01
4.231950640678405762e-02
-7.490138709545135498e-02
-1.179708093404769897e-01
3.488326668739318848e-01
1.073831021785736084e-01
-2.092346549034118652e-01
3.856941163539886475e-01
-1.790223419666290283e-01
1.584582030773162842e-01
-1.654926836490631104e-01
2.257698774337768555e-01
-1.293115913867950439e-01
2.573696970939636230e-01
1.247175261378288269e-01
-1.641824841499328613e-01
-3.793703317642211914e-01
-1.931725069880485535e-02
-6.087255850434303284e-02
-2.850907482206821442e-02
-1.260401606559753418e-01
-3.188181519508361816e-01
-1.691685914993286133e-01
2.096873894333839417e-02
-3.438883423805236816e-01
-2.272386252880096436e-01
-4.460875689983367920e-01
1.138516664505004883e-01
1.325682699680328369e-01
-5.002383142709732056e-03
-3.312349915504455566e-01
4.042409062385559082e-01
3.231795132160186768e-01
2.908968329429626465e-01
-3.762072920799255371e-01
3.348864912986755371e-01
-2.221934795379638672e-01
-1.554510593414306641e-01
3.990563377737998962e-02
-6.163003444671630859e-01
-1.833029687404632568e-01
-3.761552870273590088e-01
5.648867785930633545e-02
-3.842777609825134277e-01
2.118273973464965820e-01
-2.151472270488739014e-01
3.014290928840637207e-01
1.604019403457641602e-01
1.446740925312042236e-01
-2.701057791709899902e-01
-4.031953811645507812e-01
7.490268349647521973e-02
2.321572750806808472e-01
6.705965846776962280e-02
-3.140486478805541992e-01
2.720413208007812500e-01
-2.090249210596084595e-01
2.522822096943855286e-02
-2.152344584465026855e-01
2.786793112754821777e-01
3.434164822101593018e-01
-1.215517371892929077e-01
-8.771985024213790894e-02
-4.506835043430328369e-01
-7.448054105043411255e-02
-7.128521800041198730e-02
-3.392276763916015625e-01
-3.128738999366760254e-01
7.839828729629516602e-02
-9.462682157754898071e-02
2.423939853906631470e-01
-8.497135341167449951e-02
-5.117121934890747070e-01
-3.843889236450195312e-01
2.954074554145336151e-02
-2.015575468540191650e-01
3.416108489036560059e-01
-9.415802359580993652e-02
-1.618305966258049011e-02
-1.947696357965469360e-01
8.984069526195526123e-02
2.407014071941375732e-01
-3.980417549610137939e-02
3.283874988555908203e-01
7.845219969749450684e-02
-2.212107181549072266e-01
1.362094283103942871e-01
3.126698732376098633e-01
5.559978634119033813e-02
-1.024726033210754395e-01
-2.105788588523864746e-01
6.967044621706008911e-02
2.461094856262207031e-01
-4.755461812019348145e-01
-1.971749067306518555e-01
-1.318088173866271973e-01
-1.192098930478096008e-01
2.057422250509262085e-01
-3.726380169391632080e-01
-9.504015743732452393e-02
-2.096528708934783936e-01
-1.464958786964416504e-01
9.320758283138275146e-02
1.590651571750640869e-01
7.829627394676208496e-02
1.779675483703613281e-01
-2.713199555873870850e-01
-5.680030956864356995e-02
8.453245460987091064e-02
-6.482015550136566162e-02
6.537667661905288696e-02
-2.635890841484069824e-01
-2.385525107383728027e-01
-7.663197815418243408e-02
-1.873241066932678223e-01
1.964354813098907471e-01
3.670774400234222412e-02
-1.067844033241271973e-01
-4.966690391302108765e-02
4.875271022319793701e-01
-1.789502501487731934e-01
-4.554065465927124023e-01
-1.511970162391662598e-01
2.823151946067810059e-01
2.026517689228057861e-01
-1.670486181974411011e-01
-3.214931488037109375e-02
1.792300343513488770e-01
2.754381299018859863e-01
-6.534888595342636108e-02
4.301818460226058960e-02
1.258819103240966797e-01
3.337308764457702637e-01
1.148702800273895264e-01
8.676461875438690186e-02
-4.832502454519271851e-03
3.012934327125549316e-01
-1.564795076847076416e-01
-2.991656661033630371e-01
5.556406080722808838e-02
2.603548169136047363e-01
-9.298000484704971313e-02
2.960952930152416229e-03
-4.188059642910957336e-02
3.524410426616668701e-01
8.326120674610137939e-02
-1.051397845149040222e-01
1.676534414291381836e-01
1.262255311012268066e-01
-4.709976539015769958e-02
3.006728738546371460e-02
2.375991791486740112e-01
