-8.328981697559356689e-02
2.150307148694992065e-01
-2.136651575565338135e-01
-3.467275500297546387e-01
-4.375242590904235840e-01
-9.966591000556945801e-02
1.098430305719375610e-01
5.333723500370979309e-02
1.095452234148979187e-01
4.102433025836944580e-01
4.437060654163360596e-01
-4.524966478347778320e-01
8.015812374651432037e-03
2.171798646450042725e-01
1.822901368141174316e-01
-1.681300848722457886e-01
1.189520061016082764e-01
3.166401088237762451e-01
-1.019305363297462463e-02
1.598140895366668701e-01
5.355126261711120605e-01
-8.138640969991683960e-02
1.127017065882682800e-01
-1.947361230850219727e-01
-8.641485124826431274e-02
-4.739056900143623352e-02
-1.275774091482162476e-01
-2.849564254283905029e-01
1.104591041803359985e-01
2.459639310836791992e-01
8.296864479780197144e-02
8.235875517129898071e-03
3.895966708660125732e-01
9.426870197057723999e-02
-3.576847910881042480e-02
9.301252663135528564e-02
-2.180366404354572296e-02
-2.904658317565917969e-01
4.893794655799865723e-03
1.407983750104904175e-01
-1.134256869554519653e-01
-4.192939400672912598e-01
-2.039021104574203491e-01
4.019267857074737549e-02
-1.479982882738113403e-01
8.859660476446151733e-03
-2.440830133855342865e-02
1.669365912675857544e-01
-7.074560970067977905e-02
1.325873732566833496e-01
-3.297509551048278809e-01
-1.174257546663284302e-01
-2.700829207897186279e-01
1.740506589412689209e-01
1.606401205062866211e-01
-2.167231142520904541e-01
1.435737460851669312e-01
1.723132431507110596e-01
-1.294001638889312744e-01
-7.947769947350025177e-03
-2.209137529134750366e-01
1.336200088262557983e-01
-4.655908644199371338e-01
1.623509973287582397e-01
6.991057097911834717e-02
3.554340898990631104e-01
-2.571647763252258301e-01
-1.468553543090820312e-01
8.089391142129898071e-02
-2.349538803100585938e-01
2.032423317432403564e-01
-1.009016185998916626e-01
-5.560667067766189575e-02
1.519988477230072021e-01
1.542956233024597168e-01
-4.379316419363021851e-02
-2.391059696674346924e-01
2.089108526706695557e-01
-1.330239176750183105e-01
-2.730970978736877441e-01
2.806500792503356934e-01
1.536133885383605957e-01
-2.317590266466140747e-02
1.608273535966873169e-01
1.121153980493545532e-01
-1.778649166226387024e-02
6.369525194168090820e-02
2.688146233558654785e-01
1.235900446772575378e-01
-1.952449232339859009e-01
2.870880067348480225e-03
2.656457424163818359e-01
1.937523037195205688e-01
1.820685714483261108e-02
3.371829390525817871e-01
1.711362749338150024e-01
-4.436430335044860840e-01
-2.588413953781127930e-01
4.920410364866256714e-02
9.016780555248260498e-02
-3.409765362739562988e-01
-5.649532005190849304e-02
-1.167564094066619873e-01
5.561970472335815430e-01
-3.913856148719787598e-01
-2.863240838050842285e-01
5.556818842887878418e-02
-1.922069117426872253e-02
-9.971439838409423828e-02
1.091728359460830688e-01
-3.798378109931945801e-01
-4.900334775447845459e-02
-4.337237775325775146e-01
-1.839101910591125488e-01
1.105579882860183716e-01
1.375718265771865845e-01
2.581344842910766602e-01
-1.195794790983200073e-01
3.662090003490447998e-01
-2.226121723651885986e-01
6.294938921928405762e-02
-1.770127713680267334e-01
5.536876246333122253e-02
5.010176450014114380e-02
1.148093119263648987e-01
-3.763428330421447754e-01
9.188791736960411072e-03
1.997020244598388672e-01
-3.764486312866210938e-01
7.308664917945861816e-02
3.885738849639892578e-01
3.010219931602478027e-01
-1.882039457559585571e-01
2.062288224697113037e-01
-1.887550055980682373e-01
-3.751106858253479004e-01
3.371057510375976562e-01
-4.793800711631774902e-01
-1.757236421108245850e-01
2.796327695250511169e-02
5.561029538512229919e-02
4.044795781373977661e-02
1.973566263914108276e-01
6.452699005603790283e-02
2.125926315784454346e-01
3.899709135293960571e-02
1.843104809522628784e-01
3.142426609992980957e-01
4.323460161685943604e-03
1.383175253868103027e-01
4.640268385410308838e-01
-1.052788794040679932e-01
9.073639661073684692e-02
2.304523587226867676e-01
2.381981611251831055e-01
-1.637075543403625488e-01
-1.235529482364654541e-01
7.083953917026519775e-02
3.844560384750366211e-01
-3.536044061183929443e-01
-4.818163067102432251e-02
-2.018827944993972778e-04
4.070478379726409912e-01
1.059726625680923462e-01
2.416190505027770996e-01
-1.065979897975921631e-01
-4.234098792076110840e-01
7.785036414861679077e-02
-1.140532791614532471e-01
1.613227576017379761e-01
2.063013166189193726e-01
1.990344822406768799e-01
5.479916185140609741e-02
1.508262008428573608e-01
1.727083772420883179e-01
-1.509633660316467285e-01
1.607510745525360107e-01
2.938899397850036621e-01
-1.295428276062011719e-01
2.577580213546752930e-01
-2.556663751602172852e-01
-7.166254520416259766e-02
6.968101114034652710e-02
-6.221400201320648193e-02
-6.336011923849582672e-03
1.606014370918273926e-01
-3.528586328029632568e-01
-1.052631810307502747e-01
9.222993254661560059e-02
4.378649219870567322e-02
-9.316086769104003906e-02
-6.003547459840774536e-02
-4.712129384279251099e-02
-9.729500114917755127e-02
-1.106746792793273926e-01
-1.477499157190322876e-01
4.631660580635070801e-01
-1.949834823608398438e-01
-2.324818968772888184e-01
3.822644054889678955e-02
-3.704298436641693115e-01
-5.306069180369377136e-02
5.675617605447769165e-02
-1.235518231987953186e-01
2.329826802015304565e-01
5.403363145887851715e-03
-1.421319246292114258e-01
-4.357136413455009460e-02
3.195780515670776367e-01
-7.815500721335411072e-03
-1.364838480949401855e-01
-2.719969749450683594e-01
-1.667391955852508545e-01
3.376003354787826538e-02
7.853493094444274902e-03
1.770124435424804688e-01
2.933291792869567871e-01
5.739859342575073242e-01
-2.433480918407440186e-01
2.919566929340362549e-01
-3.545585274696350098e-01
-2.518505454063415527e-01
3.047255277633666992e-01
-9.232410788536071777e-02
3.600436076521873474e-02
2.488431334495544434e-02
-5.860456824302673340e-01
3.328353166580200195e-01
-3.676949813961982727e-02
5.716153606772422791e-02
-1.830815672874450684e-01
3.966734930872917175e-02
-1.063032150268554688e-01
1.013699844479560852e-01
-8.893372118473052979e-02
-3.842687010765075684e-01
4.120471477508544922e-01
-9.810522198677062988e-03
-6.794440746307373047e-02
3.731558918952941895e-01
-8.345158398151397705e-02
-8.632872253656387329e-02
-2.192571610212326050e-01
2.168761491775512695e-01
-4.513629078865051270e-01
1.425313353538513184e-01
-1.271456778049468994e-01
-2.406546846032142639e-02
-4.238166511058807373e-01
1.089664697647094727e-01
-1.140230745077133179e-01
5.503341555595397949e-02
6.622571498155593872e-02
-4.201104119420051575e-02
-6.797238439321517944e-02
-1.841607391834259033e-01
-5.124633908271789551e-01
-2.729331552982330322e-01
7.254626136273145676e-03
4.491608440876007080e-01
3.936243355274200439e-01
4.994285106658935547e-02
-2.363595962524414062e-01
3.151096999645233154e-01
4.331195950508117676e-01
2.102979123592376709e-01
-1.282875239849090576e-01
-3.704604506492614746e-01
-1.881819367408752441e-01
-2.442890107631683350e-01
-4.146370589733123779e-01
-3.870794475078582764e-01
-4.337220191955566406e-01
1.840702071785926819e-02
1.461106389760971069e-01
-2.346427440643310547e-01
1.820385307073593140e-01
-7.496262788772583008e-01
4.970319569110870361e-01
-5.382465198636054993e-03
-6.272744387388229370e-02
-2.588166594505310059e-01
-2.587347626686096191e-01
5.273238420486450195e-01
1.463755667209625244e-01
-6.983627378940582275e-02
3.321464732289314270e-02
3.602034226059913635e-02
-1.561281830072402954e-01
4.845716059207916260e-02
-3.998728096485137939e-02
1.758611649274826050e-01
4.347411543130874634e-02
2.692442536354064941e-01
-3.108196705579757690e-02
-2.818181514739990234e-01
-1.381736248731613159e-01
-4.969868659973144531e-01
-3.022654652595520020e-01
-2.968278527259826660e-01
2.034637331962585449e-02
-8.446428179740905762e-02
6.080229952931404114e-02
1.204237341880798340e-03
5.099892616271972656e-03
-2.208857238292694092e-01
1.534358859062194824e-01
-1.480575054883956909e-01
1.191796809434890747e-01
2.239564955234527588e-01
-4.078004136681556702e-02
-2.750967442989349365e-02
-8.811648190021514893e-02
2.017998844385147095e-01
3.164286538958549500e-02
1.885527670383453369e-01
-1.899703443050384521e-01
1.041339337825775146e-01
7.023096084594726562e-02
4.135666191577911377e-01
-1.588409841060638428e-01
-6.332029402256011963e-02
-3.163273334503173828e-01
8.924116939306259155e-02
5.671980977058410645e-02
-1.415811628103256226e-01
-2.080283761024475098e-01
-2.486888617277145386e-01
7.028116285800933838e-02
1.228549778461456299e-01
-2.894687950611114502e-01
6.015605106949806213e-02
3.689207136631011963e-02
-1.542254090309143066e-01
1.714476346969604492e-01
8.465114235877990723e-02
2.762234210968017578e-01
5.318017303943634033e-02
-8.401080965995788574e-02
9.817586839199066162e-02
4.698181152343750000e-01
7.874563336372375488e-02
-1.866313964128494263e-01
-1.536275744438171387e-01
-1.696985960006713867e-01
-3.549944236874580383e-02
2.477426230907440186e-01
2.688725590705871582e-01
-2.707801759243011475e-03
4.795913025736808777e-02
-7.106080651283264160e-02
5.100731253623962402e-01
-3.143067359924316406e-01
-5.220345258712768555e-01
-2.884323000907897949e-01
9.196749329566955566e-02
6.799289025366306305e-03
-2.559373974800109863e-01
3.335595875978469849e-02
1.381611973047256470e-01
2.933611273765563965e-01
1.264077574014663696e-01
-1.356151401996612549e-01
2.249245941638946533e-01
2.374459803104400635e-01
2.570429444313049316e-01
1.708466559648513794e-03
-1.617425680160522461e-01
6.519689410924911499e-02
2.879977598786354065e-02
-4.696262180805206299e-01
1.254524290561676025e-01
4.760802537202835083e-02
-2.582180202007293701e-01
7.561336457729339600e-02
1.036489307880401611e-01
4.904646277427673340e-01
3.190218284726142883e-02
-7.362428307533264160e-02
4.285390973091125488e-01
9.968783706426620483e-03
-3.616758584976196289e-01
-1.360180974006652832e-01
2.530494034290313721e-01
