-2.124073058366775513e-01
2.506836056709289551e-01
-1.503567099571228027e-01
-1.186284571886062622e-01
-1.277483999729156494e-01
-9.425744414329528809e-03
2.712203860282897949e-01
-7.205619011074304581e-03
1.752250194549560547e-01
1.760983169078826904e-01
2.916751205921173096e-01
-2.315849661827087402e-01
-1.424840092658996582e-01
1.409083455801010132e-01
-1.236859858036041260e-01
-5.077706649899482727e-02
-1.145759373903274536e-01
3.183104991912841797e-01
-5.444759875535964966e-02
2.143888324499130249e-01
3.535000085830688477e-01
6.348486058413982391e-03
-3.638466447591781616e-02
2.071535773575305939e-02
-3.629722446203231812e-02
-5.374437570571899414e-02
-1.858508288860321045e-01
-4.500424861907958984e-01
1.265821903944015503e-01
1.136505603790283203e-02
-3.358987718820571899e-02
-4.524759203195571899e-02
3.193902969360351562e-02
5.037651583552360535e-02
2.658295929431915283e-01
-1.117920652031898499e-01
-1.516873836517333984e-01
-8.744338527321815491e-03
2.015445232391357422e-01
1.492432355880737305e-01
-2.471220865845680237e-02
-1.435127705335617065e-01
-2.085926383733749390e-01
-2.023597806692123413e-01
-1.787070184946060181e-02
-1.479129642248153687e-01
1.165148019790649414e-01
1.056543588638305664e-01
-1.443958748131990433e-02
7.414117455482482910e-02
-4.090906977653503418e-01
-2.063442766666412354e-02
-1.111086905002593994e-01
-3.508434891700744629e-01
4.805397242307662964e-02
-4.473845362663269043e-01
2.408986352384090424e-02
2.535110712051391602e-01
-2.172819525003433228e-01
2.730396017432212830e-02
2.770268321037292480e-01
1.127564162015914917e-02
-3.314176201820373535e-01
2.823368087410926819e-02
3.464678525924682617e-01
-8.315380662679672241e-03
-9.368990361690521240e-02
-1.629321277141571045e-01
1.716603636741638184e-01
-5.062345415353775024e-02
4.641380906105041504e-01
-3.048231005668640137e-01
-1.934563517570495605e-01
5.425995960831642151e-02
-2.005185186862945557e-02
-1.081615090370178223e-01
7.608604617416858673e-03
2.135268449783325195e-01
-9.246663004159927368e-02
-2.151613533496856689e-01
2.022837698459625244e-01
4.502545893192291260e-01
-6.862535327672958374e-02
1.399631053209304810e-01
-8.086998015642166138e-03
3.154529035091400146e-01
1.285533607006072998e-01
2.151109725236892700e-01
3.714827001094818115e-01
-2.135465443134307861e-01
1.923131346702575684e-01
-6.119056791067123413e-02
7.108525931835174561e-02
-2.342441380023956299e-01
5.750048160552978516e-01
-6.918250024318695068e-02
-4.505404084920883179e-02
6.381274014711380005e-02
-2.312127500772476196e-01
1.539409160614013672e-01
-7.310400158166885376e-02
-1.095832362771034241e-01
-2.380865365266799927e-01
3.246265053749084473e-01
-2.768802642822265625e-01
7.827815413475036621e-02
4.814629256725311279e-02
-2.294968068599700928e-01
-1.897552460432052612e-01
1.988351792097091675e-01
-6.438098102807998657e-02
-5.732705816626548767e-02
-2.409124672412872314e-01
-8.299148827791213989e-02
1.634140685200691223e-02
-4.056695476174354553e-02
1.448971182107925415e-01
-1.008671000599861145e-01
8.091257512569427490e-02
1.630912721157073975e-02
-2.037669159471988678e-02
-3.876197040081024170e-01
-8.933614939451217651e-02
1.583304703235626221e-01
2.728558182716369629e-01
-3.845097869634628296e-02
1.946230381727218628e-01
7.713706791400909424e-02
-5.043176561594009399e-02
-2.605578303337097168e-02
1.736490279436111450e-01
2.255809679627418518e-02
6.675597280263900757e-02
4.859815165400505066e-02
-1.667954623699188232e-01
-1.538759171962738037e-01
1.291995346546173096e-01
-4.189154207706451416e-01
-4.351175129413604736e-01
-3.371947407722473145e-01
-2.127123326063156128e-01
4.433150589466094971e-02
8.066942915320396423e-03
2.621432580053806305e-02
2.745612561702728271e-01
-3.685782104730606079e-02
4.488845169544219971e-02
-1.529346406459808350e-01
6.075574457645416260e-02
1.486154645681381226e-01
1.629611253738403320e-01
-1.456924974918365479e-01
7.605569809675216675e-02
1.424258947372436523e-01
1.085705589503049850e-02
-3.478994593024253845e-02
-1.360221207141876221e-02
1.309222280979156494e-01
3.370403945446014404e-01
-6.387413293123245239e-02
2.383672818541526794e-02
3.346435427665710449e-01
1.454060375690460205e-01
4.990828633308410645e-01
1.599853634834289551e-01
5.345188826322555542e-02
-4.846949577331542969e-01
-1.720101535320281982e-01
7.597308605909347534e-02
2.546120882034301758e-01
4.123404622077941895e-03
6.976729631423950195e-02
2.102324962615966797e-01
-1.490601003170013428e-01
2.718482539057731628e-02
-1.334367394447326660e-01
1.179862581193447113e-02
-7.710261270403862000e-03
2.313402295112609863e-02
2.976022958755493164e-01
-3.239751458168029785e-01
-4.675564542412757874e-02
1.174490004777908325e-01
-1.828686594963073730e-01
-9.356562048196792603e-02
1.777653396129608154e-01
-1.338222026824951172e-01
-8.388424292206764221e-03
8.351563662290573120e-02
-7.718458771705627441e-02
2.554622013121843338e-03
-1.634430885314941406e-02
1.243475526571273804e-01
-4.964687675237655640e-02
-2.328803241252899170e-01
1.629468798637390137e-01
4.296917319297790527e-01
-2.919033467769622803e-01
6.316534429788589478e-02
7.983291149139404297e-02
-1.797861158847808838e-01
1.937740445137023926e-01
5.325672030448913574e-02
-1.429694518446922302e-02
1.672075986862182617e-01
1.418426632881164551e-01
1.539928168058395386e-01
-8.798104524612426758e-02
9.069859236478805542e-02
2.276045978069305420e-01
1.460558734834194183e-02
-7.355722784996032715e-02
-1.138127446174621582e-01
-1.199210062623023987e-01
5.064456164836883545e-02
6.727240979671478271e-02
1.008809283375740051e-01
2.055739462375640869e-01
-1.636718958616256714e-02
9.773243963718414307e-02
-1.486000418663024902e-01
-1.957180052995681763e-01
-3.361267223954200745e-02
-1.558461189270019531e-01
1.944350898265838623e-01
-1.754286885261535645e-01
-2.400684356689453125e-01
1.334094442427158356e-02
-3.874621093273162842e-01
-9.497721493244171143e-02
-1.905408501625061035e-01
3.711394965648651123e-02
1.430600881576538086e-01
1.748731583356857300e-01
9.569992125034332275e-02
-4.253086745738983154e-01
4.447992444038391113e-01
4.238762706518173218e-02
7.294967025518417358e-02
1.231597065925598145e-01
-6.878848373889923096e-02
2.327181547880172729e-01
-1.300582736730575562e-01
2.888723276555538177e-02
-3.153342902660369873e-01
-8.789329230785369873e-02
1.183210462331771851e-01
7.576520740985870361e-02
-3.521184325218200684e-01
6.796696782112121582e-02
9.645073115825653076e-02
1.402811892330646515e-02
-2.058598399162292480e-01
-1.512556374073028564e-01
1.285112090408802032e-02
6.395724415779113770e-02
-4.603508412837982178e-01
-3.516214489936828613e-01
-1.352018713951110840e-01
1.273087114095687866e-01
2.630388736724853516e-01
1.167793720960617065e-01
-1.053387746214866638e-01
9.681865572929382324e-02
3.945955038070678711e-01
2.903940081596374512e-01
-6.182100251317024231e-02
2.012265473604202271e-01
-6.602830253541469574e-03
-2.371206879615783691e-01
1.440130919218063354e-02
-3.307339549064636230e-01
-1.463630348443984985e-01
-3.142579197883605957e-01
2.759342193603515625e-01
-2.068710029125213623e-01
2.498950213193893433e-01
-5.830036997795104980e-01
2.330303192138671875e-01
3.719328716397285461e-02
-7.944395765662193298e-03
-1.695913523435592651e-01
-1.981083154678344727e-01
1.959353685379028320e-01
1.278273612260818481e-01
-1.897465884685516357e-01
-1.727826297283172607e-01
-1.711055636405944824e-01
6.598383933305740356e-02
1.142032444477081299e-01
-3.040122985839843750e-01
3.557083606719970703e-01
2.470378279685974121e-01
-1.939668506383895874e-01
2.960624694824218750e-01
-3.546866774559020996e-01
-2.558043003082275391e-01
-9.018421173095703125e-02
-2.269848138093948364e-01
-4.327218234539031982e-01
-1.930777579545974731e-01
-2.363158389925956726e-02
2.911604642868041992e-01
-1.094966232776641846e-01
-2.644519805908203125e-01
-5.403863787651062012e-01
8.154469728469848633e-02
8.713175356388092041e-02
3.356094360351562500e-01
-2.283441647887229919e-02
6.630340963602066040e-02
-1.308194994926452637e-01
7.259855419397354126e-02
4.859504103660583496e-01
3.591956198215484619e-02
1.254993826150894165e-01
-1.978203058242797852e-01
2.296482026576995850e-01
3.182483315467834473e-01
1.498261094093322754e-01
4.479073286056518555e-01
-2.862252593040466309e-01
-2.961328625679016113e-01
2.246513515710830688e-01
1.436223387718200684e-01
-2.347501218318939209e-01
-3.364054262638092041e-01
-1.859904229640960693e-01
8.972898125648498535e-03
2.438946366310119629e-01
-2.678564786911010742e-01
2.163389623165130615e-01
-3.376368433237075806e-02
-7.992398738861083984e-02
9.916462004184722900e-02
2.390454709529876709e-01
-4.473135620355606079e-02
6.685851141810417175e-03
-1.854675114154815674e-01
-1.268299520015716553e-01
1.173608005046844482e-01
7.353582233190536499e-02
1.950984597206115723e-01
-1.884576678276062012e-01
-2.846984565258026123e-01
-2.649363875389099121e-01
6.857414543628692627e-02
2.698427140712738037e-01
-3.053224831819534302e-02
7.627706229686737061e-02
2.224916592240333557e-02
3.912616372108459473e-01
-4.307982325553894043e-02
-2.400241196155548096e-01
-1.384078860282897949e-01
5.975569412112236023e-02
1.003590151667594910e-01
-2.172746807336807251e-01
8.294190466403961182e-02
4.030663520097732544e-02
1.861564517021179199e-01
1.998944580554962158e-01
-1.366065740585327148e-01
8.719384670257568359e-02
3.824950158596038818e-01
-1.748752295970916748e-01
6.775137968361377716e-03
5.075169354677200317e-02
1.037916913628578186e-01
-1.001112759113311768e-01
-2.605185806751251221e-01
2.533702254295349121e-01
1.859304904937744141e-01
-9.001797437667846680e-02
-2.029912322759628296e-01
-1.876806616783142090e-01
3.174562156200408936e-01
1.196315214037895203e-01
-1.044323891401290894e-01
1.674235910177230835e-01
1.003699749708175659e-01
-3.562638163566589355e-02
2.005941867828369141e-01
1.392392814159393311e-01
