-5.570173859596252441e-01
3.134764432907104492e-01
-3.320441544055938721e-01
-7.262068986892700195e-02
-1.953194886445999146e-01
-1.584332585334777832e-01
3.459251821041107178e-01
1.259689033031463623e-01
1.644128412008285522e-01
3.960916399955749512e-01
3.222576081752777100e-01
-2.429159432649612427e-01
-2.024443149566650391e-01
5.329456180334091187e-02
-4.359056949615478516e-01
-2.697862684726715088e-03
-8.070980012416839600e-02
1.132685467600822449e-01
-1.521781086921691895e-01
1.534117460250854492e-01
3.674735426902770996e-01
-2.016727477312088013e-01
-1.801877319812774658e-01
-1.109933406114578247e-01
1.145902425050735474e-01
3.120972514152526855e-01
-1.664806753396987915e-01
-1.394166238605976105e-02
1.589273661375045776e-01
1.619947403669357300e-01
-6.271010637283325195e-02
-9.599046409130096436e-02
5.386244058609008789e-01
3.146858811378479004e-01
2.649416923522949219e-01
-6.142345443367958069e-02
-3.201604634523391724e-02
-1.071043312549591064e-02
3.107981383800506592e-01
1.192296072840690613e-01
-1.505917310714721680e-01
-3.487233817577362061e-01
-3.883522152900695801e-01
-1.415452659130096436e-01
1.892730593681335449e-01
3.243713378906250000e-01
-1.627456545829772949e-01
3.272864818572998047e-01
-1.427765488624572754e-01
-1.536672562360763550e-01
-3.527028560638427734e-01
2.080183625221252441e-01
-2.592926621437072754e-01
-3.028264939785003662e-01
4.311704337596893311e-01
-4.000490307807922363e-01
3.465933799743652344e-01
2.020254135131835938e-01
-1.628096029162406921e-02
4.073453694581985474e-02
3.347947895526885986e-01
-1.833380907773971558e-01
-8.482259511947631836e-01
-5.999269336462020874e-02
9.920616447925567627e-02
1.671151444315910339e-02
-2.723423242568969727e-01
8.245772123336791992e-02
-1.471928209066390991e-01
1.872013956308364868e-01
5.869266986846923828e-01
-2.366972118616104126e-01
-3.450518846511840820e-01
-1.473011523485183716e-01
1.934264600276947021e-01
-8.599569648504257202e-02
-3.382135033607482910e-01
5.106500536203384399e-02
-2.671785950660705566e-01
-4.185985326766967773e-01
2.688525915145874023e-01
3.655617237091064453e-01
-5.844847112894058228e-02
2.245977222919464111e-01
5.109649896621704102e-02
2.760226726531982422e-01
2.941139042377471924e-01
2.302116304636001587e-01
4.524601697921752930e-01
2.566205151379108429e-02
5.733416080474853516e-01
-3.637144863605499268e-01
2.915809154510498047e-01
4.178500920534133911e-02
7.007389068603515625e-01
3.513425588607788086e-01
-6.142013520002365112e-02
-4.416379332542419434e-01
2.858082354068756104e-01
-1.336436271667480469e-01
1.813022494316101074e-01
1.186348274350166321e-01
-2.154172062873840332e-01
1.877700537443161011e-01
-2.560345530509948730e-01
-1.853871792554855347e-01
1.821622550487518311e-01
1.860970705747604370e-01
-8.298094570636749268e-02
-1.028382331132888794e-01
-2.589414119720458984e-01
-2.041514664888381958e-01
-3.373941779136657715e-01
-1.517570018768310547e-01
3.540947288274765015e-02
-1.170950904488563538e-01
1.297320984303951263e-02
-1.407127827405929565e-01
1.480882465839385986e-01
-3.666511923074722290e-02
6.131613254547119141e-02
-2.460522018373012543e-02
-1.698624938726425171e-01
-5.934371799230575562e-02
2.710841894149780273e-01
-2.707886397838592529e-01
1.088714674115180969e-01
1.890749782323837280e-01
-1.543380022048950195e-01
-1.185776069760322571e-01
1.857892572879791260e-01
-4.056966677308082581e-02
-1.760038733482360840e-01
-1.927413418889045715e-02
-1.195188015699386597e-01
-2.975657284259796143e-01
4.140686392784118652e-01
-1.296698898077011108e-01
-7.675647735595703125e-02
-2.136755883693695068e-01
-3.924178481101989746e-01
-4.487190395593643188e-02
7.484643906354904175e-02
8.921963721513748169e-02
1.814594306051731110e-02
-5.552227050065994263e-02
-6.771938875317573547e-03
3.301315307617187500e-01
3.300779759883880615e-01
-4.745903611183166504e-02
1.494204103946685791e-01
-3.967253565788269043e-01
-1.064793393015861511e-01
4.520506039261817932e-02
2.702558636665344238e-01
-1.432135999202728271e-01
-2.246140539646148682e-01
3.421323597431182861e-01
5.898023843765258789e-01
-7.374273240566253662e-02
-1.774136126041412354e-01
2.345929145812988281e-01
1.678066104650497437e-01
4.458174109458923340e-01
3.049763143062591553e-01
-7.317079603672027588e-02
-4.488636255264282227e-01
-2.174406349658966064e-01
-1.560770422220230103e-01
4.013970494270324707e-01
6.068561598658561707e-02
5.074553191661834717e-02
-4.208166152238845825e-03
1.022482663393020630e-01
4.539525136351585388e-03
5.419692024588584900e-02
5.347434803843498230e-02
1.708398759365081787e-01
-3.774743974208831787e-01
4.735991656780242920e-01
1.612888276576995850e-01
-3.479593992233276367e-01
1.693998277187347412e-01
-8.269580453634262085e-02
2.383573204278945923e-01
3.222410678863525391e-01
-2.056617848575115204e-02
4.275501519441604614e-02
-2.491049766540527344e-01
3.059725165367126465e-01
-6.011164188385009766e-01
-1.415228843688964844e-02
2.098318934440612793e-02
1.242141053080558777e-01
-2.528126835823059082e-01
-3.866621106863021851e-02
3.075609207153320312e-01
-3.185070157051086426e-01
-7.834530621767044067e-02
-1.743959784507751465e-01
-5.474954843521118164e-01
3.595911562442779541e-01
2.076507806777954102e-01
-2.656075060367584229e-01
1.525191366672515869e-01
2.954195737838745117e-01
-5.231472253799438477e-01
-2.752170562744140625e-01
-6.396587938070297241e-02
2.139992564916610718e-01
4.660655558109283447e-02
-3.253775835037231445e-01
5.270140245556831360e-02
-1.340320706367492676e-01
4.753553308546543121e-03
4.194329977035522461e-01
8.397380262613296509e-02
3.661891520023345947e-01
2.503286600112915039e-01
-1.247677505016326904e-01
-2.984538078308105469e-01
-1.179368793964385986e-01
9.104900807142257690e-02
-2.318365424871444702e-01
-1.959374397993087769e-01
9.668242186307907104e-02
-2.909715175628662109e-01
-3.719098493456840515e-02
-1.454862207174301147e-01
-1.170494407415390015e-01
-2.441524267196655273e-01
-5.944712162017822266e-01
2.466100156307220459e-01
-1.014765799045562744e-01
1.480899453163146973e-01
8.329825103282928467e-02
1.988732218742370605e-01
1.721979081630706787e-01
9.101230651140213013e-02
1.610004007816314697e-01
-4.224587678909301758e-01
-2.810493707656860352e-01
-5.129632353782653809e-02
1.634198576211929321e-01
-1.183323860168457031e-01
-2.274064868688583374e-01
9.181736409664154053e-02
2.294341623783111572e-01
-6.453615427017211914e-02
1.486166864633560181e-01
-5.637716054916381836e-01
6.787240505218505859e-02
1.368334889411926270e-01
-1.284627914428710938e-01
-1.226164028048515320e-02
-6.757225841283798218e-02
-4.660865068435668945e-01
1.531049907207489014e-01
-3.319074213504791260e-01
-1.026603728532791138e-01
4.531323313713073730e-01
7.105240225791931152e-02
-1.281357407569885254e-01
1.824707686901092529e-01
5.459729433059692383e-01
2.646278142929077148e-01
2.409658879041671753e-01
-1.597414016723632812e-01
-6.552777439355850220e-02
-2.421282827854156494e-01
-2.056996226310729980e-01
-5.733572244644165039e-01
-1.978320181369781494e-01
-1.623135507106781006e-01
1.583679318428039551e-01
-1.424469351768493652e-01
3.024396300315856934e-01
-4.445334970951080322e-01
8.999927341938018799e-02
9.984775632619857788e-02
3.495119810104370117e-01
-1.752373576164245605e-01
-2.212758362293243408e-01
3.435579836368560791e-01
2.935371100902557373e-01
2.519354224205017090e-02
1.244253888726234436e-01
2.293941080570220947e-01
-2.246854156255722046e-01
5.195252969861030579e-02
-7.425478100776672363e-02
1.806834936141967773e-01
5.985947251319885254e-01
-3.142546415328979492e-01
-1.537493467330932617e-01
1.267343387007713318e-02
-2.260819226503372192e-01
-6.163994669914245605e-01
-3.613081872463226318e-01
-2.712134718894958496e-01
-1.637727022171020508e-01
2.655210196971893311e-01
1.886877864599227905e-01
-2.304948680102825165e-02
7.823758572340011597e-02
-1.479774117469787598e-01
2.327232062816619873e-01
1.259685605764389038e-01
1.688904911279678345e-01
-4.726228415966033936e-01
1.510649025440216064e-01
-1.208156049251556396e-01
-1.746655404567718506e-01
3.109305500984191895e-01
3.192376345396041870e-02
2.905878424644470215e-01
-1.965193748474121094e-01
3.525959849357604980e-01
2.273975163698196411e-01
2.428592145442962646e-01
4.786404222249984741e-02
-3.117703497409820557e-01
8.074137568473815918e-02
1.669471263885498047e-01
1.629687547683715820e-01
-6.395130753517150879e-01
-3.477823734283447266e-01
-1.723190993070602417e-01
-1.356016248464584351e-01
-3.761332109570503235e-02
7.584065198898315430e-02
3.033448196947574615e-02
-8.206234127283096313e-02
7.400960475206375122e-02
4.312035441398620605e-02
1.357652246952056885e-02
1.217276155948638916e-01
2.418627142906188965e-01
-6.517665833234786987e-02
1.518180668354034424e-01
3.470753431320190430e-01
2.434181049466133118e-02
3.073630481958389282e-02
-3.537920862436294556e-02
-2.109441310167312622e-01
3.013799898326396942e-03
1.732436381280422211e-02
-7.092963904142379761e-02
1.570804566144943237e-01
2.477761954069137573e-01
2.463521957397460938e-01
5.057119131088256836e-01
-1.226413249969482422e-01
-1.676116883754730225e-01
-2.997258901596069336e-01
2.313289977610111237e-02
-1.718261539936065674e-01
-7.325571030378341675e-02
-3.779367208480834961e-01
-6.448380649089813232e-02
8.574257791042327881e-02
1.026179641485214233e-01
-4.187894463539123535e-01
2.691824436187744141e-01
1.904941499233245850e-01
-1.410396993160247803e-01
-1.702335178852081299e-01
-2.025524377822875977e-01
7.283271104097366333e-02
-1.592091321945190430e-01
-1.259632110595703125e-01
2.802691757678985596e-01
1.477354168891906738e-01
-1.850957721471786499e-01
9.452973306179046631e-02
2.377090007066726685e-01
2.598597705364227295e-01
-1.704442203044891357e-01
-2.229430675506591797e-01
4.870483651757240295e-02
-8.097489178180694580e-02
6.935549527406692505e-02
2.765167057514190674e-01
2.815680503845214844e-01
