3.384321182966232300e-02
4.346690177917480469e-01
-5.066277384757995605e-01
-1.379976868629455566e-01
-5.344460010528564453e-01
-2.269652634859085083e-01
4.741077721118927002e-01
-1.092057526111602783e-01
1.298603862524032593e-01
2.141727209091186523e-01
5.107595920562744141e-01
-5.626621246337890625e-01
3.151366114616394043e-01
-1.455326825380325317e-01
-2.574598193168640137e-01
-1.981247365474700928e-01
5.476515740156173706e-02
-1.467632949352264404e-01
-2.172699719667434692e-01
-1.785144954919815063e-02
2.946574091911315918e-01
3.110158722847700119e-03
-1.518335342407226562e-01
1.843281388282775879e-01
-2.033091485500335693e-01
-3.681945800781250000e-02
-3.644814491271972656e-01
1.814725399017333984e-01
1.982333064079284668e-01
3.609527647495269775e-02
1.413219720125198364e-01
2.251525223255157471e-01
-5.501013621687889099e-02
1.906901895999908447e-01
3.575970530509948730e-01
1.252725124359130859e-01
2.384142279624938965e-01
-5.912030115723609924e-02
7.970455102622509003e-03
1.924751102924346924e-01
-2.584267966449260712e-02
-2.276239097118377686e-01
1.161571741104125977e-01
-4.845323413610458374e-02
1.339162141084671021e-01
5.901665985584259033e-02
1.678023301064968109e-02
-7.215524464845657349e-02
-1.013491749763488770e-01
-1.580661088228225708e-01
-3.078908920288085938e-01
8.892877399921417236e-02
-1.549581885337829590e-01
-5.922915935516357422e-01
1.300619244575500488e-01
-1.601998805999755859e-01
2.457548677921295166e-02
2.476676702499389648e-01
-1.000871658325195312e-01
-2.127144783735275269e-01
-1.434591263532638550e-01
2.356674373149871826e-01
-6.637521088123321533e-02
2.099542021751403809e-01
2.361823916435241699e-01
-9.754397906363010406e-03
-4.473733901977539062e-01
-9.095545858144760132e-02
5.178036540746688843e-02
-2.880374342203140259e-02
9.887549281120300293e-02
-1.043209284543991089e-01
-1.771953254938125610e-01
-1.089838668704032898e-01
1.758853495121002197e-01
-2.139558792114257812e-01
-1.351650655269622803e-01
4.382737278938293457e-01
-2.926225662231445312e-01
-3.398692011833190918e-01
3.850546479225158691e-01
1.022408157587051392e-01
-4.011908173561096191e-01
-2.227513194084167480e-01
-6.641354411840438843e-04
1.140907555818557739e-01
2.084298133850097656e-01
-5.595064163208007812e-02
6.615162491798400879e-01
-1.400314271450042725e-01
5.526049137115478516e-01
-1.667594909667968750e-01
-1.884008944034576416e-02
-3.154170811176300049e-01
4.618376493453979492e-01
-1.143244579434394836e-01
-1.725217513740062714e-02
-4.231475293636322021e-01
-8.594189584255218506e-02
-1.169890612363815308e-01
-1.051729768514633179e-01
9.967236220836639404e-02
-1.817722469568252563e-01
1.225998923182487488e-01
-4.015930294990539551e-01
-5.716851353645324707e-02
1.409404575824737549e-01
-5.174361914396286011e-02
-5.121312290430068970e-02
1.531329751014709473e-01
-8.506594598293304443e-02
-4.878171980381011963e-01
-3.753182291984558105e-01
-1.465598940849304199e-01
-5.124862492084503174e-02
1.104132533073425293e-01
2.561991810798645020e-01
-3.700520992279052734e-01
8.313237130641937256e-02
-3.021345138549804688e-01
4.868868738412857056e-02
-8.069017529487609863e-02
-2.604075968265533447e-01
2.384130209684371948e-01
1.483854651451110840e-01
2.276691235601902008e-02
1.432308107614517212e-01
1.410974115133285522e-01
-2.229230403900146484e-01
2.676287665963172913e-02
1.578997075557708740e-01
-1.454798132181167603e-01
1.985213756561279297e-01
1.834923401474952698e-03
-1.120047494769096375e-01
1.496779266744852066e-02
2.770135700702667236e-01
-3.350131511688232422e-01
-3.545513749122619629e-01
5.158247053623199463e-02
2.744140625000000000e-01
-8.160392194986343384e-02
2.000803351402282715e-01
-1.289536505937576294e-01
3.456050530076026917e-02
1.881173998117446899e-02
-7.979064434766769409e-02
6.736727058887481689e-02
4.343951046466827393e-01
-8.825850486755371094e-02
-8.618080615997314453e-02
-4.225127995014190674e-01
8.286371827125549316e-02
1.359809469431638718e-02
-8.874645456671714783e-03
-1.277073621749877930e-01
-1.682118773460388184e-01
8.524958789348602295e-02
1.270552724599838257e-01
7.342948019504547119e-02
-1.486891359090805054e-01
1.035344451665878296e-01
-7.151385396718978882e-02
4.434839189052581787e-01
3.787204623222351074e-01
2.277570962905883789e-01
-1.869394630193710327e-01
6.812117993831634521e-02
9.776823222637176514e-03
1.655517816543579102e-01
1.068721562623977661e-01
2.248254120349884033e-01
5.414868146181106567e-02
-1.354722678661346436e-01
6.060881018638610840e-01
-1.566162854433059692e-01
2.571141421794891357e-01
2.101581692695617676e-01
-1.445713937282562256e-01
2.270710170269012451e-01
-6.491151452064514160e-02
-7.321977615356445312e-02
3.589527904987335205e-01
3.544529676437377930e-01
4.391334205865859985e-02
1.897704303264617920e-01
-1.045566946268081665e-01
-1.766738109290599823e-02
-1.712886095046997070e-01
2.357061952352523804e-02
-2.194976210594177246e-01
-1.902269944548606873e-02
-2.335853278636932373e-01
-7.462754845619201660e-02
-2.608922421932220459e-01
1.306567937135696411e-01
3.769776225090026855e-01
-6.265023350715637207e-02
-2.551155164837837219e-03
3.707964718341827393e-02
-2.408696115016937256e-01
-8.193667232990264893e-02
-7.009312510490417480e-02
-1.481947302818298340e-01
2.158887833356857300e-01
1.550316810607910156e-01
2.285854369401931763e-01
-1.608016788959503174e-01
-3.425508365035057068e-02
6.565026044845581055e-01
-1.059927698224782944e-02
9.488151222467422485e-02
1.582379043102264404e-01
1.588864065706729889e-02
1.306397765874862671e-01
2.416578829288482666e-01
-7.690442353487014771e-02
-5.740404874086380005e-02
-1.658005416393280029e-01
2.158774249255657196e-02
2.383843213319778442e-01
-3.668849766254425049e-01
-7.788994908332824707e-02
-1.337631642818450928e-01
-7.509867846965789795e-02
2.878897190093994141e-01
-5.514560937881469727e-01
1.232996806502342224e-01
-6.952328234910964966e-02
-3.380328714847564697e-01
1.381103396415710449e-01
-2.858977913856506348e-01
3.048788607120513916e-01
2.079327851533889771e-01
-6.845742464065551758e-04
-4.231634736061096191e-01
3.204095959663391113e-01
-6.850400567054748535e-02
1.873533129692077637e-01
-3.387901186943054199e-01
-6.393924951553344727e-01
3.426776826381683350e-01
9.415972232818603516e-02
1.178342998027801514e-01
-1.642010509967803955e-01
2.177624776959419250e-02
3.633340001106262207e-01
2.449573129415512085e-01
-2.854864001274108887e-01
-2.250547334551811218e-02
-7.919634878635406494e-02
2.582706511020660400e-04
-1.893761605024337769e-01
-7.819296419620513916e-02
-2.965877354145050049e-01
-1.641372144222259521e-01
-2.391492724418640137e-01
-3.003847412765026093e-02
-4.009506702423095703e-01
8.154588937759399414e-02
3.272053301334381104e-01
1.688327789306640625e-01
-2.017506659030914307e-01
3.326841592788696289e-01
2.694366574287414551e-01
2.500330209732055664e-01
5.720104090869426727e-03
3.361034989356994629e-01
-2.635874152183532715e-01
1.083654910326004028e-01
2.346349358558654785e-01
-1.792127341032028198e-01
1.440607011318206787e-01
-3.678752779960632324e-01
2.234686315059661865e-01
-4.633874893188476562e-01
8.010495454072952271e-03
-4.560347199440002441e-01
-1.078192796558141708e-02
1.438569277524948120e-01
-1.787643730640411377e-01
-1.342351436614990234e-01
-3.199969232082366943e-01
-7.003939896821975708e-02
4.015680253505706787e-01
-1.370940059423446655e-01
7.239021360874176025e-02
2.667577564716339111e-01
6.160134822130203247e-02
-6.616546213626861572e-02
1.395190656185150146e-01
3.789473772048950195e-01
-2.896861433982849121e-01
-4.012933745980262756e-02
5.663675069808959961e-02
-6.275051832199096680e-01
-1.473026275634765625e-01
-8.127104490995407104e-02
1.165060624480247498e-01
-4.628772139549255371e-01
-1.352947354316711426e-01
-3.411484137177467346e-02
1.375558972358703613e-01
6.175515055656433105e-02
-6.423546075820922852e-01
-1.455356776714324951e-01
-1.775444746017456055e-01
9.475973993539810181e-02
4.547867476940155029e-01
-6.702978909015655518e-02
1.474651694297790527e-01
-3.863534033298492432e-01
3.864135220646858215e-02
4.133691191673278809e-01
-2.252720594406127930e-01
3.939468860626220703e-01
-2.780671119689941406e-01
-3.973572980612516403e-03
-8.688081800937652588e-02
3.432939052581787109e-01
5.236964672803878784e-02
6.773741543292999268e-02
-3.374207615852355957e-01
2.557134926319122314e-01
8.464753627777099609e-02
-2.062488049268722534e-01
-3.906111717224121094e-01
-4.369845092296600342e-01
5.987565591931343079e-02
2.127239108085632324e-01
-3.197934031486511230e-01
2.228113412857055664e-01
-2.044226378202438354e-01
-1.281718164682388306e-01
9.321683645248413086e-02
5.208226442337036133e-01
4.816469922661781311e-02
4.603025317192077637e-02
-3.256208449602127075e-02
-1.343575119972229004e-01
7.804083824157714844e-02
-1.959359496831893921e-01
6.113476306200027466e-02
6.737132370471954346e-02
-2.620820999145507812e-01
1.591174006462097168e-01
-6.613253057003021240e-02
5.710065364837646484e-01
-2.043700665235519409e-01
-1.779676042497158051e-02
2.169634103775024414e-01
1.912161707878112793e-01
4.930640105158090591e-03
4.200134053826332092e-02
-1.150468736886978149e-01
-2.294217236340045929e-02
1.018746495246887207e-01
9.535372257232666016e-02
1.137579381465911865e-01
3.602626323699951172e-01
-1.701824814081192017e-01
2.209637910127639771e-01
-9.414035826921463013e-02
3.436584174633026123e-01
-1.072946041822433472e-01
3.341087996959686279e-01
-5.672838166356086731e-02
3.359534218907356262e-02
-1.562659442424774170e-01
-1.439474523067474365e-03
-1.548815369606018066e-01
2.960368990898132324e-03
-1.193004008382558823e-02
-8.642379194498062134e-02
2.311771512031555176e-01
-1.622157096862792969e-01
2.204223573207855225e-01
-1.227149739861488342e-01
1.533814668655395508e-01
1.725400388240814209e-01
-7.792638987302780151e-02
2.167927287518978119e-02
4.592499509453773499e-02
3.034188747406005859e-01
