-1.124301552772521973e-01
1.104054674506187439e-01
-1.366546005010604858e-01
-2.643863558769226074e-01
-1.284168064594268799e-01
-5.153217166662216187e-02
1.274673342704772949e-01
-9.619340300559997559e-02
8.973354846239089966e-02
2.475970983505249023e-01
4.696978330612182617e-01
-4.058948755264282227e-01
-1.386896967887878418e-01
-1.449365541338920593e-02
-2.867395281791687012e-01
-3.906690329313278198e-02
-1.446210127323865891e-02
3.871272504329681396e-01
1.021846309304237366e-01
8.726268261671066284e-02
3.438696265220642090e-01
9.609737992286682129e-02
-6.888736039400100708e-02
-1.909568905830383301e-02
5.862588435411453247e-02
2.071194536983966827e-02
-2.598567306995391846e-01
-1.408762335777282715e-01
1.716938167810440063e-01
-2.038463652133941650e-01
1.815658509731292725e-01
3.767755627632141113e-02
1.694801747798919678e-01
1.126189529895782471e-01
2.111720293760299683e-01
1.717687249183654785e-01
-6.872461736202239990e-02
-2.029636204242706299e-01
9.377567470073699951e-02
2.935466468334197998e-01
-1.301453076303005219e-02
-2.935050725936889648e-01
-1.315405312925577164e-02
-1.112019494175910950e-01
-9.019031375646591187e-02
-2.050430141389369965e-02
-7.776308804750442505e-02
-6.229335814714431763e-02
-1.797480881214141846e-01
1.406366825103759766e-01
-6.615868210792541504e-02
-1.032039374113082886e-01
4.359092935919761658e-02
-1.219792366027832031e-01
1.678739488124847412e-01
-1.756685972213745117e-01
6.192742288112640381e-02
3.332130908966064453e-01
6.708101369440555573e-03
6.857120245695114136e-02
8.170504122972488403e-02
1.599971950054168701e-01
-3.284373581409454346e-01
6.200655922293663025e-02
2.993248701095581055e-01
-1.819944754242897034e-02
-3.724825382232666016e-01
-1.763513237237930298e-01
9.950342774391174316e-02
-3.752795606851577759e-02
1.447761654853820801e-01
-3.078524768352508545e-02
-1.083386875689029694e-02
-3.416849300265312195e-02
5.623370409011840820e-02
3.973693400621414185e-02
-1.991026103496551514e-01
5.403235554695129395e-01
-9.504558145999908447e-02
-4.328039586544036865e-01
2.183421701192855835e-01
4.042345881462097168e-01
-1.407379508018493652e-01
1.753640919923782349e-01
6.397694814950227737e-03
2.021611332893371582e-01
1.043669357895851135e-01
4.621096700429916382e-02
1.053043603897094727e-01
-1.221117377281188965e-01
2.255609929561614990e-01
1.493189483880996704e-01
1.139586567878723145e-01
-3.482165932655334473e-01
1.753518283367156982e-01
1.562937945127487183e-01
7.192779332399368286e-02
-9.410039335489273071e-02
1.752266436815261841e-01
1.989951133728027344e-01
-1.397028565406799316e-03
6.833701580762863159e-02
-3.566898703575134277e-01
3.776953220367431641e-01
-3.994239270687103271e-01
-1.591789722442626953e-01
5.672938376665115356e-02
7.598033547401428223e-02
-1.540169212967157364e-02
2.380879521369934082e-01
-1.231891438364982605e-01
-1.864086091518402100e-01
-5.474793314933776855e-01
-2.408068478107452393e-01
3.018384333699941635e-03
-1.444728672504425049e-01
2.234546095132827759e-01
-1.424625217914581299e-01
1.986797451972961426e-01
-1.934532076120376587e-01
-4.112097620964050293e-02
-3.339347839355468750e-01
-6.468813121318817139e-02
-3.263965994119644165e-02
1.664079874753952026e-01
-5.768157541751861572e-02
-3.370999917387962341e-02
-5.632783472537994385e-02
-7.622592151165008545e-02
9.792541712522506714e-02
1.495321989059448242e-01
9.359618276357650757e-02
-6.582907587289810181e-02
-2.301909178495407104e-01
-2.061066031455993652e-01
-4.293012991547584534e-02
2.615847885608673096e-01
-4.154074788093566895e-01
-2.681498527526855469e-01
-1.738164424896240234e-01
-1.730591654777526855e-01
-9.379178285598754883e-02
2.483478933572769165e-01
1.510637700557708740e-01
1.509076803922653198e-01
-6.422120332717895508e-02
1.162707731127738953e-01
-7.588647305965423584e-02
2.255706489086151123e-01
1.561997830867767334e-01
-6.662854552268981934e-02
-3.862502574920654297e-01
1.674426496028900146e-01
-9.725434705615043640e-03
1.114155277609825134e-01
-2.362793982028961182e-01
-5.688463896512985229e-02
1.114015728235244751e-01
4.515913128852844238e-01
1.344442553818225861e-02
8.246320486068725586e-02
2.570656239986419678e-01
-2.551467344164848328e-02
4.913727641105651855e-01
1.731619685888290405e-01
2.729228138923645020e-02
-3.559214472770690918e-01
5.901729688048362732e-03
1.110529899597167969e-01
3.486422449350357056e-02
1.203127279877662659e-01
-1.610166132450103760e-01
2.216039150953292847e-01
8.923201262950897217e-02
2.955701053142547607e-01
-1.151262000203132629e-01
4.306301772594451904e-01
2.279132902622222900e-01
-3.266268223524093628e-02
2.455985546112060547e-01
-4.052582755684852600e-02
-3.436689972877502441e-01
1.546256244182586670e-01
2.065477333962917328e-02
-1.712826192378997803e-01
4.865866154432296753e-02
-1.669325530529022217e-01
1.201387196779251099e-01
-4.993312805891036987e-02
-4.484336078166961670e-02
-3.049350678920745850e-01
2.303087264299392700e-01
-1.660313308238983154e-01
-1.482875049114227295e-01
-2.935303449630737305e-01
-8.110937476158142090e-02
4.350928664207458496e-01
2.962250448763370514e-02
-1.272784173488616943e-01
-7.915034890174865723e-02
-2.738365232944488525e-01
2.723373174667358398e-01
3.197871148586273193e-02
-6.007298454642295837e-02
1.320320218801498413e-01
1.919412314891815186e-01
-7.410114258527755737e-02
-3.103065676987171173e-02
-1.245370954275131226e-01
1.037169769406318665e-01
-1.212350204586982727e-01
2.808957174420356750e-02
1.353545039892196655e-01
-5.342745408415794373e-02
9.006187319755554199e-03
2.275196015834808350e-01
-9.119504690170288086e-02
-9.901498444378376007e-03
6.840772926807403564e-02
1.214923709630966187e-01
-1.522152721881866455e-01
-1.326972842216491699e-01
-1.299993395805358887e-01
-8.838343620300292969e-02
-1.468559727072715759e-02
5.007623694837093353e-04
-5.125494003295898438e-01
3.898050263524055481e-02
-1.209435388445854187e-01
-7.245589792728424072e-02
-1.762579083442687988e-01
-1.105051934719085693e-01
6.119320541620254517e-02
2.865583896636962891e-01
-5.226255953311920166e-02
-2.393267899751663208e-01
2.716721892356872559e-01
-1.126849800348281860e-01
-4.492887258529663086e-01
7.370384037494659424e-02
-2.522973716259002686e-01
2.670339122414588928e-02
-1.863500177860260010e-01
1.373392939567565918e-01
-4.356318414211273193e-01
8.089886605739593506e-02
1.800483465194702148e-01
1.710729897022247314e-01
-1.711907088756561279e-01
1.012638956308364868e-01
1.570640802383422852e-01
-1.279636770486831665e-01
-1.463940739631652832e-01
-8.680743724107742310e-02
-2.321256324648857117e-02
-6.664416939020156860e-02
-7.146283388137817383e-01
-1.860746443271636963e-01
-1.726611554622650146e-01
-1.096377372741699219e-01
8.210714161396026611e-02
2.054336667060852051e-01
-1.857886463403701782e-01
3.430761098861694336e-01
1.678403168916702271e-01
2.945930659770965576e-01
-3.970010951161384583e-02
-6.534763425588607788e-02
-1.520230174064636230e-01
-7.265658676624298096e-02
1.790852546691894531e-01
-1.435252130031585693e-01
-4.808902740478515625e-02
-7.392394542694091797e-02
1.507284343242645264e-01
-2.132275104522705078e-01
3.114412426948547363e-01
-4.060707092285156250e-01
2.910116910934448242e-01
1.124609708786010742e-01
-2.782263234257698059e-02
-1.030402816832065582e-02
-2.591958045959472656e-01
1.216946095228195190e-01
9.516097605228424072e-03
4.370970278978347778e-02
6.295732408761978149e-02
1.313049644231796265e-01
-4.816061258316040039e-02
-1.728767342865467072e-02
-5.091955140233039856e-02
3.029817938804626465e-01
-1.558097749948501587e-01
-2.064461819827556610e-02
1.345539391040802002e-01
-3.797534704208374023e-01
-3.667600750923156738e-01
-1.129160299897193909e-01
-1.369582414627075195e-01
-4.714946746826171875e-01
2.343038283288478851e-02
-1.614814251661300659e-01
2.006823718547821045e-01
4.066302999854087830e-02
-7.411366701126098633e-02
-1.767385601997375488e-01
-4.444622993469238281e-02
2.687381953001022339e-02
4.285363554954528809e-01
-1.416251510381698608e-01
7.731141895055770874e-02
-9.034541249275207520e-02
4.103535786271095276e-02
3.050004541873931885e-01
2.784159034490585327e-02
2.658472061157226562e-01
-3.952654302120208740e-01
-2.999112010002136230e-03
1.980035379528999329e-02
1.957281380891799927e-01
6.419025361537933350e-02
-1.140742078423500061e-01
-5.029062032699584961e-01
1.126860454678535461e-01
1.790227890014648438e-01
-2.858137153089046478e-02
-2.045895755290985107e-01
-2.016846835613250732e-01
-4.979379847645759583e-02
3.039480447769165039e-01
-1.489648371934890747e-01
2.707107067108154297e-01
-1.596739888191223145e-01
-1.471584588289260864e-01
3.024906851351261139e-02
1.390042006969451904e-01
1.712536960840225220e-01
1.399257779121398926e-01
-1.560093462467193604e-01
-1.693136394023895264e-01
6.870788335800170898e-02
-7.405187934637069702e-02
-1.225078925490379333e-01
2.835693769156932831e-02
-1.771761924028396606e-01
-8.368335664272308350e-02
7.193382084369659424e-02
3.057480156421661377e-01
1.638134717941284180e-01
2.442867495119571686e-03
2.052847445011138916e-01
3.200268745422363281e-01
-4.207227751612663269e-02
-1.798705309629440308e-01
-1.625376939773559570e-01
1.793986558914184570e-01
4.847958683967590332e-02
6.228606402873992920e-02
9.123819321393966675e-02
3.589168787002563477e-01
-6.832961738109588623e-02
1.958349347114562988e-01
1.035924106836318970e-01
1.161235570907592773e-01
1.804230511188507080e-01
8.189426362514495850e-02
-1.510851085186004639e-01
1.542735695838928223e-01
2.182336449623107910e-01
-2.323515713214874268e-01
-7.716397941112518311e-02
-7.265470176935195923e-02
1.058228462934494019e-01
-5.743000656366348267e-02
-1.501826941967010498e-01
1.932896859943866730e-02
1.755163669586181641e-01
-1.074961666017770767e-02
-2.393485233187675476e-02
-4.201546311378479004e-03
1.067095026373863220e-01
-2.951915934681892395e-02
2.996380031108856201e-01
2.767554223537445068e-01
