-1.070865988731384277e-01
3.632376194000244141e-01
-6.797633320093154907e-02
-1.070025376975536346e-02
-3.099906146526336670e-01
-2.651007771492004395e-01
2.888939976692199707e-01
5.015929043292999268e-02
-5.675469711422920227e-02
7.706986367702484131e-02
1.828633546829223633e-01
-4.517359733581542969e-01
-1.734957098960876465e-01
-5.796132981777191162e-02
-1.097786277532577515e-01
-6.873385608196258545e-02
3.249232769012451172e-01
1.288387477397918701e-01
1.155423671007156372e-01
-1.753301173448562622e-01
1.528484970331192017e-01
-3.953164443373680115e-02
-1.762204766273498535e-01
1.315018236637115479e-01
1.437501758337020874e-01
2.031245976686477661e-01
-1.229310184717178345e-01
-1.876993328332901001e-01
3.787056803703308105e-01
-1.087065692991018295e-02
1.781685352325439453e-01
-3.062066435813903809e-02
-1.733758486807346344e-02
3.129089176654815674e-01
2.012950927019119263e-01
1.172037720680236816e-01
-2.222779393196105957e-01
2.346356399357318878e-02
3.495289087295532227e-01
2.891606688499450684e-01
-6.103534251451492310e-02
-2.961261868476867676e-01
-3.526196479797363281e-01
-1.809847503900527954e-01
2.657017707824707031e-01
-9.465979039669036865e-02
-1.395393610000610352e-01
1.833946108818054199e-01
-1.353500634431838989e-01
1.132700890302658081e-01
-5.623552799224853516e-01
-2.063046246767044067e-01
-2.585586309432983398e-01
9.540788829326629639e-02
2.215177267789840698e-01
-3.006225526332855225e-01
-3.734939545392990112e-02
3.166704177856445312e-01
-1.748712360858917236e-01
-1.038374304771423340e-01
-2.740385830402374268e-01
7.854689657688140869e-02
-2.480760216712951660e-01
2.325351834297180176e-01
1.212399601936340332e-01
-9.956768155097961426e-02
-1.248401701450347900e-01
1.022250056266784668e-01
-6.826853752136230469e-02
-7.424599677324295044e-02
5.467706918716430664e-01
-2.175440192222595215e-01
-2.413272410631179810e-01
1.122299730777740479e-01
9.880515187978744507e-02
-2.796812653541564941e-01
-3.248085379600524902e-01
2.435237020254135132e-01
-5.850056409835815430e-01
-4.617195129394531250e-01
2.751039862632751465e-01
4.357595741748809814e-01
-2.439849376678466797e-01
3.570919632911682129e-01
1.207036226987838745e-01
8.329062163829803467e-02
-2.503757178783416748e-01
5.469813197851181030e-02
3.434998393058776855e-01
-2.561045587062835693e-01
1.824891269207000732e-01
-8.787897415459156036e-03
-2.115426212549209595e-02
2.245046198368072510e-01
6.002204418182373047e-01
1.147486036643385887e-03
-5.206961929798126221e-02
-1.640032827854156494e-01
1.116429865360260010e-01
7.707689702510833740e-02
-2.356637418270111084e-01
-4.400562867522239685e-02
-1.931633353233337402e-01
2.309517860412597656e-01
-2.300853878259658813e-01
1.808158904314041138e-01
2.133248001337051392e-01
9.779281169176101685e-02
-6.656451523303985596e-02
9.760007262229919434e-02
-2.279553413391113281e-01
-1.393165141344070435e-01
-3.552413582801818848e-01
-2.399061471223831177e-01
6.712459772825241089e-02
2.430570684373378754e-02
9.134426712989807129e-02
-2.203511446714401245e-01
1.294276267290115356e-01
-6.052710115909576416e-02
-2.077680826187133789e-02
2.627050280570983887e-01
-1.778723597526550293e-01
1.109234243631362915e-01
-4.410534165799617767e-03
-5.303944647312164307e-02
4.660937190055847168e-01
2.201491966843605042e-02
-2.729867100715637207e-01
8.503517508506774902e-02
1.177492886781692505e-01
2.092180699110031128e-01
5.834660679101943970e-02
8.891355246305465698e-02
-1.440506801009178162e-02
2.453829348087310791e-01
1.825979053974151611e-01
-3.926418423652648926e-01
-2.015127986669540405e-01
-4.181621670722961426e-01
-1.037864387035369873e-01
-7.316864281892776489e-02
1.743932068347930908e-01
-1.536497473716735840e-01
2.090642154216766357e-01
-1.499333530664443970e-01
2.582653760910034180e-01
2.498421072959899902e-01
6.460468284785747528e-03
-1.484477892518043518e-02
5.477217026054859161e-03
-9.900683164596557617e-02
-1.855500042438507080e-01
2.162146568298339844e-01
8.317906409502029419e-02
-5.275516584515571594e-02
-5.769862234592437744e-02
3.161022365093231201e-01
3.570345938205718994e-01
-8.177217096090316772e-02
-1.284527778625488281e-01
-1.942747086286544800e-02
1.537259295582771301e-02
2.735967040061950684e-01
1.152560338377952576e-01
-4.779607057571411133e-02
-3.295098245143890381e-01
-2.723192423582077026e-02
-7.576161623001098633e-02
3.219062089920043945e-01
5.670802295207977295e-02
-4.932426661252975464e-02
-1.862576790153980255e-02
2.791446745395660400e-01
1.432794034481048584e-01
-2.342015039175748825e-03
2.098511010408401489e-01
7.999390363693237305e-02
-2.467836067080497742e-02
9.398068487644195557e-02
-1.624051332473754883e-01
-1.265157945454120636e-02
3.294735550880432129e-01
-1.682786494493484497e-01
1.527737826108932495e-03
4.522368907928466797e-01
-6.637685932219028473e-03
2.997732348740100861e-02
-4.979962855577468872e-02
2.798699140548706055e-01
-5.516183376312255859e-01
1.124655902385711670e-01
-1.370203047990798950e-01
4.853988438844680786e-02
-1.340978443622589111e-01
2.475960999727249146e-01
7.457141280174255371e-01
-4.438676834106445312e-01
-3.107753694057464600e-01
1.801704615354537964e-02
-3.228256106376647949e-01
1.398219168186187744e-01
-4.127353429794311523e-02
1.209360137581825256e-01
2.601036727428436279e-01
-7.182361185550689697e-02
1.930602788925170898e-01
3.517946228384971619e-02
1.163189634680747986e-01
1.494253128767013550e-01
8.372428268194198608e-02
-2.931905686855316162e-01
2.090238630771636963e-01
-2.817675843834877014e-02
2.778331041336059570e-01
9.101180732250213623e-02
2.954347133636474609e-01
3.456667661666870117e-01
-1.493694484233856201e-01
2.135064303874969482e-01
-3.138506785035133362e-02
-1.359651982784271240e-01
4.028567299246788025e-02
-1.422289311885833740e-01
4.128770902752876282e-02
1.770097315311431885e-01
-6.306909918785095215e-01
3.945554196834564209e-01
-2.451359853148460388e-02
-1.048342883586883545e-01
-9.440418332815170288e-02
1.124241054058074951e-01
9.543332457542419434e-02
-4.308313131332397461e-02
3.559263944625854492e-01
-2.159631997346878052e-01
2.157092094421386719e-01
5.162212997674942017e-03
-2.452040910720825195e-01
2.329907119274139404e-01
-1.809251606464385986e-01
8.124624192714691162e-02
-3.791468143463134766e-01
3.216221332550048828e-01
-1.542570441961288452e-01
5.565717816352844238e-02
-4.905330762267112732e-02
-3.290121257305145264e-02
-5.602703094482421875e-01
4.184091687202453613e-01
4.943937808275222778e-02
-1.750698499381542206e-02
-6.407716870307922363e-02
-2.814937233924865723e-01
3.042420446872711182e-01
-1.332008093595504761e-01
-5.569341182708740234e-01
-3.851710259914398193e-01
-1.023433208465576172e-01
8.875186555087566376e-03
3.569633886218070984e-02
3.053592704236507416e-02
-2.914590835571289062e-01
4.276305437088012695e-01
3.418760597705841064e-01
1.340324878692626953e-01
-1.946185715496540070e-02
2.460162639617919922e-01
-1.209720969200134277e-01
-3.279687762260437012e-01
-1.934199035167694092e-01
-7.836769819259643555e-01
-1.183281615376472473e-01
-1.002854034304618835e-01
-3.514343500137329102e-02
-3.597178757190704346e-01
2.524391412734985352e-01
-2.138711512088775635e-01
6.825218200683593750e-01
-1.317034214735031128e-01
-1.054527685046195984e-01
-2.774991393089294434e-01
-3.410478532314300537e-01
1.153056137263774872e-02
3.315770626068115234e-01
-9.843301959335803986e-03
1.121227145195007324e-01
1.357890963554382324e-01
-1.675002276897430420e-01
2.194936946034431458e-02
-1.004972681403160095e-01
4.577295780181884766e-01
2.319723069667816162e-01
-1.122423410415649414e-01
3.354070335626602173e-02
-1.835670173168182373e-01
1.474299281835556030e-02
-2.779217362403869629e-01
-2.217480242252349854e-01
-5.561697483062744141e-01
4.719252139329910278e-02
3.643562793731689453e-01
2.075596749782562256e-01
1.877343356609344482e-01
-5.142107009887695312e-01
-1.561984866857528687e-01
-7.099112495779991150e-03
-2.420622855424880981e-01
5.267952680587768555e-01
-1.881487816572189331e-01
-7.583862543106079102e-02
-4.002622365951538086e-01
3.250861167907714844e-01
1.944960951805114746e-01
-9.953378140926361084e-02
2.186367847025394440e-02
6.540022045373916626e-02
-3.021673262119293213e-01
3.899558186531066895e-01
7.825473695993423462e-02
1.277953684329986572e-01
-2.602246403694152832e-01
-1.093111336231231689e-01
1.307476162910461426e-01
-4.666152223944664001e-02
-3.365515768527984619e-01
-3.459785580635070801e-01
-3.070765137672424316e-01
-1.402614712715148926e-01
3.544788360595703125e-01
-3.560006320476531982e-01
3.105636835098266602e-01
-4.180041700601577759e-02
-4.963507130742073059e-02
8.024689555168151855e-02
-1.115796342492103577e-01
1.974056661128997803e-01
3.872586786746978760e-02
-2.582262456417083740e-01
-1.427470147609710693e-01
1.752173006534576416e-01
-2.842895127832889557e-02
-5.458806827664375305e-02
-6.093449145555496216e-02
-2.689492702484130859e-01
-1.638482809066772461e-01
-6.582035124301910400e-02
1.014425083994865417e-01
-1.867745518684387207e-01
-1.647190749645233154e-01
-2.119579315185546875e-01
3.273155987262725830e-01
5.885119736194610596e-02
-4.052512347698211670e-01
2.500101327896118164e-01
4.739581793546676636e-02
1.570136547088623047e-01
4.761671647429466248e-03
5.452006123960018158e-03
4.465214014053344727e-01
1.266578733921051025e-01
4.064277932047843933e-02
1.147024184465408325e-01
8.116919547319412231e-02
4.126130044460296631e-01
-1.223266869783401489e-01
-1.391249299049377441e-01
-2.901715226471424103e-03
-6.154125556349754333e-02
3.597798943519592285e-01
-3.406690359115600586e-01
1.183547079563140869e-01
1.965905874967575073e-01
-2.564444541931152344e-01
9.453251957893371582e-02
-2.456607855856418610e-02
3.626572489738464355e-01
1.290862858295440674e-01
-5.152064561843872070e-01
-3.859355300664901733e-02
2.242715060710906982e-01
4.503453150391578674e-03
-2.859356999397277832e-02
2.583953440189361572e-01
