-4.580729007720947266e-01
1.851867735385894775e-01
-2.895302176475524902e-01
-8.342633396387100220e-02
-1.130336746573448181e-01
1.153054684400558472e-01
3.599870204925537109e-01
5.907989293336868286e-02
-2.602911181747913361e-02
2.380351126194000244e-01
9.700672328472137451e-02
-1.953209042549133301e-01
-3.507402539253234863e-02
8.434608578681945801e-02
-3.438723683357238770e-01
4.263868182897567749e-02
-5.857744812965393066e-02
2.620201110839843750e-01
6.544745713472366333e-02
1.880870200693607330e-02
6.549898386001586914e-01
-4.277861118316650391e-01
-2.681139707565307617e-01
-1.940286010503768921e-01
-1.124584451317787170e-01
1.172497570514678955e-01
-1.190974414348602295e-01
-3.528495430946350098e-01
2.199119627475738525e-01
2.085329033434391022e-02
-9.184917807579040527e-02
-3.161937370896339417e-02
1.063857153058052063e-01
3.680747747421264648e-01
8.285430073738098145e-02
-2.760556340217590332e-01
8.222054690122604370e-02
-2.172165066003799438e-01
3.203431367874145508e-01
-3.694804385304450989e-03
-2.598273567855358124e-03
-2.603793442249298096e-01
-3.015403151512145996e-01
-2.441546618938446045e-01
2.265473902225494385e-01
1.210083533078432083e-02
9.646692313253879547e-03
-9.930494427680969238e-02
-3.987845033407211304e-02
-2.561097741127014160e-01
-5.906794071197509766e-01
1.376423537731170654e-01
-4.349212720990180969e-02
-4.648144543170928955e-02
8.664669096469879150e-02
-5.174682140350341797e-01
2.123991847038269043e-01
-4.968857765197753906e-02
1.009770929813385010e-01
2.056706100702285767e-01
1.019448712468147278e-01
2.384271323680877686e-01
-3.604377806186676025e-01
1.035065948963165283e-02
1.267041563987731934e-01
-2.676036655902862549e-01
-2.072594463825225830e-01
-4.512157142162322998e-01
2.553086280822753906e-01
3.536387681961059570e-01
3.529024720191955566e-01
-1.844692528247833252e-01
-5.734726786613464355e-01
1.190841645002365112e-01
6.184378638863563538e-03
-6.284683942794799805e-03
-2.313611954450607300e-01
2.955101728439331055e-01
3.637281432747840881e-02
-6.057689189910888672e-01
2.532565593719482422e-01
3.530388772487640381e-01
6.231629475951194763e-02
3.655931353569030762e-01
1.681874096393585205e-01
3.099040985107421875e-01
1.231749728322029114e-01
1.838932335376739502e-01
1.857919245958328247e-01
2.157883942127227783e-01
2.374998480081558228e-01
-1.863351091742515564e-02
6.970561146736145020e-01
6.536187976598739624e-02
5.981231927871704102e-01
5.013663321733474731e-04
1.040612533688545227e-01
-4.059642255306243896e-01
2.257031574845314026e-02
-1.907817460596561432e-02
4.835518449544906616e-02
-2.501485049724578857e-01
-7.212614268064498901e-02
3.284246325492858887e-01
-3.320685327053070068e-01
6.362712383270263672e-02
1.358449608087539673e-01
-1.971046328544616699e-01
-2.788825631141662598e-01
2.594278454780578613e-01
9.228898584842681885e-02
-1.185151338577270508e-01
-5.250776410102844238e-01
-2.050784826278686523e-01
-9.240938723087310791e-02
1.618446782231330872e-02
7.268191315233707428e-03
-3.361667692661285400e-01
2.793719768524169922e-01
1.457580178976058960e-01
-3.642379641532897949e-01
-1.643060445785522461e-01
-1.844016313552856445e-01
-1.245889887213706970e-01
2.294580787420272827e-01
-2.607255801558494568e-02
3.070727288722991943e-01
1.694742739200592041e-01
-1.497593969106674194e-01
-3.042101263999938965e-01
-9.740407764911651611e-02
1.019497811794281006e-01
-1.824451982975006104e-01
8.492991328239440918e-02
-3.156936764717102051e-01
-1.035983264446258545e-01
3.646922707557678223e-01
-1.906621158123016357e-01
-2.070387601852416992e-01
-1.444609016180038452e-01
-8.636187016963958740e-02
-9.128623455762863159e-02
2.358291000127792358e-01
1.028823256492614746e-01
1.563237607479095459e-01
6.387480348348617554e-02
6.347543746232986450e-02
5.260772630572319031e-02
9.072348475456237793e-02
-2.171817570924758911e-01
3.544151186943054199e-01
-2.327832877635955811e-01
2.282668501138687134e-01
4.614374637603759766e-01
4.288083314895629883e-02
-1.717117428779602051e-01
-2.820442914962768555e-01
3.451072573661804199e-01
9.219408035278320312e-01
-2.801688760519027710e-02
-6.959191709756851196e-02
2.457513064146041870e-01
2.420685589313507080e-01
2.504863142967224121e-01
2.262088805437088013e-01
-7.707524299621582031e-02
-6.933097839355468750e-01
-1.895821392536163330e-01
-3.096913099288940430e-01
3.662835657596588135e-01
-1.022325158119201660e-01
6.498471647500991821e-02
2.235442027449607849e-02
1.811558008193969727e-01
-4.819422587752342224e-02
-8.705773204565048218e-02
1.714218705892562866e-01
8.938126266002655029e-02
-2.498197406530380249e-01
5.062958002090454102e-01
-2.002822607755661011e-01
-2.197531163692474365e-01
-1.806435137987136841e-01
1.384516358375549316e-01
4.887409508228302002e-02
2.517627775669097900e-01
-4.443430900573730469e-02
-4.596047103404998779e-02
1.067118160426616669e-02
1.315969973802566528e-01
-2.423866689205169678e-01
1.644857376813888550e-01
3.475397825241088867e-01
3.163129091262817383e-02
-9.728492796421051025e-02
3.085225820541381836e-01
4.061025977134704590e-01
-2.138523757457733154e-01
1.225960068404674530e-02
-2.907972335815429688e-01
-1.297664642333984375e-01
1.279769092798233032e-01
-3.120170831680297852e-01
-2.031558007001876831e-01
1.304296851158142090e-01
1.879989206790924072e-01
-4.477992653846740723e-01
1.816492155194282532e-02
9.184748679399490356e-02
8.649419248104095459e-02
3.408982455730438232e-01
-3.057827353477478027e-01
-1.269655674695968628e-01
1.077386736869812012e-01
1.979892253875732422e-01
1.163568198680877686e-01
-2.197483554482460022e-03
5.146691799163818359e-01
-2.851000130176544189e-01
1.790258139371871948e-01
-1.011969223618507385e-01
1.669850349426269531e-01
9.588159620761871338e-02
-9.752097725868225098e-02
-2.624984085559844971e-01
-1.260996311902999878e-01
-2.401474118232727051e-01
7.378716766834259033e-02
-1.438507735729217529e-01
2.600139193236827850e-02
-4.471784234046936035e-01
-2.401086688041687012e-01
7.929299771785736084e-02
4.220505356788635254e-01
2.308550104498863220e-02
-4.093483090400695801e-01
4.868250787258148193e-01
1.417723894119262695e-01
-2.258475422859191895e-01
2.068720459938049316e-01
-3.919774889945983887e-01
-5.768430978059768677e-02
-1.812134087085723877e-01
5.040519237518310547e-01
-4.294518828392028809e-01
-5.568962544202804565e-02
7.949619740247726440e-02
3.369490802288055420e-01
-3.493452966213226318e-01
-3.654127195477485657e-02
-6.940433382987976074e-02
-2.045658528804779053e-01
-1.228609085083007812e-01
-3.099609315395355225e-01
-6.644013524055480957e-02
2.648960947990417480e-01
-7.392517924308776855e-01
-1.785749495029449463e-01
-3.971417993307113647e-02
-2.759998738765716553e-01
2.953279912471771240e-01
-1.711961030960083008e-01
-5.429311096668243408e-02
3.095392882823944092e-01
4.562861919403076172e-01
5.858962535858154297e-01
1.521895825862884521e-01
1.194926127791404724e-01
-2.240542508661746979e-02
1.213263273239135742e-01
3.095664083957672119e-01
-4.426378011703491211e-01
-4.007061421871185303e-01
-1.408365070819854736e-01
2.289610207080841064e-01
-1.941310614347457886e-01
1.001384854316711426e-01
-3.546214103698730469e-01
2.652372121810913086e-01
7.466760277748107910e-02
2.243107706308364868e-01
-2.078060507774353027e-01
-1.175282970070838928e-01
3.593027591705322266e-01
1.725769937038421631e-01
1.588482409715652466e-03
9.118416905403137207e-02
-1.273222565650939941e-01
-1.854071170091629028e-01
2.304307371377944946e-02
-2.247931957244873047e-01
-3.670387715101242065e-02
5.200643539428710938e-01
-2.979620695114135742e-01
2.873898744583129883e-01
-4.734167456626892090e-01
-1.193861588835716248e-01
-2.396272420883178711e-01
-3.844383656978607178e-01
-2.065813541412353516e-01
-1.071596592664718628e-01
-1.086276024580001831e-01
9.537352621555328369e-02
-7.676889002323150635e-02
-1.507823169231414795e-01
-4.289091825485229492e-01
2.454858571290969849e-01
7.252905517816543579e-02
3.716880679130554199e-01
-1.143469661474227905e-01
-6.974071264266967773e-02
-2.761720418930053711e-01
7.517670094966888428e-02
1.850115358829498291e-01
-2.008181214332580566e-01
2.236149609088897705e-01
-5.310904383659362793e-01
-8.483059704303741455e-02
2.555751204490661621e-01
2.637040913105010986e-01
2.237608730792999268e-01
-1.307173371315002441e-01
-1.718580871820449829e-01
1.773169487714767456e-01
3.496315330266952515e-02
-1.844246387481689453e-01
-4.449083507061004639e-01
1.884522140026092529e-01
-1.735194921493530273e-01
5.950912833213806152e-02
6.752704083919525146e-02
-3.285400569438934326e-03
-2.972012758255004883e-01
2.669993974268436432e-02
-7.120737433433532715e-02
9.413102269172668457e-02
-2.445119321346282959e-01
1.989872902631759644e-01
5.275338515639305115e-02
2.989661693572998047e-01
3.012518882751464844e-01
1.756325364112854004e-02
2.762992382049560547e-01
-1.224485859274864197e-01
-1.583367586135864258e-01
-2.727497816085815430e-01
2.741229832172393799e-01
7.059491425752639771e-02
3.052363172173500061e-03
-4.929926246404647827e-02
-1.671599224209785461e-02
4.508742094039916992e-01
2.824465557932853699e-02
-3.166207671165466309e-01
-1.881908029317855835e-01
2.701766490936279297e-01
2.323583513498306274e-01
-2.361976653337478638e-01
-5.205349624156951904e-02
-1.274313181638717651e-01
2.784968912601470947e-01
2.069292962551116943e-02
-1.371427774429321289e-01
1.482404023408889771e-01
1.664408743381500244e-01
1.245359778404235840e-01
-7.153078168630599976e-02
9.589716792106628418e-03
3.182643651962280273e-01
-1.585099399089813232e-01
-7.187178730964660645e-02
-1.824891120195388794e-01
1.632081717252731323e-01
7.982556521892547607e-02
6.515407562255859375e-02
1.395065188407897949e-01
3.482117056846618652e-01
-2.274336516857147217e-01
-1.944433301687240601e-01
1.590261459350585938e-01
-3.077687621116638184e-01
-9.156839549541473389e-02
2.051849365234375000e-01
1.032223254442214966e-01
