-2.169861048460006714e-01
3.653934597969055176e-01
-3.346177041530609131e-01
3.966230899095535278e-02
-1.881741732358932495e-01
-1.717155128717422485e-01
2.917590141296386719e-01
-4.045544564723968506e-02
-2.483530938625335693e-01
2.970566749572753906e-01
2.589181065559387207e-01
-2.631676197052001953e-01
-2.981287613511085510e-02
8.465816080570220947e-02
-7.221135497093200684e-02
3.144468367099761963e-02
1.144906282424926758e-01
2.316884398460388184e-01
3.232805728912353516e-01
9.229902178049087524e-02
4.700129032135009766e-01
-4.266536831855773926e-01
-2.166055440902709961e-01
5.466170236468315125e-02
2.458039671182632446e-01
1.217571049928665161e-01
-4.652051627635955811e-01
-5.142791271209716797e-01
1.847086250782012939e-01
1.300574094057083130e-01
-1.011088043451309204e-01
-2.893197350203990936e-02
2.250944077968597412e-01
6.799016892910003662e-02
3.905406594276428223e-01
3.182497024536132812e-01
-6.275592744350433350e-02
4.360565543174743652e-02
3.255296945571899414e-01
1.226562857627868652e-01
5.201938003301620483e-02
-2.796950042247772217e-01
-6.380637288093566895e-01
-1.772803962230682373e-01
1.337686479091644287e-01
-7.475494593381881714e-02
3.245836794376373291e-01
2.586210668087005615e-01
-2.911574244499206543e-01
2.846329845488071442e-02
-6.688760519027709961e-01
-4.359754547476768494e-02
-2.456750273704528809e-01
-3.393839001655578613e-01
7.420672476291656494e-02
-4.737729430198669434e-01
8.210547268390655518e-02
6.156485080718994141e-01
-2.050142288208007812e-01
-2.741040661931037903e-02
-9.979610145092010498e-02
9.421341121196746826e-02
-6.173535585403442383e-01
-4.754704982042312622e-02
2.628797590732574463e-01
1.490738429129123688e-02
-1.173557713627815247e-01
7.134409993886947632e-02
-6.106513366103172302e-02
-6.053611636161804199e-02
5.105118751525878906e-01
-4.462987780570983887e-01
-2.374390065670013428e-01
1.352983992546796799e-02
6.391091644763946533e-02
2.509346604347229004e-02
2.409912645816802979e-02
2.743896245956420898e-01
-1.937970221042633057e-01
-3.895626068115234375e-01
3.854354619979858398e-01
2.626496553421020508e-01
-3.657274544239044189e-01
3.191307783126831055e-01
1.609936356544494629e-01
1.091905087232589722e-01
2.694950997829437256e-02
6.138557195663452148e-02
6.638387441635131836e-01
-2.276133149862289429e-01
3.389386832714080811e-01
-1.652422994375228882e-01
5.219756811857223511e-02
-3.864273801445960999e-02
4.982314109802246094e-01
1.481181830167770386e-01
6.450912356376647949e-02
-1.212997809052467346e-01
4.931561276316642761e-02
6.922007352113723755e-02
9.091320633888244629e-02
-6.616571545600891113e-02
-5.984351970255374908e-03
3.078416585922241211e-01
-4.162121415138244629e-01
1.752771809697151184e-02
5.445163697004318237e-02
4.659218247979879379e-03
-1.068493574857711792e-01
2.731561958789825439e-01
-2.882240116596221924e-01
-1.933205425739288330e-01
-4.058229923248291016e-01
-1.402954161167144775e-01
9.764317423105239868e-02
2.096147537231445312e-01
4.940099641680717468e-02
-2.505946755409240723e-01
2.417500317096710205e-01
-1.905959844589233398e-01
-2.002097070217132568e-01
2.339870668947696686e-03
7.235389947891235352e-02
-1.995962485671043396e-02
-1.219023019075393677e-01
6.044093519449234009e-02
1.462109535932540894e-01
1.452514529228210449e-01
-7.006460428237915039e-02
-2.466718852519989014e-01
1.535168886184692383e-01
1.059766709804534912e-01
5.286050960421562195e-02
2.612071037292480469e-01
-1.079024225473403931e-01
1.037196069955825806e-01
3.382406830787658691e-01
-2.596712708473205566e-01
-2.393015921115875244e-01
-4.435693621635437012e-01
1.314590275287628174e-01
-7.338581234216690063e-02
2.512574195861816406e-01
-2.544422447681427002e-02
3.421387374401092529e-01
-9.794604033231735229e-02
3.971959054470062256e-01
2.315945327281951904e-01
6.193298101425170898e-02
-1.722070872783660889e-01
2.325077056884765625e-01
-5.682950839400291443e-02
3.628043532371520996e-01
2.410470545291900635e-01
8.081184327602386475e-02
-1.529607921838760376e-01
-7.793879508972167969e-02
2.510204017162322998e-01
6.722549200057983398e-01
-2.384187579154968262e-01
-8.195424824953079224e-02
5.665356665849685669e-02
-5.045938491821289062e-02
2.003799527883529663e-01
-5.850766599178314209e-02
-1.702750623226165771e-01
-5.179033279418945312e-01
-1.541174650192260742e-01
-9.621862322092056274e-02
3.446635007858276367e-01
1.997427940368652344e-01
7.314787805080413818e-02
-1.561094075441360474e-02
4.600936174392700195e-02
1.165083721280097961e-01
5.286012589931488037e-02
1.271811574697494507e-01
-3.880653902888298035e-02
-1.615592241287231445e-01
1.737550199031829834e-01
-4.370681941509246826e-01
2.312482334673404694e-02
9.701389074325561523e-02
-1.584705412387847900e-01
-5.824440345168113708e-02
3.811762928962707520e-01
2.627519518136978149e-02
-1.305995434522628784e-01
-6.558849662542343140e-02
1.244971007108688354e-01
-2.884501814842224121e-01
-2.026196941733360291e-02
1.741972565650939941e-01
2.726941928267478943e-02
-3.201519846916198730e-01
2.379994690418243408e-01
7.103453874588012695e-01
-3.299433290958404541e-01
-7.740451395511627197e-02
3.039297088980674744e-02
-1.489941179752349854e-01
3.052828609943389893e-01
1.695121079683303833e-02
1.430603265762329102e-01
1.666921079158782959e-01
4.198049008846282959e-02
1.155800074338912964e-01
-3.057397715747356415e-02
1.826072335243225098e-01
3.520252704620361328e-01
1.504155695438385010e-01
-4.598258733749389648e-01
-9.781130403280258179e-02
1.521721184253692627e-01
1.977041512727737427e-01
2.197645604610443115e-03
3.723567724227905273e-01
4.235182702541351318e-01
-3.096188306808471680e-01
4.992295056581497192e-02
-7.717043161392211914e-02
-7.488099485635757446e-02
-6.986879557371139526e-02
-3.014372661709785461e-02
9.646888077259063721e-02
-2.391797676682472229e-02
-2.727657854557037354e-01
1.445060782134532928e-02
-8.288359642028808594e-02
7.244645617902278900e-03
-4.050139784812927246e-01
-3.019046187400817871e-01
4.913938045501708984e-02
1.775569841265678406e-02
1.572634279727935791e-01
-3.975954949855804443e-01
4.505916833877563477e-01
1.144364923238754272e-01
-2.232224941253662109e-01
2.725244164466857910e-01
-4.080433249473571777e-01
-1.464446485042572021e-01
-3.740165531635284424e-01
2.150982767343521118e-01
-3.891986608505249023e-01
-1.253469139337539673e-01
4.884631931781768799e-02
7.914841175079345703e-02
-6.365899443626403809e-01
-1.647898554801940918e-01
1.230483502149581909e-01
-3.637140393257141113e-01
-9.270181506872177124e-02
-3.370468318462371826e-02
-6.155030336230993271e-03
2.437881827354431152e-01
-6.400598287582397461e-01
-2.535360455513000488e-01
-1.639178097248077393e-01
3.012514412403106689e-01
2.826458811759948730e-01
-1.046919971704483032e-01
-2.673892378807067871e-01
3.911230564117431641e-01
3.907495737075805664e-01
3.393808603286743164e-01
1.015323400497436523e-01
1.269846111536026001e-01
4.528115317225456238e-02
-4.228925108909606934e-01
-2.347304970026016235e-01
-6.955233216285705566e-01
-1.993595063686370850e-01
-3.190854787826538086e-01
3.372454643249511719e-01
-5.065914988517761230e-01
8.499541878700256348e-02
-2.428045570850372314e-01
4.169948697090148926e-01
8.989030867815017700e-02
-1.638399064540863037e-02
-9.733033180236816406e-02
-3.602613210678100586e-01
7.010376453399658203e-02
2.218766808509826660e-01
-1.164997220039367676e-01
-3.362742662429809570e-01
1.654860079288482666e-01
-9.567344933748245239e-02
1.629574745893478394e-01
-1.232982352375984192e-01
2.927961051464080811e-01
2.846901416778564453e-01
-9.692788124084472656e-02
4.904034361243247986e-02
-4.931569397449493408e-01
1.389481127262115479e-03
2.187084220349788666e-02
-2.884881496429443359e-01
-4.730886816978454590e-01
-2.110495045781135559e-02
5.448722839355468750e-02
2.988228201866149902e-01
9.103111177682876587e-02
-3.314762115478515625e-01
-2.797389626502990723e-01
2.406699955463409424e-01
-1.202559620141983032e-01
4.138004779815673828e-01
-4.585709050297737122e-02
4.181433469057083130e-02
-9.321790933609008789e-02
1.203281804919242859e-01
8.463947102427482605e-03
-2.068970799446105957e-01
-9.403908252716064453e-02
-1.225995942950248718e-01
7.609720528125762939e-02
4.818113446235656738e-01
4.737163782119750977e-01
3.713724017143249512e-01
-6.312054395675659180e-02
-1.718261688947677612e-01
3.697670698165893555e-01
-1.885975152254104614e-01
-5.405341386795043945e-01
-2.785297930240631104e-01
-3.261658847332000732e-01
-1.636404693126678467e-01
-7.834374159574508667e-02
-4.048383831977844238e-01
1.752017810940742493e-02
-3.941733539104461670e-01
8.297631517052650452e-03
1.562676280736923218e-01
6.309352070093154907e-02
3.628408536314964294e-03
3.281410336494445801e-01
-1.999156475067138672e-01
-1.436647474765777588e-01
2.509225904941558838e-01
-1.791885793209075928e-01
2.557192444801330566e-01
-1.501497626304626465e-01
-3.286063075065612793e-01
-2.948679327964782715e-01
9.241379797458648682e-02
1.284388303756713867e-01
1.817630603909492493e-02
1.623962447047233582e-02
-1.075689941644668579e-01
4.415834546089172363e-01
1.370941251516342163e-01
-6.106952428817749023e-01
1.089241355657577515e-01
9.975352883338928223e-02
1.088480204343795776e-01
-3.594866394996643066e-01
-1.307899653911590576e-01
3.203076422214508057e-01
5.473491176962852478e-02
3.361952304840087891e-02
4.167610406875610352e-02
9.439618885517120361e-02
4.800053238868713379e-01
1.140997558832168579e-01
-2.944080233573913574e-01
8.895158022642135620e-02
8.280414342880249023e-02
1.426897048950195312e-01
-4.050899147987365723e-01
2.722397744655609131e-01
3.234321773052215576e-01
-2.743891477584838867e-01
4.084749519824981689e-02
6.546036899089813232e-02
3.727271258831024170e-01
4.217149317264556885e-02
-1.412330567836761475e-01
5.242089927196502686e-02
4.409658536314964294e-02
-3.257438540458679199e-01
1.446447372436523438e-01
2.987992763519287109e-01
