-3.921683132648468018e-01
1.434566229581832886e-01
4.090870544314384460e-02
1.045244783163070679e-01
-2.324530854821205139e-02
-2.272208929061889648e-01
4.355578422546386719e-01
1.462388634681701660e-01
-1.139908507466316223e-01
6.418158859014511108e-02
2.427297383546829224e-01
1.958728954195976257e-02
-1.729085743427276611e-01
2.443615719676017761e-02
-3.693313002586364746e-01
1.423625200986862183e-01
1.392143778502941132e-02
1.693000495433807373e-01
1.571128219366073608e-01
3.594709038734436035e-01
7.846189141273498535e-01
-2.653477787971496582e-01
-7.020252197980880737e-02
-3.732908889651298523e-02
1.093476191163063049e-01
2.002652883529663086e-01
1.353365629911422729e-01
4.211009293794631958e-02
4.616732150316238403e-02
3.839405626058578491e-02
7.662937790155410767e-02
3.043157979846000671e-03
-7.340028136968612671e-02
1.003895550966262817e-01
-9.384616464376449585e-02
-1.843478381633758545e-01
-4.088458418846130371e-02
-5.257328152656555176e-01
4.513710737228393555e-03
1.187575906515121460e-01
-1.762138158082962036e-01
-2.598479986190795898e-01
-3.431673645973205566e-01
-5.838625878095626831e-02
1.402360945940017700e-02
-1.211736649274826050e-01
8.439487963914871216e-02
-4.836716875433921814e-02
-9.784100204706192017e-02
-1.264160722494125366e-01
-2.817744910717010498e-01
8.686163276433944702e-02
-1.565864309668540955e-03
-2.363624572753906250e-01
5.618955492973327637e-01
-3.267202079296112061e-01
-7.539846748113632202e-02
4.706978201866149902e-01
-2.841352252289652824e-04
9.447889029979705811e-02
2.473795562982559204e-01
-2.345698326826095581e-01
-5.035930871963500977e-01
8.233074098825454712e-03
-1.999209448695182800e-02
2.378167212009429932e-01
-2.559304535388946533e-01
-1.945710033178329468e-01
-1.221108436584472656e-01
2.805825322866439819e-02
2.341053634881973267e-01
-3.655225038528442383e-01
-8.976500481367111206e-02
-8.643130958080291748e-02
1.984487771987915039e-01
9.878858923912048340e-02
-1.150408908724784851e-01
2.295983955264091492e-02
-6.114664673805236816e-01
-7.208933681249618530e-02
1.036717295646667480e-01
1.492510139942169189e-01
-3.103104531764984131e-01
7.466503977775573730e-02
5.946970731019973755e-02
3.287917375564575195e-01
-4.260745644569396973e-02
3.204710036516189575e-02
3.872385025024414062e-01
-1.378095895051956177e-01
4.486897587776184082e-01
-4.637099802494049072e-02
9.323915094137191772e-02
2.575844153761863708e-02
6.505293846130371094e-01
3.748994320631027222e-02
2.046768367290496826e-01
-2.364441752433776855e-01
2.208032011985778809e-01
-1.704894006252288818e-03
2.943557798862457275e-01
4.338055253028869629e-01
-2.913702130317687988e-01
3.772502541542053223e-01
-6.688860058784484863e-02
-2.209994196891784668e-02
1.916893869638442993e-01
2.992428839206695557e-01
-9.736211597919464111e-02
-7.656663656234741211e-02
1.206729486584663391e-01
-1.210914999246597290e-01
-2.968987524509429932e-01
-2.972442209720611572e-01
5.850183963775634766e-02
4.333739355206489563e-02
1.958301961421966553e-01
1.332983374595642090e-01
2.435066103935241699e-01
-4.243181049823760986e-01
-7.788079977035522461e-02
-9.889435023069381714e-02
-8.038813620805740356e-02
5.163442343473434448e-02
1.275709550827741623e-02
2.722584269940853119e-02
2.103506028652191162e-01
2.629269659519195557e-01
-5.784878730773925781e-01
8.895274996757507324e-02
2.305353581905364990e-01
1.680295728147029877e-02
1.742970347404479980e-01
-7.206322252750396729e-02
-3.622026443481445312e-01
1.994224637746810913e-01
2.889435291290283203e-01
-2.669410109519958496e-01
-1.033128350973129272e-01
3.718122839927673340e-03
-3.569342494010925293e-01
-6.486958265304565430e-02
4.441019296646118164e-01
1.293930262327194214e-01
1.421576738357543945e-01
-2.579504251480102539e-01
-1.044920682907104492e-01
9.270314127206802368e-02
9.039169549942016602e-02
-3.057459592819213867e-01
4.028590917587280273e-01
-1.945634484291076660e-01
-5.004057288169860840e-02
-1.539354175329208374e-01
4.014948308467864990e-01
-3.941496461629867554e-02
-2.834886014461517334e-01
7.738183438777923584e-02
3.316372931003570557e-01
2.102951109409332275e-01
3.246365189552307129e-01
9.963645040988922119e-02
2.371033430099487305e-01
4.467913508415222168e-01
2.630697488784790039e-01
1.377526670694351196e-01
-5.281857252120971680e-01
-2.268487662076950073e-01
-1.417300701141357422e-01
3.136841654777526855e-01
5.269123911857604980e-01
1.987875699996948242e-01
-1.409706920385360718e-01
1.134784445166587830e-01
6.128944456577301025e-02
1.236235946416854858e-01
6.289192289113998413e-02
1.898391544818878174e-01
-2.461768388748168945e-01
9.460348635911941528e-02
-1.466922163963317871e-01
-1.399849057197570801e-01
1.627000570297241211e-01
1.811389923095703125e-01
-1.024793088436126709e-01
3.704777061939239502e-01
-9.162417799234390259e-02
-1.598151028156280518e-01
-3.992413729429244995e-02
2.617573142051696777e-01
-1.629472151398658752e-02
5.820482969284057617e-03
8.237365633249282837e-02
3.214361071586608887e-01
-1.215197741985321045e-01
1.528756469488143921e-01
4.033840298652648926e-01
-3.550058603286743164e-02
-3.580224215984344482e-01
-2.393379807472229004e-02
-3.523874878883361816e-01
2.090002149343490601e-01
3.781220614910125732e-01
2.313683182001113892e-01
2.958972007036209106e-02
-6.917056441307067871e-02
7.079865783452987671e-03
-8.220602758228778839e-03
-5.852388739585876465e-01
-9.293487668037414551e-02
5.080348625779151917e-02
-1.498501300811767578e-01
-5.799250304698944092e-02
-8.452091366052627563e-02
1.503434777259826660e-01
7.915887981653213501e-02
4.930555820465087891e-02
3.785985708236694336e-01
6.486427038908004761e-03
3.476678133010864258e-01
-1.027646064758300781e-01
-3.660253882408142090e-01
1.419635266065597534e-01
-1.516912877559661865e-01
2.032424360513687134e-01
-8.011766523122787476e-02
2.367622032761573792e-02
1.614239066839218140e-02
7.505089789628982544e-02
-3.630129992961883545e-01
-3.793721199035644531e-01
-4.864979535341262817e-02
2.901400029659271240e-01
7.732193171977996826e-02
1.256434153765439987e-02
-1.853663623332977295e-01
1.799849420785903931e-01
1.550119519233703613e-01
-5.690288729965686798e-03
3.518601357936859131e-01
-1.226325854659080505e-01
-1.597425639629364014e-01
-8.799599111080169678e-02
1.046035885810852051e-01
-3.969830870628356934e-01
2.200286388397216797e-01
7.840840518474578857e-02
-6.645910441875457764e-03
-3.598245680332183838e-01
5.965984985232353210e-02
-9.184283018112182617e-02
-1.749136298894882202e-02
-1.480341553688049316e-01
-1.429380625486373901e-01
1.214186381548643112e-02
9.552785754203796387e-02
-3.817985653877258301e-01
-3.930783271789550781e-01
-5.415459275245666504e-01
4.666152596473693848e-02
6.071220636367797852e-01
3.313258290290832520e-01
-2.068339586257934570e-01
1.169860512018203735e-01
3.730333447456359863e-01
1.060760915279388428e-01
-2.401241660118103027e-01
1.232667118310928345e-01
-3.142941892147064209e-01
-3.938328623771667480e-01
-1.549919992685317993e-01
-6.420817375183105469e-01
-5.618069171905517578e-01
-1.162317097187042236e-01
3.228003978729248047e-01
2.358581125736236572e-02
6.489198654890060425e-02
-3.741912841796875000e-01
1.388192176818847656e-01
-1.197152119129896164e-02
7.607083022594451904e-02
-1.132640987634658813e-03
-4.089018404483795166e-01
8.465823531150817871e-02
1.427011191844940186e-01
1.692379415035247803e-01
-1.694527715444564819e-01
-3.296896442770957947e-02
2.301330119371414185e-02
-1.825015246868133545e-02
-4.346698522567749023e-02
1.372538805007934570e-01
5.518579483032226562e-01
-1.892995834350585938e-01
-2.364469319581985474e-02
-1.118889823555946350e-02
-3.885180056095123291e-01
-1.253453046083450317e-01
-3.638889193534851074e-01
-4.375898838043212891e-01
-3.265820145606994629e-01
-3.829302638769149780e-02
-1.057923436164855957e-01
-6.597465276718139648e-02
-1.381513625383377075e-01
-1.578304469585418701e-01
-2.987178415060043335e-02
6.364848464727401733e-02
3.446565270423889160e-01
-3.529948592185974121e-01
2.775573730468750000e-02
-2.263938039541244507e-01
3.731323778629302979e-02
7.055820524692535400e-02
1.604027301073074341e-01
1.826361417770385742e-01
-3.459798097610473633e-01
1.934442669153213501e-01
1.160098314285278320e-01
3.350768983364105225e-01
1.363602280616760254e-01
-4.355732351541519165e-02
-4.520270824432373047e-01
3.641805648803710938e-01
2.216489613056182861e-01
-2.136646658182144165e-01
-7.048342376947402954e-02
-2.521280050277709961e-01
-4.048368334770202637e-01
-1.559881716966629028e-01
2.763223461806774139e-02
4.239470064640045166e-01
-9.745648503303527832e-02
-2.661647275090217590e-03
-1.100200116634368896e-01
-5.000703036785125732e-02
1.390528529882431030e-01
2.970428764820098877e-01
-3.310710787773132324e-01
1.588229835033416748e-01
1.873363554477691650e-01
-4.040172696113586426e-02
1.518162991851568222e-02
-9.687873721122741699e-02
-1.762991845607757568e-01
-2.164671421051025391e-01
6.203395128250122070e-02
1.068280637264251709e-02
1.484783291816711426e-01
-2.700595557689666748e-01
-1.146832853555679321e-01
4.264434278011322021e-01
-5.952666699886322021e-02
-2.703719437122344971e-01
-2.145260572433471680e-01
4.499481916427612305e-01
6.968713551759719849e-02
-1.687226742506027222e-01
-2.012913674116134644e-01
-3.131341189146041870e-02
-2.644453942775726318e-02
-3.963047266006469727e-01
-3.232967853546142578e-01
2.114518731832504272e-01
3.755487874150276184e-02
-7.032641768455505371e-02
2.622599899768829346e-02
-1.168746575713157654e-01
1.629861146211624146e-01
2.927842140197753906e-01
1.249520573765039444e-02
2.223904281854629517e-01
3.239728212356567383e-01
-4.011728167533874512e-01
-1.724939495325088501e-01
9.717268869280815125e-03
4.492177665233612061e-01
2.992826700210571289e-01
-5.315262079238891602e-01
-3.279133141040802002e-02
7.409563660621643066e-02
-2.101468592882156372e-01
3.050196468830108643e-01
6.750961393117904663e-02
