-3.654603064060211182e-01
3.714765906333923340e-01
-1.168253943324089050e-01
-5.828445777297019958e-02
1.423507928848266602e-04
-5.206045135855674744e-02
3.210546672344207764e-01
-1.047988422214984894e-02
6.637807190418243408e-02
2.528794407844543457e-01
1.446751952171325684e-01
-2.017478346824645996e-01
-1.184824481606483459e-01
5.066419020295143127e-02
-4.140475690364837646e-01
-1.756546273827552795e-02
-3.041204437613487244e-02
2.766827940940856934e-01
4.047164693474769592e-02
1.071104779839515686e-01
6.264549493789672852e-01
-2.118089497089385986e-01
-2.022942900657653809e-01
-2.002659440040588379e-01
-7.641380280256271362e-02
5.136623978614807129e-02
-9.272976219654083252e-02
-3.271390199661254883e-01
2.621615529060363770e-01
-7.286200299859046936e-03
9.915326535701751709e-02
-9.719803929328918457e-02
1.576833724975585938e-01
2.386027872562408447e-01
1.234283149242401123e-01
-2.934733033180236816e-01
-2.879878506064414978e-02
-5.829823389649391174e-02
3.597097694873809814e-01
8.684299886226654053e-03
3.656894713640213013e-02
-2.125886678695678711e-01
-3.372516632080078125e-01
-2.225666046142578125e-01
2.467675358057022095e-01
9.499970823526382446e-03
8.284604549407958984e-02
6.950489245355129242e-03
-4.919157549738883972e-02
-2.517570257186889648e-01
-4.897794723510742188e-01
1.264134496450424194e-01
-6.971437484025955200e-02
4.303663223981857300e-02
-6.921090930700302124e-02
-5.953239798545837402e-01
3.089449703693389893e-01
9.959413111209869385e-02
-1.317903697490692139e-01
1.614975929260253906e-01
1.683917641639709473e-01
2.743928432464599609e-01
-5.731595754623413086e-01
2.606605552136898041e-02
1.406760215759277344e-01
-1.036703065037727356e-01
9.936559945344924927e-03
-3.951658010482788086e-01
2.027422189712524414e-01
3.033973872661590576e-01
5.467609167098999023e-01
-2.613031268119812012e-01
-3.283789753913879395e-01
2.380090020596981049e-02
-5.482838302850723267e-02
1.220067217946052551e-02
-1.656988561153411865e-01
3.072941601276397705e-01
2.050744742155075073e-02
-5.194829702377319336e-01
3.217969834804534912e-01
4.049517512321472168e-01
-2.404127269983291626e-03
3.177438080310821533e-01
1.902996301651000977e-01
2.915401458740234375e-01
7.268075644969940186e-02
2.539907097816467285e-01
2.107237279415130615e-01
-6.457470357418060303e-02
3.317092657089233398e-01
-3.121387027204036713e-02
5.636558532714843750e-01
7.852416485548019409e-02
7.125731706619262695e-01
8.210510015487670898e-02
3.233269974589347839e-02
-2.307259887456893921e-01
9.921085834503173828e-02
1.466216892004013062e-01
-5.955858528614044189e-02
-1.187103390693664551e-01
-2.067032009363174438e-01
3.207686543464660645e-01
-2.248984128236770630e-01
2.016482055187225342e-01
1.510271281003952026e-01
-3.686311841011047363e-01
-3.756249547004699707e-01
1.972315013408660889e-01
5.533365067094564438e-03
-2.031471282243728638e-01
-5.194309949874877930e-01
-2.348332703113555908e-01
7.582695037126541138e-02
-2.441222220659255981e-02
1.467246264219284058e-01
-2.337383180856704712e-01
1.520237326622009277e-01
1.259496361017227173e-01
-2.541511356830596924e-01
-2.070677839219570160e-02
-1.551163643598556519e-01
-1.183731555938720703e-01
1.249231100082397461e-01
-3.060377761721611023e-02
2.457233965396881104e-01
2.076981961727142334e-01
-1.062685251235961914e-01
-3.118044734001159668e-01
-7.276796549558639526e-02
1.605795621871948242e-01
-1.991085708141326904e-01
1.206574887037277222e-01
-1.018745303153991699e-01
5.324258655309677124e-02
4.874065518379211426e-01
-3.229559063911437988e-01
-2.038779258728027344e-01
-2.030536532402038574e-01
-3.115336969494819641e-02
-2.436339259147644043e-01
1.712848544120788574e-01
8.600489795207977295e-02
3.245988786220550537e-01
9.318541735410690308e-02
1.551076620817184448e-01
-8.189320564270019531e-02
1.765204966068267822e-01
-8.872912824153900146e-02
2.645965516567230225e-01
-2.441925406455993652e-01
3.567084670066833496e-01
4.016900062561035156e-01
-2.623647823929786682e-02
-2.594270408153533936e-01
-2.632960677146911621e-01
2.943186759948730469e-01
7.729591727256774902e-01
-9.958568029105663300e-03
-1.908001676201820374e-02
1.826554983854293823e-01
2.933441400527954102e-01
2.007718235254287720e-01
2.123363912105560303e-01
-3.867017105221748352e-02
-6.153695583343505859e-01
-2.601505517959594727e-01
-2.858902812004089355e-01
3.472518920898437500e-01
-1.366721540689468384e-01
1.416831314563751221e-01
5.680542066693305969e-02
1.013290137052536011e-01
-9.748319536447525024e-02
-1.249244064092636108e-02
1.464833021163940430e-01
9.363279491662979126e-02
-1.448055505752563477e-01
4.316125512123107910e-01
-3.693053722381591797e-01
-1.627497971057891846e-01
-1.862822920083999634e-01
1.276627331972122192e-01
-3.647814691066741943e-02
1.394257098436355591e-01
2.516766265034675598e-02
-1.427609622478485107e-01
7.194673269987106323e-02
2.044197171926498413e-01
-2.883511185646057129e-01
1.429305374622344971e-01
2.648570537567138672e-01
-1.079076826572418213e-01
-1.248239651322364807e-01
4.136663079261779785e-01
3.869082033634185791e-01
-3.240620791912078857e-01
-1.264176517724990845e-01
-1.953489780426025391e-01
-1.896535754203796387e-01
3.352183103561401367e-02
-3.221565783023834229e-01
-6.877857446670532227e-02
-7.496522739529609680e-03
2.040866911411285400e-01
-2.818473577499389648e-01
-6.383846700191497803e-02
-4.482787102460861206e-03
8.485803008079528809e-02
2.032535076141357422e-01
-3.424938023090362549e-01
5.457296967506408691e-02
1.183116249740123749e-02
1.293954849243164062e-01
2.362963110208511353e-01
1.076923906803131104e-01
4.941508769989013672e-01
-1.177437454462051392e-01
1.563400328159332275e-01
-1.205041855573654175e-01
3.008327260613441467e-02
1.414841562509536743e-01
-1.478059887886047363e-01
-2.319900691509246826e-02
-7.940182089805603027e-02
-4.006555080413818359e-01
6.703553348779678345e-02
-9.399719536304473877e-02
-3.204979002475738525e-04
-4.881916642189025879e-01
-2.401508837938308716e-01
1.701408624649047852e-02
2.871269583702087402e-01
-1.688281893730163574e-01
-3.097614645957946777e-01
4.330093860626220703e-01
1.279543489217758179e-01
-1.322830021381378174e-01
3.703215718269348145e-01
-3.620910048484802246e-01
-3.162561729550361633e-02
-1.580309569835662842e-01
4.431951045989990234e-01
-5.075424909591674805e-01
-9.659210592508316040e-02
1.161328703165054321e-01
1.192402765154838562e-01
-4.274129569530487061e-01
-2.228502929210662842e-02
-2.639581263065338135e-02
-1.815722584724426270e-01
-1.819039285182952881e-01
-1.529839336872100830e-01
-9.729801118373870850e-02
2.759459614753723145e-01
-7.134510874748229980e-01
-1.640048325061798096e-01
-1.059985831379890442e-01
-1.101459711790084839e-01
3.547407388687133789e-01
-1.610801666975021362e-01
-1.837068498134613037e-01
3.945363685488700867e-02
4.114347100257873535e-01
4.738182425498962402e-01
1.238173246383666992e-01
2.410105317831039429e-01
1.372376177459955215e-02
-1.287867128849029541e-01
3.606425598263740540e-02
-5.300311446189880371e-01
-3.389005661010742188e-01
-2.656510174274444580e-01
3.209567368030548096e-01
-2.935638129711151123e-01
1.061501055955886841e-01
-3.348638117313385010e-01
3.211748301982879639e-01
2.464559301733970642e-02
5.124124512076377869e-02
-3.148074150085449219e-01
-2.767426371574401855e-01
4.262340068817138672e-01
3.835607171058654785e-01
1.125181764364242554e-01
-2.311589270830154419e-01
-5.674124881625175476e-02
-1.029948145151138306e-01
9.841522574424743652e-02
-4.647007584571838379e-01
1.074955537915229797e-01
3.766205608844757080e-01
-4.209064841270446777e-01
2.758732438087463379e-01
-4.243111610412597656e-01
-1.003507748246192932e-01
-2.070855647325515747e-01
-4.801130890846252441e-01
-3.772479891777038574e-01
7.870700210332870483e-04
-1.635985076427459717e-01
1.973761469125747681e-01
8.668801188468933105e-02
-1.815671324729919434e-01
-4.845010638236999512e-01
3.096058964729309082e-01
8.486077934503555298e-02
2.376204729080200195e-01
-1.558767855167388916e-01
-1.261495798826217651e-02
-1.981079280376434326e-01
4.954684898257255554e-02
1.356549561023712158e-01
-1.509658098220825195e-01
2.421762794256210327e-01
-4.704474210739135742e-01
-8.298665285110473633e-02
3.884391188621520996e-01
1.662401556968688965e-01
2.822702527046203613e-01
-2.462449483573436737e-02
-1.840255260467529297e-01
1.024373248219490051e-01
4.529508203268051147e-02
-3.956529796123504639e-01
-3.726837038993835449e-01
7.288306951522827148e-02
-1.707580685615539551e-01
1.046997606754302979e-01
-4.767401516437530518e-02
-1.811698973178863525e-01
-8.507303148508071899e-02
-1.721007376909255981e-02
6.120955199003219604e-02
6.936045736074447632e-02
-1.091161668300628662e-01
2.719605341553688049e-02
-4.600142315030097961e-02
8.255282044410705566e-02
3.647920191287994385e-01
7.274836301803588867e-03
3.898129761219024658e-01
-2.081329822540283203e-01
-9.482707828283309937e-02
-3.065963387489318848e-01
8.105808496475219727e-02
1.168068647384643555e-01
-1.468192636966705322e-01
7.397656142711639404e-02
-5.509054660797119141e-02
4.423910379409790039e-01
9.816509485244750977e-02
-3.185007274150848389e-01
-1.567207872867584229e-01
2.247733324766159058e-01
3.359929621219635010e-01
-1.963253915309906006e-01
-3.721123933792114258e-02
2.002871781587600708e-02
1.888857483863830566e-01
5.859498307108879089e-02
-1.461962237954139709e-03
1.693240851163864136e-01
3.763114213943481445e-01
5.915476754307746887e-02
7.849892228841781616e-02
6.699412316083908081e-02
1.970129907131195068e-01
-2.921264469623565674e-01
-5.104090087115764618e-04
-5.317145586013793945e-02
1.948084682226181030e-01
1.475026309490203857e-01
4.107961431145668030e-02
-5.053427070379257202e-03
3.985703289508819580e-01
3.614637255668640137e-02
-2.308231890201568604e-01
8.705960214138031006e-02
-1.961146593093872070e-01
-1.070040166378021240e-01
1.283852905035018921e-01
2.630187869071960449e-01
