-1.352269649505615234e-01
2.278229445219039917e-01
3.381555527448654175e-02
-1.913867890834808350e-02
-1.897021234035491943e-01
-8.960020542144775391e-02
2.561761140823364258e-01
7.596412301063537598e-02
-7.069902494549751282e-05
9.034144878387451172e-02
5.253131389617919922e-01
-1.842055767774581909e-01
-4.791650772094726562e-01
-4.829450696706771851e-02
-1.908876001834869385e-01
-2.320079505443572998e-02
3.397686779499053955e-01
3.857684731483459473e-01
3.495643734931945801e-01
6.950899958610534668e-02
6.163808703422546387e-01
-1.094870120286941528e-01
-2.355436533689498901e-01
-1.600468605756759644e-01
1.010008007287979126e-01
3.521332442760467529e-01
-2.471750974655151367e-01
-1.857104301452636719e-01
3.765604496002197266e-01
-9.909459948539733887e-02
3.121629357337951660e-01
1.245252490043640137e-01
1.202451065182685852e-01
-2.474221028387546539e-02
2.743844985961914062e-01
2.830090820789337158e-01
-2.087336033582687378e-01
-7.589600235223770142e-02
1.295888721942901611e-01
2.800068259239196777e-01
7.537421584129333496e-02
3.558959066867828369e-02
-3.485822081565856934e-01
-8.339647948741912842e-02
-1.439828574657440186e-01
1.552364788949489594e-02
-4.114356264472007751e-02
-6.115703284740447998e-02
-1.465423405170440674e-01
6.372921168804168701e-02
-3.523880243301391602e-02
-1.313537657260894775e-01
6.375507265329360962e-02
-3.652458265423774719e-02
1.065055727958679199e-01
-2.934388816356658936e-01
1.392634212970733643e-01
4.481846988201141357e-01
-8.862689137458801270e-02
2.254468351602554321e-01
-9.633209556341171265e-02
1.229749321937561035e-01
-8.647503852844238281e-01
-1.109994649887084961e-01
1.446515023708343506e-01
2.263919264078140259e-01
-2.635160088539123535e-01
-5.195227861404418945e-01
1.735999882221221924e-01
2.313685975968837738e-02
3.930459022521972656e-01
-4.538405686616897583e-02
2.563387155532836914e-01
-1.886634156107902527e-03
9.033468365669250488e-02
1.517146676778793335e-01
9.945984184741973877e-02
5.086201429367065430e-01
-2.165362089872360229e-01
-5.557426214218139648e-01
3.300088644027709961e-01
3.781587481498718262e-01
-2.193371653556823730e-01
-6.749476492404937744e-02
2.180450856685638428e-01
1.818063259124755859e-01
-5.088232830166816711e-02
4.365248978137969971e-01
2.304747328162193298e-02
-7.486478239297866821e-02
2.457333505153656006e-01
3.871817290782928467e-01
-1.051909998059272766e-01
-1.992822140455245972e-01
4.984995722770690918e-01
2.934207916259765625e-01
-7.509374618530273438e-02
-1.708494573831558228e-01
1.098904944956302643e-02
9.680948406457901001e-02
1.873376965522766113e-01
1.092270165681838989e-01
-3.460642099380493164e-01
5.398296117782592773e-01
-3.547983467578887939e-01
-1.320044696331024170e-01
3.680906817317008972e-02
-2.612223327159881592e-01
-7.353257387876510620e-05
2.569264173507690430e-01
-2.000173330307006836e-01
-1.105224117636680603e-01
-4.822267889976501465e-01
-1.103103160858154297e-01
-8.065927028656005859e-02
1.110290214419364929e-01
1.361815035343170166e-01
-2.591208815574645996e-01
3.942072391510009766e-01
3.911337256431579590e-02
1.402936130762100220e-01
-1.830468475818634033e-01
-1.879500299692153931e-01
-1.078294664621353149e-01
-1.410027500241994858e-02
-1.271417737007141113e-01
5.663091689348220825e-02
-1.662909053266048431e-02
-1.294281929731369019e-01
2.309831678867340088e-01
-1.376587599515914917e-01
2.004698365926742554e-01
5.372403562068939209e-02
6.910711526870727539e-02
-1.602213680744171143e-01
-7.015949487686157227e-02
2.835143506526947021e-01
-5.751141309738159180e-01
-3.730757832527160645e-01
-4.066281318664550781e-01
-2.774632573127746582e-01
-1.239955499768257141e-01
2.667916417121887207e-01
4.440224915742874146e-02
4.769755154848098755e-02
-6.851662695407867432e-02
3.953726589679718018e-01
-5.326450802385807037e-03
1.004983112215995789e-01
-3.126210868358612061e-01
-3.753072023391723633e-01
-2.537741661071777344e-01
1.779489219188690186e-01
1.892533600330352783e-01
2.541223168373107910e-01
-1.112738847732543945e-01
-5.731604099273681641e-01
1.549521274864673615e-02
3.836482465267181396e-01
-1.491237524896860123e-02
1.398325860500335693e-01
8.704223483800888062e-02
9.262766689062118530e-02
2.176194638013839722e-01
1.752977073192596436e-01
2.388397231698036194e-02
-4.918356835842132568e-01
-2.136233448982238770e-01
1.079772710800170898e-01
2.206693887710571289e-01
-8.743345737457275391e-02
6.045676022768020630e-02
2.263445705175399780e-01
-4.536478221416473389e-02
9.630952775478363037e-02
-2.173583954572677612e-02
4.905669391155242920e-01
6.034586578607559204e-02
-4.150418192148208618e-02
-5.559996236115694046e-03
-2.647071480751037598e-01
-5.240295529365539551e-01
-8.873070031404495239e-02
-3.072817251086235046e-02
-1.501824855804443359e-01
6.150182336568832397e-02
-3.666334748268127441e-01
-2.409045025706291199e-02
2.294263988733291626e-01
8.999130129814147949e-02
-3.506200015544891357e-01
2.720619440078735352e-01
2.716620080173015594e-02
-1.141741424798965454e-01
-9.390162676572799683e-02
1.342387795448303223e-01
3.295250833034515381e-01
-6.122022867202758789e-02
-3.773266077041625977e-01
-1.681911647319793701e-01
-1.343089044094085693e-01
2.476578652858734131e-01
-2.156198956072330475e-02
-1.161450427025556564e-02
8.083231747150421143e-02
3.089070618152618408e-01
-9.737882763147354126e-02
3.841017186641693115e-02
1.602385044097900391e-01
5.117766559123992920e-03
3.227253258228302002e-02
1.192406415939331055e-01
2.733372449874877930e-01
-8.761508762836456299e-02
-7.855884730815887451e-02
3.658124208450317383e-01
-1.377752572298049927e-01
4.383469223976135254e-01
2.418906986713409424e-01
9.208291769027709961e-02
8.811922743916511536e-03
-2.693316340446472168e-01
1.083210036158561707e-01
-1.046206951141357422e-01
7.340328395366668701e-02
3.746970891952514648e-01
-1.069821715354919434e-01
1.082282513380050659e-01
-1.990912258625030518e-01
5.655585974454879761e-02
-2.315444648265838623e-01
6.188815459609031677e-03
2.691711783409118652e-01
3.294619917869567871e-01
-1.240671724081039429e-01
-3.610391616821289062e-01
3.310638070106506348e-01
-7.381302863359451294e-02
-3.972115516662597656e-01
2.405398786067962646e-01
-5.165519714355468750e-01
1.074752360582351685e-01
2.074158005416393280e-02
2.276274189352989197e-02
-3.168897330760955811e-01
1.837628036737442017e-01
2.637162208557128906e-01
1.373074501752853394e-01
-3.017156124114990234e-01
-1.673524975776672363e-01
4.882583022117614746e-02
6.774162501096725464e-02
-1.239500865340232849e-01
-1.888553351163864136e-01
-1.630262136459350586e-01
-1.045813262462615967e-01
-6.103636026382446289e-01
-2.916565537452697754e-01
-1.583095490932464600e-01
-1.652763783931732178e-01
4.172345995903015137e-01
1.791632175445556641e-01
-2.952314615249633789e-01
3.970173895359039307e-01
2.888525724411010742e-01
3.356853723526000977e-01
-3.834655880928039551e-02
-1.286433637142181396e-01
-1.244651377201080322e-01
-4.678426980972290039e-01
1.395391821861267090e-01
-4.944979548454284668e-01
-2.776210010051727295e-01
5.623155087232589722e-02
2.008078992366790771e-01
-1.451117694377899170e-01
1.922578215599060059e-01
-4.674754738807678223e-01
3.374619185924530029e-01
1.076536029577255249e-01
2.346632815897464752e-02
-4.892976582050323486e-01
-3.104314804077148438e-01
2.934437394142150879e-01
2.867705821990966797e-01
4.910570755600929260e-02
1.377208232879638672e-01
-1.992129981517791748e-01
-2.247484624385833740e-01
3.092991933226585388e-02
3.349028527736663818e-02
3.397426903247833252e-01
6.242433935403823853e-02
1.200718432664871216e-01
8.364453911781311035e-02
-3.199942111968994141e-01
-1.117277145385742188e-01
-1.780040860176086426e-01
-1.549138128757476807e-01
-5.933200120925903320e-01
-1.014360934495925903e-01
-3.056673705577850342e-01
6.527912616729736328e-02
-7.728176191449165344e-03
-3.123814612627029419e-02
-2.535087466239929199e-01
-2.263192981481552124e-01
-1.235226392745971680e-01
3.226665854454040527e-01
-2.849155068397521973e-01
-1.113597303628921509e-01
5.708494782447814941e-02
-4.039613157510757446e-02
1.974360048770904541e-01
-3.467356413602828979e-02
3.983584046363830566e-01
-4.457830786705017090e-01
1.306845620274543762e-02
-3.394478932023048401e-03
2.378754317760467529e-01
5.912269651889801025e-02
2.241264283657073975e-02
-4.640099406242370605e-01
-2.626238465309143066e-01
7.916593551635742188e-02
-1.945966184139251709e-01
-6.245971098542213440e-02
-2.801139950752258301e-01
-1.799688339233398438e-01
1.975269019603729248e-01
-2.416321784257888794e-01
3.025836646556854248e-01
-2.812088131904602051e-01
-1.879747807979583740e-01
-1.902210339903831482e-02
5.509471520781517029e-02
2.140517234802246094e-01
1.400456428527832031e-01
-2.976377494633197784e-02
-5.644432082772254944e-02
4.479717090725898743e-02
-1.062211394309997559e-01
-6.668430566787719727e-02
1.484830826520919800e-01
-8.790352940559387207e-02
-1.801230907440185547e-01
1.701206415891647339e-01
6.785664558410644531e-01
2.413154542446136475e-01
-1.148632541298866272e-02
7.741548120975494385e-02
3.645239472389221191e-01
1.820430457592010498e-01
-2.957953512668609619e-01
-3.228754997253417969e-01
1.132445111870765686e-01
1.207755655050277710e-01
1.586218476295471191e-01
1.224246844649314880e-01
3.808122873306274414e-01
7.342662662267684937e-02
-2.924735657870769501e-02
3.448670357465744019e-02
2.238560914993286133e-01
1.243798658251762390e-01
-9.239962697029113770e-02
-6.263665854930877686e-02
-3.919083625078201294e-02
7.834046334028244019e-02
3.276395052671432495e-02
-3.558238223195075989e-02
5.728228390216827393e-02
8.531473577022552490e-02
-8.080883324146270752e-02
-1.310847699642181396e-01
1.138546094298362732e-01
2.262144833803176880e-01
3.037868440151214600e-02
-1.945628076791763306e-01
9.762207418680191040e-02
-1.559111475944519043e-01
-1.771953254938125610e-01
3.189200162887573242e-01
2.597316205501556396e-01
