-4.141137599945068359e-01
4.710339605808258057e-01
-2.940436601638793945e-01
-1.501301303505897522e-02
-2.560680508613586426e-01
-1.062369421124458313e-01
6.359100341796875000e-02
2.697259187698364258e-01
-1.717840507626533508e-02
1.853684708476066589e-02
1.689893305301666260e-01
-1.585572957992553711e-01
-2.067162245512008667e-01
-3.859189897775650024e-02
-1.025349199771881104e-01
-2.165892422199249268e-01
3.725014999508857727e-02
3.396088182926177979e-01
7.486343383789062500e-02
3.744130581617355347e-02
3.694567680358886719e-01
-1.399669647216796875e-01
8.181869238615036011e-02
9.142613410949707031e-02
-2.637601196765899658e-01
2.008345574140548706e-01
-7.777417451143264771e-02
-1.650363802909851074e-01
1.602183282375335693e-01
8.167254924774169922e-02
1.109612360596656799e-01
-7.199860364198684692e-02
4.058913588523864746e-01
2.096814513206481934e-01
4.851975291967391968e-02
-1.319601759314537048e-02
-5.495559796690940857e-02
-5.832123756408691406e-02
1.665066778659820557e-01
1.794652491807937622e-01
1.734594628214836121e-02
-2.222689241170883179e-01
-2.808454632759094238e-01
1.307755801826715469e-02
2.915245890617370605e-01
-1.192347183823585510e-01
-1.419623102992773056e-02
1.446858644485473633e-01
7.672363519668579102e-02
9.047566913068294525e-03
-3.745473325252532959e-01
-1.754134446382522583e-01
-9.676530212163925171e-02
1.571333110332489014e-01
1.425178498029708862e-01
-4.040220379829406738e-01
9.708525240421295166e-02
1.116692870855331421e-01
-1.534312069416046143e-01
9.534969180822372437e-02
-1.261197030544281006e-01
3.517701029777526855e-01
-3.193423748016357422e-01
1.094515919685363770e-01
1.093273162841796875e-01
-6.594976782798767090e-02
-4.936335980892181396e-02
6.966225802898406982e-02
3.168479204177856445e-01
-1.211229041218757629e-01
3.944144845008850098e-01
-2.583560347557067871e-01
-3.151288628578186035e-01
1.310029029846191406e-01
-1.803903579711914062e-01
9.815011918544769287e-02
-9.727382659912109375e-02
6.361740827560424805e-02
-3.081662356853485107e-01
-5.180671811103820801e-01
1.876778602600097656e-01
1.174779385328292847e-01
4.992126487195491791e-03
3.836557269096374512e-02
1.208113655447959900e-01
2.764119505882263184e-01
2.236107140779495239e-01
2.557803392410278320e-01
3.667800128459930420e-01
-1.137144416570663452e-01
2.053059786558151245e-01
1.145460680127143860e-01
8.446810394525527954e-02
2.821932546794414520e-03
6.092844009399414062e-01
1.075520962476730347e-01
-2.572282552719116211e-01
-1.636942923069000244e-01
-1.163392663002014160e-01
6.943433731794357300e-02
-1.493051499128341675e-01
-3.083838820457458496e-01
-1.042205691337585449e-01
4.924518167972564697e-01
-3.280507624149322510e-01
-7.934859395027160645e-02
3.740776479244232178e-01
-1.004265919327735901e-01
-2.326286137104034424e-01
2.660247981548309326e-01
-3.264135122299194336e-01
-4.650158807635307312e-02
-5.017675757408142090e-01
-2.850615605711936951e-02
1.516465097665786743e-01
2.364882081747055054e-01
1.671867519617080688e-01
-9.972161799669265747e-02
-1.309776306152343750e-02
3.319282531738281250e-01
-2.090004533529281616e-01
-1.030528321862220764e-01
-3.570746630430221558e-03
1.838055849075317383e-01
1.458892598748207092e-02
-4.065765738487243652e-01
3.983238935470581055e-01
6.372144073247909546e-02
-2.745862901210784912e-01
-2.162006348371505737e-01
1.490467041730880737e-01
3.214089572429656982e-01
8.442404121160507202e-02
3.087863326072692871e-01
7.877316325902938843e-03
-2.247105687856674194e-01
2.871024012565612793e-01
-2.431513220071792603e-01
-2.679515779018402100e-01
-2.535754740238189697e-01
-1.722175478935241699e-01
-8.993514627218246460e-02
-1.349475234746932983e-01
-1.701853424310684204e-01
3.422212004661560059e-01
-8.975316584110260010e-02
1.373301446437835693e-01
4.924085363745689392e-02
2.759899944067001343e-02
-2.420798540115356445e-01
2.338697463274002075e-01
-3.627805709838867188e-01
4.864266514778137207e-02
4.986932575702667236e-01
7.455146312713623047e-02
-2.021104991436004639e-01
9.084784984588623047e-02
2.746395766735076904e-01
4.023714363574981689e-01
-2.791431546211242676e-01
-2.143855988979339600e-01
8.490282297134399414e-02
3.840824365615844727e-01
4.436790347099304199e-01
2.859729826450347900e-01
-1.543365716934204102e-01
-6.109145283699035645e-01
1.650019288063049316e-01
-1.044511944055557251e-01
1.051082164049148560e-01
-2.556799538433551788e-02
1.167562752962112427e-01
-8.327883481979370117e-02
1.890750527381896973e-01
5.860240012407302856e-02
-1.630345284938812256e-01
7.458713650703430176e-02
-9.047983586788177490e-02
-1.292928308248519897e-01
1.553553044795989990e-01
-3.923032581806182861e-01
-1.521866619586944580e-01
1.759016513824462891e-01
-1.105529069900512695e-01
-4.041089862585067749e-02
1.864613592624664307e-01
1.242998242378234863e-01
5.161065235733985901e-02
-1.440864522010087967e-03
3.248528838157653809e-01
-2.085746526718139648e-01
-1.713008061051368713e-02
8.642855286598205566e-02
-9.958197176456451416e-02
-3.227975368499755859e-01
5.723991245031356812e-02
3.752847313880920410e-01
8.904059231281280518e-02
-2.548538446426391602e-01
1.536713540554046631e-01
-2.544324398040771484e-01
1.766951754689216614e-02
1.252562701702117920e-01
-8.379781246185302734e-02
3.131019473075866699e-01
4.726652428507804871e-02
-1.429510414600372314e-01
-1.522092819213867188e-01
1.039405614137649536e-01
1.747619807720184326e-01
1.899087727069854736e-01
-1.803423613309860229e-01
1.095797866582870483e-02
1.005315631628036499e-01
1.135015934705734253e-01
3.648197352886199951e-01
8.704254031181335449e-02
4.764513373374938965e-01
-3.900885283946990967e-01
2.051687240600585938e-01
-2.134634181857109070e-02
-4.563935399055480957e-01
1.985039561986923218e-04
2.619169279932975769e-02
4.132628813385963440e-02
7.404602132737636566e-03
-3.906428217887878418e-01
1.029103770852088928e-01
-3.515763953328132629e-02
2.240533232688903809e-01
-3.276705145835876465e-01
4.422490298748016357e-02
2.563638687133789062e-01
2.036538273096084595e-01
-7.157884538173675537e-02
-4.676140844821929932e-01
3.278259038925170898e-01
1.077325642108917236e-01
6.661068648099899292e-02
3.312836289405822754e-01
-2.883256077766418457e-01
-1.032689213752746582e-02
-1.431947648525238037e-01
2.017269730567932129e-01
-5.287594795227050781e-01
2.029797062277793884e-02
-1.140984706580638885e-02
1.636717468500137329e-01
-5.308501720428466797e-01
2.176763489842414856e-02
-9.806253761053085327e-02
1.315229535102844238e-01
7.376520335674285889e-02
-1.149104721844196320e-02
-1.058906167745590210e-01
-4.423151165246963501e-02
-5.135638117790222168e-01
-2.231544405221939087e-01
-3.343829140067100525e-02
2.768319547176361084e-01
3.686904907226562500e-01
3.106568157672882080e-01
-1.264187097549438477e-01
1.653420329093933105e-01
1.904163658618927002e-01
2.706978023052215576e-01
-3.089606761932373047e-01
-2.021935209631919861e-02
-2.118547409772872925e-01
7.237724959850311279e-03
-1.743302047252655029e-01
-5.832816362380981445e-01
-1.283857971429824829e-01
-1.503699719905853271e-01
4.737470149993896484e-01
-3.379158675670623779e-01
-1.542784869670867920e-01
-4.313471019268035889e-01
3.353034853935241699e-01
-2.751205861568450928e-01
-2.053335309028625488e-01
-4.017467498779296875e-01
-3.588206470012664795e-01
1.357837617397308350e-01
3.480739146471023560e-02
1.052425242960453033e-03
-3.857615888118743896e-01
-1.656238138675689697e-01
-9.327547252178192139e-02
3.212584555149078369e-02
-1.316024214029312134e-01
-7.172913104295730591e-02
1.364860981702804565e-01
-7.843543589115142822e-02
6.617517024278640747e-02
-2.622646391391754150e-01
-4.476304352283477783e-02
2.438605017960071564e-02
-2.977821230888366699e-01
-5.481088757514953613e-01
-1.268925368785858154e-01
-1.883677020668983459e-02
1.062519773840904236e-01
-7.434733211994171143e-03
-1.945199370384216309e-01
-3.818435668945312500e-01
-5.432547070086002350e-03
-1.203132644295692444e-01
2.366646677255630493e-01
1.254524737596511841e-01
-9.636996686458587646e-02
-1.837501227855682373e-01
-8.924354612827301025e-02
1.805117130279541016e-01
4.999195039272308350e-02
2.278421819210052490e-01
-2.149985432624816895e-01
-3.711654990911483765e-02
2.235501706600189209e-01
2.685617208480834961e-01
8.020702004432678223e-02
-2.635702490806579590e-01
-3.847243636846542358e-02
5.488811731338500977e-01
9.137932211160659790e-02
-1.217700392007827759e-01
-2.737914323806762695e-01
-3.710325360298156738e-01
1.199507433921098709e-02
1.895495951175689697e-01
-2.514358162879943848e-01
9.868431091308593750e-02
1.333665698766708374e-01
-1.604699194431304932e-01
-4.089575260877609253e-02
1.574777066707611084e-01
2.084426283836364746e-01
2.159053832292556763e-01
-9.261302649974822998e-02
-9.771487116813659668e-02
8.724069595336914062e-02
-1.863202452659606934e-02
8.935423195362091064e-02
-3.537768125534057617e-01
-1.847665160894393921e-01
-1.452716886997222900e-01
1.279335021972656250e-01
1.133188903331756592e-01
-1.864283531904220581e-02
-2.067105658352375031e-02
1.266677081584930420e-01
3.102060556411743164e-01
1.166550517082214355e-01
-2.449638247489929199e-01
-8.613272011280059814e-02
8.804880827665328979e-02
4.766962677240371704e-02
-6.167295202612876892e-02
3.196606785058975220e-02
2.589123845100402832e-01
1.929527223110198975e-01
1.350369751453399658e-01
-1.092846319079399109e-01
1.333961784839630127e-01
2.056021094322204590e-01
8.092761784791946411e-02
1.192041188478469849e-01
-2.044304311275482178e-01
-1.328780055046081543e-01
4.844794049859046936e-03
1.807658933103084564e-02
-2.307508513331413269e-02
4.695381820201873779e-01
1.685076504945755005e-01
4.919075965881347656e-02
-3.421242907643318176e-02
3.559316992759704590e-01
1.605025678873062134e-02
-8.612200617790222168e-02
3.266046047210693359e-01
-1.245723515748977661e-01
-2.644875645637512207e-01
-8.956973999738693237e-02
3.844390064477920532e-02
