-3.271765708923339844e-01
5.082954168319702148e-01
-3.517277240753173828e-01
-3.657214641571044922e-01
-1.115472391247749329e-01
-2.398110181093215942e-01
2.025004923343658447e-01
1.670280396938323975e-01
-3.505012392997741699e-02
1.798236370086669922e-02
4.552429914474487305e-01
-4.008511304855346680e-01
-2.240309864282608032e-01
-1.201408579945564270e-01
-5.489624664187431335e-02
-1.314828544855117798e-02
9.098520874977111816e-02
5.380812287330627441e-01
-6.535296142101287842e-02
-2.967666368931531906e-04
2.302840948104858398e-01
-6.986211240291595459e-02
-2.342980951070785522e-01
-3.813418559730052948e-03
2.169474661350250244e-01
2.756769359111785889e-01
-4.270608723163604736e-02
-2.897413372993469238e-01
3.381297886371612549e-01
2.626583278179168701e-01
1.658156961202621460e-01
4.493409395217895508e-02
2.514178454875946045e-01
4.394494295120239258e-01
3.793840408325195312e-01
9.790639579296112061e-02
-1.819623410701751709e-01
5.049118399620056152e-02
1.707393676042556763e-01
2.277042418718338013e-01
-7.773891091346740723e-02
-3.273037672042846680e-01
-4.115686714649200439e-01
-1.522326190024614334e-02
5.905117839574813843e-02
-1.609043180942535400e-01
-3.199927210807800293e-01
-3.149675577878952026e-02
-1.164248511195182800e-01
-2.922268817201256752e-03
-4.607723951339721680e-01
-2.111118584871292114e-01
-1.479182839393615723e-01
-1.202199310064315796e-01
4.364947080612182617e-01
-3.751057982444763184e-01
-1.244269758462905884e-01
2.458456158638000488e-01
-4.344954714179039001e-02
-9.650251269340515137e-02
3.029281646013259888e-02
2.069080024957656860e-01
-6.660448312759399414e-01
1.095798462629318237e-01
1.824155747890472412e-01
1.917496323585510254e-01
-2.227464318275451660e-02
-2.755042910575866699e-01
-1.746868193149566650e-01
-5.885343253612518311e-02
4.474754929542541504e-01
-2.694198489189147949e-01
-2.401459515094757080e-01
1.245017722249031067e-02
4.592385888099670410e-02
-3.733899593353271484e-01
-2.280170470476150513e-01
3.920228779315948486e-01
-2.298728078603744507e-01
-4.509107470512390137e-01
1.877839565277099609e-01
3.771242499351501465e-01
-3.249618709087371826e-01
3.737864792346954346e-01
-1.836906373500823975e-01
1.796867698431015015e-01
-1.196416914463043213e-01
9.510160982608795166e-02
4.150280356407165527e-01
-3.089424222707748413e-03
4.623790383338928223e-01
1.287025213241577148e-01
2.700168490409851074e-01
-1.089103519916534424e-01
4.123502969741821289e-01
2.561379075050354004e-01
4.090640321373939514e-02
-4.321141541004180908e-02
3.326588869094848633e-01
5.361440032720565796e-02
-3.807473182678222656e-02
-9.028431773185729980e-02
-1.600023210048675537e-01
7.597765326499938965e-02
-3.124069273471832275e-01
-1.595360040664672852e-01
2.900925278663635254e-01
-5.187694728374481201e-02
6.244541145861148834e-03
9.946231544017791748e-02
-2.291676104068756104e-01
-6.546455435454845428e-03
-7.477276325225830078e-01
-2.594356834888458252e-01
1.546518206596374512e-01
-2.656422182917594910e-02
3.664191961288452148e-01
-2.202847152948379517e-01
1.296837031841278076e-01
-1.280648708343505859e-01
3.856102004647254944e-03
3.025910556316375732e-01
-6.519380956888198853e-02
-4.662660509347915649e-02
-1.334880739450454712e-01
7.057946175336837769e-02
1.496588587760925293e-01
1.677261441946029663e-01
-5.320374369621276855e-01
-1.619650423526763916e-01
-4.268871620297431946e-03
1.974096745252609253e-01
4.145664721727371216e-02
-2.127369642257690430e-01
6.466907262802124023e-02
-4.144115746021270752e-02
3.009672462940216064e-01
-1.935957521200180054e-01
-2.157051116228103638e-01
-2.686413228511810303e-01
-3.441941142082214355e-01
-3.914477825164794922e-01
1.166518479585647583e-01
-1.704588979482650757e-01
4.643997550010681152e-01
-8.302372694015502930e-02
3.437495827674865723e-01
3.981019258499145508e-01
2.026010006666183472e-01
-2.224605977535247803e-01
1.166008114814758301e-01
-3.325138986110687256e-01
1.747148334980010986e-01
1.367058753967285156e-01
6.319552659988403320e-02
-2.188960015773773193e-01
-1.071132495999336243e-01
4.159164428710937500e-01
4.273991584777832031e-01
1.044515073299407959e-01
-1.331422626972198486e-01
1.560943126678466797e-01
1.959756016731262207e-01
2.491491883993148804e-01
2.153384536504745483e-01
-1.460186839103698730e-01
-2.545686662197113037e-01
-1.836249530315399170e-01
-2.771887183189392090e-01
3.135995268821716309e-01
1.387273613363504410e-02
-8.065637946128845215e-02
1.744309365749359131e-01
3.293098211288452148e-01
1.629012972116470337e-01
-2.344546616077423096e-01
1.428826302289962769e-01
-1.793316192924976349e-02
1.725536882877349854e-01
9.367807209491729736e-02
-1.660273075103759766e-01
-1.522826030850410461e-03
-1.230874843895435333e-02
-2.306690812110900879e-01
-6.533334404230117798e-02
-1.014436036348342896e-02
-2.227418422698974609e-01
-3.334667533636093140e-02
-6.012380123138427734e-03
4.157455563545227051e-01
-4.761928021907806396e-01
1.442146897315979004e-01
-7.054053246974945068e-02
-1.494520455598831177e-01
-2.412012815475463867e-01
3.395920991897583008e-01
5.699837207794189453e-01
-8.645723015069961548e-02
-1.481076478958129883e-01
-7.097205519676208496e-02
-8.366741240024566650e-02
2.800679802894592285e-01
-5.700141936540603638e-02
-1.212122440338134766e-01
-4.415925964713096619e-02
3.604174852371215820e-01
-7.662174105644226074e-02
1.919316127896308899e-03
-1.759342849254608154e-01
8.951300382614135742e-02
3.626696392893791199e-02
-2.081439793109893799e-01
7.676220685243606567e-02
5.252634286880493164e-01
3.387414515018463135e-01
1.674918681383132935e-01
2.007097303867340088e-01
4.382662177085876465e-01
-2.302535623311996460e-01
2.450847923755645752e-01
-1.213063150644302368e-01
-3.338310420513153076e-01
4.384279847145080566e-01
-1.398420631885528564e-01
2.736931852996349335e-02
6.510303914546966553e-02
-5.997154712677001953e-01
-8.966755121946334839e-02
-1.058000922203063965e-01
-2.411035150289535522e-01
-2.821073830127716064e-01
-4.328184425830841064e-01
1.564602106809616089e-01
-3.264950588345527649e-03
-2.085465043783187866e-01
-1.827413588762283325e-01
8.178952336311340332e-02
-2.924013137817382812e-02
-4.225789010524749756e-01
1.304768323898315430e-01
-2.708051800727844238e-01
2.228835076093673706e-01
2.648744545876979828e-02
2.698288559913635254e-01
-9.650158882141113281e-02
-3.480948209762573242e-01
3.148095309734344482e-02
3.824574053287506104e-01
-2.428139746189117432e-01
-1.772328838706016541e-02
-1.110115945339202881e-01
5.887325108051300049e-02
1.260358244180679321e-01
-2.134150266647338867e-01
-5.692557618021965027e-02
2.263098955154418945e-02
-1.522996127605438232e-01
-3.851829767227172852e-01
-5.425751209259033203e-01
5.841460078954696655e-04
2.746995091438293457e-01
-9.668938815593719482e-03
-6.818733364343643188e-02
3.079769611358642578e-01
2.823903262615203857e-01
1.540727168321609497e-01
-1.124748736619949341e-01
8.174007758498191833e-03
1.852814666926860809e-02
-1.529829800128936768e-01
1.046949699521064758e-01
-4.485287070274353027e-01
-1.061973273754119873e-01
-4.558700621128082275e-01
4.879688322544097900e-01
-1.689276844263076782e-02
5.148105323314666748e-02
-4.536998867988586426e-01
2.418688833713531494e-01
3.195025324821472168e-01
4.109597951173782349e-02
-2.104752659797668457e-01
-2.878881692886352539e-01
1.145330145955085754e-01
4.398930072784423828e-02
4.279374703764915466e-02
-5.229494720697402954e-02
2.547217011451721191e-01
7.769363373517990112e-02
3.894508630037307739e-02
4.635578021407127380e-02
-2.636872529983520508e-01
2.225644886493682861e-01
-1.732574254274368286e-01
-8.759114891290664673e-02
-2.316664755344390869e-01
-2.248956263065338135e-01
-1.669172942638397217e-01
-2.063794136047363281e-01
-2.897140383720397949e-01
-2.192107774317264557e-02
-1.130922511219978333e-01
2.942144572734832764e-01
1.325661987066268921e-01
-1.849257946014404297e-01
-1.484878361225128174e-01
-7.453076541423797607e-04
-6.544177234172821045e-02
4.315316379070281982e-01
-2.460617721080780029e-01
-2.317864894866943359e-01
-1.044127643108367920e-01
-1.928397119045257568e-01
1.158860921859741211e-01
9.601408243179321289e-02
2.451227456331253052e-01
-2.676353752613067627e-01
3.752838969230651855e-01
3.010468482971191406e-01
2.585498690605163574e-01
2.877075597643852234e-02
2.401709742844104767e-02
-3.060369491577148438e-01
-7.131527364253997803e-02
-4.135285317897796631e-02
-1.383092254400253296e-01
-6.149998307228088379e-02
-1.896497011184692383e-01
-4.929011687636375427e-02
8.727800846099853516e-02
-2.349397391080856323e-01
2.648490071296691895e-01
-3.501550853252410889e-01
4.157831147313117981e-02
-2.432109266519546509e-01
1.468043774366378784e-01
1.468587219715118408e-01
-1.787463948130607605e-02
-1.609158888459205627e-02
8.597882091999053955e-02
3.158739805221557617e-01
-5.003191530704498291e-02
-2.617874145507812500e-01
-1.365937888622283936e-01
-5.601884126663208008e-01
-6.908745318651199341e-02
4.642179235816001892e-02
4.766284823417663574e-01
2.992291450500488281e-01
-6.140606477856636047e-03
6.799818575382232666e-02
3.388498425483703613e-01
5.604327470064163208e-02
-3.218242526054382324e-01
2.953071892261505127e-02
1.023830622434616089e-01
-1.888361275196075439e-01
-2.027487754821777344e-01
3.066818788647651672e-02
4.274464547634124756e-01
6.581285595893859863e-02
2.549109458923339844e-01
-2.152084261178970337e-01
1.509388238191604614e-01
3.813049793243408203e-01
7.305134832859039307e-02
-8.282616734504699707e-02
1.050186455249786377e-01
3.609428107738494873e-01
-6.660700589418411255e-02
-2.592960596084594727e-01
-6.826650351285934448e-02
1.751749217510223389e-01
-2.940330840647220612e-02
1.519386172294616699e-01
3.535056710243225098e-01
3.256234526634216309e-01
-1.487797498703002930e-01
-1.861524879932403564e-01
1.139057055115699768e-02
2.251401096582412720e-01
-4.337570965290069580e-01
2.507454156875610352e-01
1.923558861017227173e-01
