-5.383938550949096680e-01
4.109843969345092773e-01
-2.056657224893569946e-01
-1.205739751458168030e-01
3.663638373836874962e-03
4.139179736375808716e-02
3.947302997112274170e-01
3.553964495658874512e-01
1.820846796035766602e-01
1.765611767768859863e-01
5.617253780364990234e-01
-1.659864485263824463e-01
-2.064703106880187988e-01
6.202426180243492126e-02
-5.040756464004516602e-01
-2.546715736389160156e-01
-6.953462958335876465e-02
-4.843467473983764648e-02
-2.200641436502337456e-03
2.443613409996032715e-01
2.746163308620452881e-01
-2.905610203742980957e-01
-1.535281240940093994e-01
-1.855188049376010895e-02
1.230543032288551331e-01
2.811789810657501221e-01
-1.501934416592121124e-02
1.376055330038070679e-01
9.092649817466735840e-02
1.153446659445762634e-01
-2.293653786182403564e-02
8.366556465625762939e-02
4.914710223674774170e-01
1.922450959682464600e-01
2.107272297143936157e-01
-3.869797289371490479e-01
6.575819104909896851e-02
4.143095761537551880e-02
1.282889693975448608e-01
3.184105828404426575e-02
-1.581403017044067383e-01
-5.513296723365783691e-01
-2.411469966173171997e-01
-1.972500681877136230e-01
4.412727952003479004e-01
1.700605899095535278e-01
-2.125557698309421539e-02
1.159373149275779724e-01
1.449756417423486710e-02
-2.425060272216796875e-01
-3.105656504631042480e-01
2.365821301937103271e-01
-6.218621134757995605e-02
-3.825362026691436768e-01
1.514352262020111084e-01
-3.418786525726318359e-01
5.498841404914855957e-01
2.017536200582981110e-02
4.681270197033882141e-02
-1.785711944103240967e-02
3.899980783462524414e-01
-3.248035609722137451e-01
-7.008292675018310547e-01
-1.711901724338531494e-01
-1.834977716207504272e-01
-1.550567150115966797e-01
1.230719126760959625e-02
-1.775350049138069153e-02
-8.432643860578536987e-02
2.114005386829376221e-01
3.030321300029754639e-01
-5.665982961654663086e-01
-2.947829663753509521e-01
-3.530854284763336182e-01
1.828676313161849976e-01
-1.340562663972377777e-02
-8.029287308454513550e-02
3.769829124212265015e-02
-2.110534906387329102e-01
-4.648888707160949707e-01
-1.284607499837875366e-01
5.082649737596511841e-02
-3.267438411712646484e-01
-7.873142138123512268e-03
8.633700013160705566e-02
4.791789054870605469e-01
3.068985044956207275e-01
-6.442593783140182495e-02
1.845097690820693970e-01
2.821445465087890625e-02
2.583341896533966064e-01
-7.284264266490936279e-02
2.000691294670104980e-01
-2.089743912220001221e-01
4.713790714740753174e-01
2.799969911575317383e-01
-2.675865292549133301e-01
-2.755533754825592041e-01
4.116537272930145264e-01
1.048735082149505615e-01
3.031712472438812256e-01
3.098501861095428467e-01
-5.367656350135803223e-01
2.850928604602813721e-01
-4.438695609569549561e-01
1.379477512091398239e-02
1.692952960729598999e-01
2.839450836181640625e-01
-5.354719981551170349e-02
-1.742513179779052734e-01
-8.262301236391067505e-02
-1.529635488986968994e-01
-2.624867856502532959e-01
-1.220391094684600830e-01
5.670838803052902222e-02
-1.999218016862869263e-01
1.661375910043716431e-01
-5.000649392604827881e-02
4.438711702823638916e-01
3.067525923252105713e-01
2.701532328501343727e-03
-1.601144820451736450e-01
-2.240673154592514038e-01
2.684615366160869598e-02
1.641515046358108521e-01
-3.504994511604309082e-01
4.387733936309814453e-01
1.935482919216156006e-01
-2.450890243053436279e-01
-1.658076643943786621e-01
1.337167024612426758e-01
-2.369602397084236145e-02
-2.561254203319549561e-01
6.790164113044738770e-02
-4.519860446453094482e-01
-1.715627759695053101e-01
5.500320792198181152e-01
-5.226179212331771851e-02
-1.573351621627807617e-01
-1.509851217269897461e-01
-3.875925540924072266e-01
7.357984781265258789e-02
2.241047322750091553e-01
-1.090959161520004272e-01
-1.936735957860946655e-01
-1.439882814884185791e-01
-7.170733809471130371e-02
9.426738321781158447e-02
2.545191645622253418e-01
-2.570938766002655029e-01
4.107018411159515381e-01
-5.186427831649780273e-01
2.467852979898452759e-01
7.163906097412109375e-02
3.088556230068206787e-01
-2.386421263217926025e-01
-2.955602109432220459e-01
4.788532257080078125e-01
6.191711425781250000e-01
1.893888264894485474e-01
6.929915398359298706e-02
1.918331384658813477e-01
1.262948364019393921e-01
2.097706645727157593e-01
2.779901027679443359e-01
-2.141721360385417938e-02
-4.465818107128143311e-01
-2.101632356643676758e-01
-8.700565993785858154e-02
3.719802200794219971e-01
-2.593430280685424805e-01
1.234414502978324890e-01
-9.242070466279983521e-02
2.219132035970687866e-01
1.732216477394104004e-01
3.285641968250274658e-01
2.930336594581604004e-01
1.524940282106399536e-01
-6.611948609352111816e-01
2.746825516223907471e-01
-1.514900177717208862e-01
-4.926304519176483154e-01
1.886740475893020630e-01
5.916906520724296570e-02
1.237331554293632507e-01
3.144038319587707520e-01
2.518566250801086426e-01
-4.790020734071731567e-02
-5.744001269340515137e-01
1.865432560443878174e-01
-3.314839005470275879e-01
1.911242753267288208e-01
4.063406214118003845e-02
4.771144688129425049e-01
4.264407604932785034e-02
-2.863180041313171387e-01
1.801956444978713989e-01
-2.680964767932891846e-01
-2.090008705854415894e-01
-2.289004176855087280e-01
-4.127783179283142090e-01
3.406910300254821777e-01
2.485406845808029175e-01
-1.031036395579576492e-02
3.574629426002502441e-01
2.394541501998901367e-01
-5.498528480529785156e-01
-2.286328822374343872e-01
-4.388918280601501465e-01
7.641431689262390137e-02
2.418566495180130005e-01
-1.759377866983413696e-01
4.148204326629638672e-01
-8.138933777809143066e-02
1.133369207382202148e-01
2.697491645812988281e-01
-1.941118240356445312e-01
1.118748858571052551e-01
7.795221358537673950e-02
2.725360170006752014e-02
-2.561278045177459717e-01
8.133880794048309326e-03
1.771588027477264404e-01
-2.253752797842025757e-01
-3.189033567905426025e-01
2.555155754089355469e-01
-1.926938742399215698e-01
-1.770316809415817261e-01
-1.754880100488662720e-01
-2.074034065008163452e-01
-4.015448987483978271e-01
-2.239425331354141235e-01
3.079360127449035645e-01
9.989817440509796143e-02
4.745334759354591370e-02
2.145170792937278748e-02
9.694655984640121460e-02
2.125443071126937866e-01
6.282937526702880859e-02
1.172414943575859070e-01
-1.809379607439041138e-01
-4.422696232795715332e-01
-7.872560620307922363e-02
3.429757952690124512e-01
-8.234100043773651123e-02
-9.952364861965179443e-02
1.522680371999740601e-01
2.061093151569366455e-01
-1.202679798007011414e-02
7.871237397193908691e-02
-5.060552358627319336e-01
6.285157799720764160e-02
-7.194176316261291504e-02
-1.066322773694992065e-01
-1.200732514262199402e-01
-1.291714757680892944e-01
-2.750637233257293701e-01
3.926004767417907715e-01
-3.191165328025817871e-01
-2.215285897254943848e-01
4.613117575645446777e-01
-2.096056193113327026e-01
4.885707516223192215e-03
3.166175261139869690e-02
5.443107485771179199e-01
4.518298506736755371e-01
1.246384829282760620e-01
-6.241776049137115479e-02
-2.183847576379776001e-01
-2.442395091056823730e-01
-2.833623290061950684e-01
-5.925069451332092285e-01
-4.487349987030029297e-01
-5.230509489774703979e-02
3.539265692234039307e-01
-1.444943398237228394e-01
2.088999003171920776e-01
-3.665122389793395996e-01
-5.987791344523429871e-03
1.235418617725372314e-01
3.982353508472442627e-01
1.617432832717895508e-01
-3.231217265129089355e-01
2.146295607089996338e-01
3.097509145736694336e-01
-1.842056512832641602e-01
1.558784842491149902e-01
7.250326126813888550e-02
-3.105100095272064209e-01
-2.186549156904220581e-01
9.101872146129608154e-02
3.658515214920043945e-01
5.119650363922119141e-01
-2.400164008140563965e-01
1.248370856046676636e-01
1.801186352968215942e-01
-4.002507925033569336e-01
-5.180827379226684570e-01
-4.338524043560028076e-01
-1.230086013674736023e-01
-2.339033968746662140e-02
1.180528476834297180e-01
2.339971363544464111e-01
1.266700923442840576e-01
2.285324931144714355e-01
-1.719829291105270386e-01
3.710648119449615479e-01
1.248796954751014709e-01
2.830159962177276611e-01
-4.771190881729125977e-01
1.950439624488353729e-02
2.509200386703014374e-02
2.765016853809356689e-01
2.865916490554809570e-01
-1.216232180595397949e-01
2.526121735572814941e-01
-1.044893190264701843e-01
1.508481502532958984e-01
-1.442635208368301392e-01
2.504026889801025391e-01
2.633702754974365234e-01
-3.186371326446533203e-01
1.830044388771057129e-01
2.790481746196746826e-01
9.197129309177398682e-02
-5.402609109878540039e-01
-5.520375967025756836e-01
-2.163915634155273438e-01
2.151266485452651978e-02
1.925987750291824341e-01
3.542388379573822021e-01
6.027898192405700684e-02
-1.450192481279373169e-01
1.378708630800247192e-01
-2.085833344608545303e-03
6.145532242953777313e-04
5.907076224684715271e-02
1.737338602542877197e-01
-1.360106319189071655e-01
1.915550231933593750e-01
2.043999284505844116e-01
1.452643424272537231e-01
1.413769423961639404e-01
-1.674000918865203857e-01
-5.267672240734100342e-02
-4.132937267422676086e-02
-1.480121016502380371e-01
-2.510922253131866455e-01
-5.152405053377151489e-02
5.880043655633926392e-02
-7.989755272865295410e-02
5.116637945175170898e-01
2.473352253437042236e-01
-3.520319238305091858e-02
-3.972668051719665527e-01
1.483909934759140015e-01
-9.388341009616851807e-02
1.359235346317291260e-01
-2.164314091205596924e-01
-3.354693353176116943e-01
2.224864251911640167e-02
-1.808501780033111572e-01
-5.229462981224060059e-01
2.106472700834274292e-01
1.480952054262161255e-01
-1.754959113895893097e-02
5.268885754048824310e-03
-3.082000315189361572e-01
-5.235137045383453369e-02
-1.653519868850708008e-01
5.312052369117736816e-02
2.266448289155960083e-01
1.857129484415054321e-01
-3.912321627140045166e-01
5.212087184190750122e-02
1.051264405250549316e-01
9.698303043842315674e-02
6.325240433216094971e-02
-2.848408222198486328e-01
-6.528040859848260880e-03
-4.798639565706253052e-02
9.272453933954238892e-02
2.835526168346405029e-01
3.695810437202453613e-01
