-4.892696738243103027e-01
2.629460990428924561e-01
-1.706117950379848480e-02
-4.166074842214584351e-02
1.495682541280984879e-02
-2.924408614635467529e-01
4.897361695766448975e-01
1.221771314740180969e-01
-1.784898191690444946e-01
5.350749939680099487e-02
4.270254075527191162e-01
-2.487547695636749268e-01
-1.096022874116897583e-01
-1.728209257125854492e-01
-2.367418855428695679e-01
2.051062183454632759e-03
1.921243667602539062e-01
1.782677471637725830e-01
1.594181060791015625e-01
-1.206020079553127289e-02
6.619596481323242188e-01
-8.328875154256820679e-02
-1.567941606044769287e-01
-2.517535723745822906e-02
-9.457208216190338135e-02
1.474438458681106567e-01
1.277687251567840576e-01
-1.029125899076461792e-01
2.384668737649917603e-01
-1.961477100849151611e-02
1.788843572139739990e-01
4.591753706336021423e-03
4.243064522743225098e-01
8.313766121864318848e-02
7.459985464811325073e-02
-1.480882167816162109e-01
5.403733253479003906e-02
-7.401901483535766602e-02
-2.862211130559444427e-02
1.407748181372880936e-02
-2.417361289262771606e-01
-6.658155918121337891e-01
-2.030457258224487305e-01
-3.444322347640991211e-01
2.940294742584228516e-01
-4.293875396251678467e-02
8.270756900310516357e-02
-2.881938405334949493e-02
-3.122252039611339569e-02
-3.752422034740447998e-01
-1.627596914768218994e-01
-1.342781819403171539e-02
1.342921257019042969e-01
-1.830530762672424316e-01
4.128119945526123047e-01
-1.852480620145797729e-01
-2.187924087047576904e-02
-2.831291593611240387e-02
6.115672737360000610e-02
-7.800179533660411835e-03
1.111339777708053589e-02
-6.454437971115112305e-02
-6.221114993095397949e-01
-2.057368457317352295e-01
8.826875686645507812e-02
-2.564840391278266907e-02
1.076761912554502487e-02
-1.934890747070312500e-01
3.478976339101791382e-02
1.648264229297637939e-01
4.087830781936645508e-01
-3.163565695285797119e-01
-3.786045312881469727e-01
1.658104173839092255e-02
2.139754444360733032e-01
1.234705820679664612e-01
-5.039021372795104980e-02
9.342232346534729004e-02
-1.790389269590377808e-01
-3.918612003326416016e-01
2.684545218944549561e-01
1.489250659942626953e-01
-2.468055784702301025e-01
3.772224485874176025e-02
1.316188573837280273e-01
2.150117456912994385e-01
-1.036017090082168579e-01
6.929583102464675903e-02
-1.153792738914489746e-01
-4.102014750242233276e-02
2.776038944721221924e-01
1.351074129343032837e-01
1.071156039834022522e-01
-9.573146700859069824e-02
6.002917289733886719e-01
1.572247222065925598e-02
-3.155961632728576660e-02
-3.489054143428802490e-01
5.479960441589355469e-01
9.859216213226318359e-02
1.664652228355407715e-01
3.485196232795715332e-01
-3.789382576942443848e-01
3.743414878845214844e-01
-2.895087897777557373e-01
-1.823521219193935394e-03
2.857540845870971680e-01
2.151685655117034912e-01
3.003508970141410828e-02
2.072234079241752625e-02
7.720679789781570435e-02
-2.995803952217102051e-01
-4.768439531326293945e-01
-9.852279722690582275e-02
1.550357043743133545e-01
-2.663667798042297363e-01
1.694049686193466187e-02
5.996624380350112915e-02
4.815397858619689941e-01
-2.756064832210540771e-01
-6.700743734836578369e-02
-8.244626224040985107e-05
-2.075048685073852539e-01
-2.990292850881814957e-03
2.976323068141937256e-01
-2.763626724481582642e-02
2.031514942646026611e-01
1.498640775680541992e-01
-4.213355779647827148e-01
2.841289155185222626e-02
3.074393607676029205e-03
-1.065168529748916626e-02
-2.730771005153656006e-01
1.243684813380241394e-01
-3.255023956298828125e-01
2.578201517462730408e-02
4.927667677402496338e-01
-1.138193011283874512e-01
-2.886613011360168457e-01
1.127256825566291809e-02
-2.856430411338806152e-01
-1.054509803652763367e-01
3.769637942314147949e-01
-4.103602096438407898e-02
2.218723483383655548e-02
-3.553816080093383789e-01
1.249623298645019531e-01
7.287244498729705811e-02
2.922719717025756836e-01
-1.891794204711914062e-01
3.646870851516723633e-01
-2.556046247482299805e-01
8.258008211851119995e-02
-1.086874157190322876e-01
8.863328397274017334e-02
-1.457589715719223022e-01
-2.146192081272602081e-02
2.819730341434478760e-01
4.818780422210693359e-01
3.573793172836303711e-01
2.379288673400878906e-01
2.367751002311706543e-01
2.023875713348388672e-01
3.617990314960479736e-01
4.833790659904479980e-01
1.797601394355297089e-02
-5.440633296966552734e-01
-1.876342743635177612e-01
-1.417411267757415771e-01
4.777458906173706055e-01
-1.162298172712326050e-01
9.023685008287429810e-02
-5.438662320375442505e-02
3.290801122784614563e-02
2.484631538391113281e-01
1.067444384098052979e-01
2.729556560516357422e-01
2.372323870658874512e-01
-4.367698431015014648e-01
1.799015551805496216e-01
-2.005737125873565674e-01
-4.109192788600921631e-01
8.274132758378982544e-02
2.625207044184207916e-02
3.438211604952812195e-02
3.156775832176208496e-01
2.190258651971817017e-01
-4.474824666976928711e-02
-1.751732081174850464e-01
3.869850635528564453e-01
-3.104301095008850098e-01
-1.714582890272140503e-01
6.517202407121658325e-02
2.481838613748550415e-01
8.143292367458343506e-02
4.104307666420936584e-02
1.164388358592987061e-01
-2.343527078628540039e-01
-1.471014320850372314e-01
-2.437291741371154785e-01
-5.334031581878662109e-01
1.999181658029556274e-01
1.413342654705047607e-01
2.379197627305984497e-02
2.159000933170318604e-01
1.472191810607910156e-01
-2.777342796325683594e-01
-1.476509869098663330e-01
-1.609419882297515869e-01
2.648188732564449310e-03
1.403961777687072754e-01
-2.855140864849090576e-01
2.819305062294006348e-01
5.236981064081192017e-02
-8.213977515697479248e-02
2.230234742164611816e-01
1.386280171573162079e-03
3.457246422767639160e-01
2.182008698582649231e-02
2.700415849685668945e-01
-1.978185176849365234e-01
-5.440887808799743652e-02
3.354737907648086548e-02
-2.533143162727355957e-01
6.077772378921508789e-02
4.452528059482574463e-02
-1.934378594160079956e-01
1.579769551753997803e-01
-1.020264104008674622e-01
-1.558367311954498291e-01
-1.706694960594177246e-01
-2.546988129615783691e-01
7.509978115558624268e-02
-9.954299032688140869e-02
-3.941582143306732178e-02
-2.357689738273620605e-01
4.608495235443115234e-01
5.044399201869964600e-02
-4.496385902166366577e-02
1.233502328395843506e-01
-3.987808823585510254e-01
-1.230893135070800781e-01
-2.091512680053710938e-01
2.318064123392105103e-01
-4.304450750350952148e-01
2.548247277736663818e-01
1.754516065120697021e-01
1.846501529216766357e-01
-2.412877082824707031e-01
2.608994841575622559e-01
-4.802782088518142700e-02
2.246175408363342285e-01
1.085138916969299316e-01
-2.551050186157226562e-01
-1.055161505937576294e-01
1.395611017942428589e-01
-2.273687869310379028e-01
-1.888362914323806763e-01
-2.472914457321166992e-01
-1.243866086006164551e-01
3.239862322807312012e-01
1.739106513559818268e-02
2.363068982958793640e-02
2.132333815097808838e-01
2.436740398406982422e-01
4.082998037338256836e-01
-9.250517189502716064e-02
1.849979758262634277e-01
-1.007767394185066223e-03
-3.161603808403015137e-01
-8.974597603082656860e-02
-5.352040529251098633e-01
-5.874312520027160645e-01
-2.287387847900390625e-01
3.185981214046478271e-01
-4.512754827737808228e-02
-2.579413354396820068e-03
-3.189655244350433350e-01
3.782924711704254150e-01
7.539600133895874023e-03
3.520787656307220459e-01
-8.094810694456100464e-02
-1.584400534629821777e-01
-3.003049641847610474e-04
1.104796677827835083e-01
-2.781898677349090576e-01
2.118655741214752197e-01
-3.116708248853683472e-02
-7.034093886613845825e-02
-1.639616191387176514e-01
1.227111369371414185e-01
1.541343629360198975e-01
6.364312171936035156e-01
-4.132422059774398804e-02
6.124860793352127075e-02
-5.693610757589340210e-02
-3.670816123485565186e-01
-5.401994585990905762e-01
-5.415942668914794922e-01
-1.039864197373390198e-01
-2.346559613943099976e-01
-3.275822103023529053e-02
-2.277079410851001740e-02
-4.177479445934295654e-02
-3.661096990108489990e-01
-1.225839648395776749e-02
3.058730959892272949e-01
-8.868081867694854736e-02
3.885215222835540771e-01
-3.576574921607971191e-01
-2.735571861267089844e-01
-2.456691861152648926e-01
2.031132131814956665e-01
2.291947901248931885e-01
-1.735933311283588409e-02
1.094497740268707275e-01
-3.550880253314971924e-01
3.608518242835998535e-01
1.315310895442962646e-01
2.150216400623321533e-01
1.845050007104873657e-01
-8.607946336269378662e-02
6.950327754020690918e-02
1.892790794372558594e-01
3.801006674766540527e-01
-1.934602260589599609e-01
-8.244220912456512451e-02
-2.970448434352874756e-01
1.370046939700841904e-02
-1.577746123075485229e-01
1.918590813875198364e-01
1.890858113765716553e-01
-2.704366147518157959e-01
-1.716237664222717285e-01
-1.110799331218004227e-02
1.857938319444656372e-01
1.308157891035079956e-01
4.629032015800476074e-01
-3.029154539108276367e-01
4.404951333999633789e-01
1.538103669881820679e-01
2.443848550319671631e-01
-3.050538599491119385e-01
4.417806491255760193e-02
-7.344767451286315918e-02
-1.137202754616737366e-01
1.371420323848724365e-01
2.383005321025848389e-01
-1.155457645654678345e-01
-4.820675253868103027e-01
-2.158659696578979492e-01
3.804850578308105469e-01
-6.989294290542602539e-02
-2.429983466863632202e-01
-3.215281069278717041e-01
1.945839673280715942e-01
5.044157803058624268e-02
-2.488650614395737648e-03
-3.497025370597839355e-01
-6.892352551221847534e-02
1.166593134403228760e-01
-2.411021441221237183e-01
-4.287439286708831787e-01
1.242021918296813965e-01
-5.866678059101104736e-02
-8.540958911180496216e-02
2.387482114136219025e-02
1.488579437136650085e-03
-6.604917347431182861e-02
2.158615291118621826e-01
-1.949923932552337646e-01
1.550541371107101440e-01
1.478163711726665497e-02
2.060718834400177002e-02
1.357940286397933960e-01
9.332624077796936035e-02
2.743958234786987305e-01
5.364173650741577148e-02
-5.793962478637695312e-01
2.339852750301361084e-01
-4.170174896717071533e-02
-8.945468068122863770e-02
3.094328045845031738e-01
7.436577975749969482e-02
