-3.461335301399230957e-01
4.200943708419799805e-01
-2.509299814701080322e-01
-3.309805318713188171e-02
-2.850530482828617096e-02
-2.899425849318504333e-02
2.984845042228698730e-01
1.964297331869602203e-02
7.432956248521804810e-02
2.035700678825378418e-01
2.063155174255371094e-01
-2.103983163833618164e-01
-1.208942830562591553e-01
-8.599724620580673218e-03
-3.808863162994384766e-01
-6.456690281629562378e-02
1.128130406141281128e-02
3.328652381896972656e-01
1.046508774161338806e-01
8.485667407512664795e-02
5.717244744300842285e-01
-2.573903203010559082e-01
-2.376378178596496582e-01
-1.658022552728652954e-01
-3.269499167799949646e-02
6.603612005710601807e-02
-7.049076259136199951e-02
-3.289565742015838623e-01
2.654016017913818359e-01
-2.877308800816535950e-02
8.743892610073089600e-02
4.597451537847518921e-03
1.008488908410072327e-01
2.529154717922210693e-01
2.380237579345703125e-01
-1.257398724555969238e-01
-1.902444846928119659e-02
-1.628331542015075684e-01
3.530599474906921387e-01
9.759955108165740967e-02
3.821627050638198853e-02
-2.120815962553024292e-01
-2.853371500968933105e-01
-2.416738867759704590e-01
2.259748429059982300e-01
-5.207099393010139465e-02
1.121573150157928467e-01
4.872624576091766357e-02
-3.639225661754608154e-02
-2.318330407142639160e-01
-6.160966157913208008e-01
8.540202677249908447e-02
-1.999466121196746826e-01
-2.082141861319541931e-02
-7.187633216381072998e-02
-5.038989782333374023e-01
3.264736533164978027e-01
5.213645100593566895e-02
-2.557621300220489502e-01
4.625068604946136475e-02
1.927237510681152344e-01
2.462250292301177979e-01
-5.118862986564636230e-01
4.014383256435394287e-02
7.111221551895141602e-02
-2.142461091279983521e-01
-8.219402283430099487e-02
-3.708761930465698242e-01
3.204706311225891113e-01
1.827125400304794312e-01
5.261600613594055176e-01
-2.816637456417083740e-01
-3.705290853977203369e-01
8.054777234792709351e-02
-1.230786275118589401e-02
-2.451185882091522217e-02
-2.932229265570640564e-02
3.123628795146942139e-01
3.416338004171848297e-03
-4.266207516193389893e-01
3.776194155216217041e-01
3.645101189613342285e-01
-4.797950014472007751e-02
1.527779102325439453e-01
1.808026731014251709e-01
2.534235119819641113e-01
1.445263475179672241e-01
2.738443017005920410e-01
2.129817903041839600e-01
-8.110517263412475586e-02
3.917070627212524414e-01
-9.674710035324096680e-02
4.603825509548187256e-01
1.209601666778326035e-02
7.952532768249511719e-01
1.413084268569946289e-01
4.544065147638320923e-02
-1.518588066101074219e-01
2.836705744266510010e-02
9.151902049779891968e-02
-7.806199043989181519e-02
-1.426880061626434326e-01
-2.361973077058792114e-01
4.419404268264770508e-01
-2.772328257560729980e-01
1.296465843915939331e-01
1.453493833541870117e-01
-2.833388447761535645e-01
-2.507297694683074951e-01
9.826695919036865234e-02
-7.694492489099502563e-02
-1.567897349596023560e-01
-4.539066851139068604e-01
-2.328182011842727661e-01
7.149585336446762085e-02
-3.658179566264152527e-02
1.470870375633239746e-01
-2.530047595500946045e-01
1.268168836832046509e-01
2.091828584671020508e-01
-2.464402765035629272e-01
1.999932155013084412e-02
-1.095419377088546753e-01
-7.018363475799560547e-02
1.083143427968025208e-01
3.533266857266426086e-02
2.889384031295776367e-01
2.056832015514373779e-01
-1.339960992336273193e-01
-2.073167413473129272e-01
5.335201695561408997e-02
4.421425610780715942e-02
-9.819818288087844849e-02
1.143605262041091919e-01
-1.145956441760063171e-01
4.988507926464080811e-02
4.505135416984558105e-01
-2.535969316959381104e-01
-2.365270853042602539e-01
-2.021960914134979248e-01
-3.312816843390464783e-02
-2.052075862884521484e-01
5.069901794195175171e-02
4.420169442892074585e-02
2.333548963069915771e-01
1.406247764825820923e-01
1.935619413852691650e-01
-7.481855154037475586e-02
1.623418331146240234e-01
-9.623324126005172729e-02
2.687423229217529297e-01
-2.056739777326583862e-01
3.052932024002075195e-01
3.153765201568603516e-01
-4.968340322375297546e-02
-1.836734861135482788e-01
-2.550528645515441895e-01
2.943369150161743164e-01
6.378693580627441406e-01
-3.759752959012985229e-02
-9.953588992357254028e-02
1.311229616403579712e-01
2.487835437059402466e-01
1.924278289079666138e-01
1.974138319492340088e-01
-6.558115780353546143e-02
-5.406613349914550781e-01
-2.170898914337158203e-01
-2.724930346012115479e-01
3.828003406524658203e-01
-8.153527975082397461e-02
1.946404874324798584e-01
8.446812629699707031e-02
8.182333409786224365e-02
-4.473187401890754700e-02
-5.138873588293790817e-03
1.674844473600387573e-01
1.533301919698715210e-02
-2.048825025558471680e-01
4.045292735099792480e-01
-3.313224315643310547e-01
-1.150959655642509460e-01
-9.661577641963958740e-02
7.595558464527130127e-02
2.351539768278598785e-02
1.704825460910797119e-01
9.238437563180923462e-02
-1.545676141977310181e-01
-5.237925425171852112e-02
2.447521388530731201e-01
-2.569829225540161133e-01
1.760874986648559570e-01
1.506601423025131226e-01
-9.074282646179199219e-02
-1.569777429103851318e-01
3.466269373893737793e-01
4.592296481132507324e-01
-2.606245875358581543e-01
-1.259028315544128418e-01
-1.626403778791427612e-01
-1.938635110855102539e-01
-8.325342833995819092e-02
-2.735433280467987061e-01
1.149114873260259628e-02
6.451850384473800659e-02
1.999685466289520264e-01
-2.383396029472351074e-01
-7.684208452701568604e-02
3.677297756075859070e-02
1.908341944217681885e-01
1.853385269641876221e-01
-3.049290180206298828e-01
-2.956796623766422272e-02
1.194382309913635254e-01
9.582000970840454102e-02
2.431880086660385132e-01
2.030029296875000000e-01
4.961675405502319336e-01
-1.632812023162841797e-01
2.323089241981506348e-01
-6.497536599636077881e-02
-6.880681961774826050e-02
1.553605310618877411e-02
-1.615999042987823486e-01
-4.228202998638153076e-02
-1.036569178104400635e-01
-4.669106602668762207e-01
9.343934804201126099e-02
-4.658579453825950623e-02
-5.071453005075454712e-02
-5.000803470611572266e-01
-1.546248197555541992e-01
1.238376498222351074e-01
2.939082086086273193e-01
-1.010604277253150940e-01
-3.578635454177856445e-01
5.466778278350830078e-01
3.998219966888427734e-02
-2.101840078830718994e-01
3.857275247573852539e-01
-3.675554096698760986e-01
3.194246441125869751e-03
-2.027233093976974487e-01
4.754070043563842773e-01
-4.727352261543273926e-01
-5.883273854851722717e-02
8.334544301033020020e-02
1.650772988796234131e-01
-4.581424593925476074e-01
6.166114658117294312e-02
1.291109435260295868e-02
-8.407593518495559692e-02
-1.750396937131881714e-01
-2.132863402366638184e-01
-7.150004804134368896e-02
1.688057631254196167e-01
-7.152416110038757324e-01
-1.604880392551422119e-01
-1.001470237970352173e-01
1.032022200524806976e-02
3.427007794380187988e-01
-1.672697663307189941e-01
-2.190470099449157715e-01
7.683804631233215332e-02
4.943747520446777344e-01
5.017637014389038086e-01
1.255708001554012299e-02
2.678585052490234375e-01
8.968560397624969482e-02
-2.012401670217514038e-01
-7.251644507050514221e-03
-5.809719562530517578e-01
-2.878623902797698975e-01
-2.919363975524902344e-01
2.223329693078994751e-01
-3.508403301239013672e-01
8.811355382204055786e-02
-2.715111672878265381e-01
2.571444511413574219e-01
-5.123545229434967041e-02
7.329639047384262085e-04
-2.738948166370391846e-01
-3.524863719940185547e-01
2.861752212047576904e-01
3.864372074604034424e-01
4.234436899423599243e-02
-2.581194937229156494e-01
-8.838821202516555786e-02
-1.917331852018833160e-02
4.083088785409927368e-02
-3.561690747737884521e-01
7.467059791088104248e-02
3.787628412246704102e-01
-3.217599391937255859e-01
2.553175389766693115e-01
-3.759201765060424805e-01
-1.449742317199707031e-01
-1.139418110251426697e-01
-4.199746847152709961e-01
-3.673368692398071289e-01
-3.529138863086700439e-02
-6.516192853450775146e-02
1.848526597023010254e-01
1.123005300760269165e-01
-2.549093663692474365e-01
-5.410008430480957031e-01
2.767750024795532227e-01
-2.077924832701683044e-02
3.108149766921997070e-01
-1.318269670009613037e-01
-9.987946599721908569e-03
-1.756639927625656128e-01
1.032973676919937134e-01
1.363195478916168213e-01
-1.527311801910400391e-01
1.553741246461868286e-01
-4.016277790069580078e-01
-6.535032391548156738e-02
3.796897530555725098e-01
1.526180058717727661e-01
3.310565352439880371e-01
-7.476923614740371704e-02
-1.867849826812744141e-01
2.166864126920700073e-01
4.271850362420082092e-02
-5.348066091537475586e-01
-4.745723605155944824e-01
-1.681391000747680664e-01
-8.138611167669296265e-02
1.613722443580627441e-01
-1.426021754741668701e-01
-1.094314604997634888e-01
-3.330658376216888428e-02
-2.936295606195926666e-02
1.152628660202026367e-01
8.394953608512878418e-02
-1.286747306585311890e-01
1.056939661502838135e-01
-6.988017261028289795e-02
9.662777185440063477e-02
3.558793663978576660e-01
1.021971404552459717e-01
4.315631985664367676e-01
-2.845435440540313721e-01
-5.328820645809173584e-02
-2.970480918884277344e-01
8.158247172832489014e-02
1.471765041351318359e-01
-1.444753408432006836e-01
6.080042570829391479e-03
-1.309554278850555420e-01
3.876737952232360840e-01
1.614414602518081665e-01
-3.092818856239318848e-01
-1.177398264408111572e-01
2.046251595020294189e-01
3.651015758514404297e-01
-1.451725363731384277e-01
-5.362694710493087769e-02
4.460370540618896484e-02
1.651182770729064941e-01
9.279636293649673462e-02
6.249565631151199341e-03
1.172575801610946655e-01
1.923767626285552979e-01
1.058218553662300110e-01
8.186219632625579834e-02
8.568776771426200867e-03
1.635870635509490967e-01
-1.977759599685668945e-01
-4.661188274621963501e-02
-7.889033854007720947e-02
1.687778234481811523e-01
9.268508851528167725e-02
5.143037065863609314e-02
-8.013533428311347961e-03
3.449053764343261719e-01
1.276460140943527222e-01
-1.929350942373275757e-01
5.354015901684761047e-02
-9.098288416862487793e-02
-1.229386329650878906e-01
3.949166089296340942e-02
3.060406744480133057e-01
