-3.777277171611785889e-01
2.458057850599288940e-01
8.541102707386016846e-02
-1.852229610085487366e-02
-7.432341575622558594e-02
-1.830466985702514648e-01
5.497709512710571289e-01
1.165787875652313232e-01
-2.053702473640441895e-01
1.530322879552841187e-01
4.800841212272644043e-01
-4.062293171882629395e-01
-8.068159222602844238e-04
-1.082565337419509888e-01
-3.761364519596099854e-01
-2.309420332312583923e-02
1.539653986692428589e-01
1.362006217241287231e-01
2.708970308303833008e-01
3.916578367352485657e-03
6.394148468971252441e-01
-4.879517853260040283e-02
-1.949281990528106689e-01
3.381468355655670166e-02
-7.357928901910781860e-02
2.603097856044769287e-01
5.053774267435073853e-02
-1.678107082843780518e-01
9.449682384729385376e-02
-1.510057449340820312e-01
2.201909571886062622e-01
-2.463545054197311401e-01
4.166947901248931885e-01
1.339206248521804810e-01
1.034355610609054565e-01
-3.691373020410537720e-02
9.422952309250831604e-03
-1.371972262859344482e-01
4.703662544488906860e-02
3.625347092747688293e-02
-2.994403243064880371e-01
-5.943697690963745117e-01
-5.398760363459587097e-02
-2.538023293018341064e-01
2.361220270395278931e-01
-2.351744845509529114e-02
4.117306321859359741e-02
3.293192386627197266e-02
2.661658450961112976e-03
-2.893494665622711182e-01
-2.296478450298309326e-01
-1.454641520977020264e-01
-2.799378894269466400e-02
-1.343489587306976318e-01
4.557467699050903320e-01
-2.548794150352478027e-01
6.624247133731842041e-02
1.073997765779495239e-01
1.622124016284942627e-01
4.054293036460876465e-02
1.016036123037338257e-01
6.730751693248748779e-02
-4.766904711723327637e-01
-1.052667107433080673e-02
1.750517040491104126e-01
5.584576725959777832e-02
-5.996125936508178711e-02
-1.872453987598419189e-01
-3.647339344024658203e-02
3.571090102195739746e-01
4.470661282539367676e-01
-1.898081600666046143e-01
-3.499177694320678711e-01
-2.565578371286392212e-02
1.754375547170639038e-01
8.946013450622558594e-02
-2.836213111877441406e-01
8.973086625337600708e-02
-2.271711528301239014e-01
-3.637939393520355225e-01
1.751951873302459717e-01
2.679882347583770752e-01
-2.545030713081359863e-01
8.723364770412445068e-02
1.446382701396942139e-01
2.351648062467575073e-01
-4.017863422632217407e-02
-4.866318404674530029e-02
1.804027259349822998e-01
2.267189323902130127e-03
3.274548649787902832e-01
8.677605539560317993e-02
1.461978554725646973e-01
-1.782982647418975830e-01
6.441632509231567383e-01
-1.208010315895080566e-01
-1.262179911136627197e-01
-2.586897015571594238e-01
5.133973360061645508e-01
8.788817375898361206e-02
3.307673707604408264e-02
4.074100852012634277e-01
-3.392854928970336914e-01
2.487251609563827515e-01
-3.786950111389160156e-01
1.264604646712541580e-02
2.576835453510284424e-01
6.473552435636520386e-02
-7.851080968976020813e-03
2.464944273233413696e-01
-4.086060076951980591e-02
-4.102239608764648438e-01
-4.141547083854675293e-01
-8.432522416114807129e-02
1.350031197071075439e-01
-7.408718764781951904e-02
2.145671844482421875e-01
-7.309661805629730225e-02
3.901596367359161377e-01
-1.862337291240692139e-01
-4.607539623975753784e-02
-1.072499230504035950e-01
-1.940868943929672241e-01
1.084671765565872192e-01
2.693868279457092285e-01
-1.006113737821578979e-01
2.357774376869201660e-01
1.090372651815414429e-01
-3.729355335235595703e-01
-8.140397071838378906e-02
1.411530077457427979e-01
-4.185947775840759277e-02
-1.380560398101806641e-01
-1.410328298807144165e-01
-2.806833088397979736e-01
7.139828056097030640e-02
3.200182318687438965e-01
-2.589257359504699707e-01
-2.205938398838043213e-01
6.225042790174484253e-02
-2.833928465843200684e-01
8.527357131242752075e-03
1.583940684795379639e-01
5.666435882449150085e-02
1.034637987613677979e-01
-3.294961452484130859e-01
1.296579092741012573e-01
1.030932515859603882e-01
2.957517802715301514e-01
-2.794306576251983643e-01
3.328725695610046387e-01
-3.100109696388244629e-01
1.210905611515045166e-05
-8.194985985755920410e-02
1.597083359956741333e-01
-5.435544997453689575e-02
5.271881818771362305e-04
1.217828691005706787e-01
4.555737972259521484e-01
2.286633700132369995e-01
1.445439755916595459e-01
2.191540449857711792e-01
1.690199673175811768e-01
3.717359900474548340e-01
6.018763780593872070e-01
6.335050612688064575e-02
-5.214822292327880859e-01
-8.744662255048751831e-02
-1.265729814767837524e-01
4.089167118072509766e-01
1.720748543739318848e-01
1.691696047782897949e-01
2.239385992288589478e-02
1.837520450353622437e-01
3.640905618667602539e-01
7.374446094036102295e-02
3.527022600173950195e-01
1.523739397525787354e-01
-2.834913134574890137e-01
2.370470166206359863e-01
-1.332363188266754150e-01
-4.031301438808441162e-01
2.533270418643951416e-02
1.214634031057357788e-01
-1.340258270502090454e-01
3.841734826564788818e-01
1.344555467367172241e-01
-2.811115235090255737e-02
-1.052883267402648926e-01
4.226816296577453613e-01
-2.445999383926391602e-01
1.799280941486358643e-01
-4.233277589082717896e-02
1.605363786220550537e-01
-5.521639436483383179e-02
2.468786388635635376e-02
3.033638596534729004e-01
-2.887775301933288574e-01
-1.864752024412155151e-01
-1.011518165469169617e-01
-3.576598465442657471e-01
1.545396596193313599e-01
1.640991494059562683e-02
-4.772757366299629211e-02
1.260230839252471924e-01
2.289167791604995728e-02
-1.842717975378036499e-01
-9.385801851749420166e-03
-2.078333795070648193e-01
-3.226259350776672363e-02
7.551864534616470337e-02
-2.082972079515457153e-01
8.779617398977279663e-02
6.719215214252471924e-02
-9.772580862045288086e-02
7.844199240207672119e-02
1.665960066020488739e-02
3.066816926002502441e-01
3.304861485958099365e-02
1.889068782329559326e-01
-1.695758998394012451e-01
-1.548846960067749023e-01
6.490733474493026733e-03
-2.993725538253784180e-01
2.298077046871185303e-01
-9.008716046810150146e-02
-1.883957833051681519e-01
2.109870612621307373e-01
-1.621977537870407104e-01
-3.276514261960983276e-02
-1.877028346061706543e-01
-1.243690028786659241e-01
1.324766874313354492e-01
1.223934218287467957e-01
3.643175214529037476e-02
-1.831053793430328369e-01
4.289768934249877930e-01
-6.726429611444473267e-02
-1.061541438102722168e-01
8.989083766937255859e-02
-2.264496982097625732e-01
-3.026339411735534668e-02
-2.108215838670730591e-01
1.958553493022918701e-01
-3.615476489067077637e-01
1.540536284446716309e-01
3.130747079849243164e-01
8.920913189649581909e-02
-2.132833749055862427e-01
3.434054851531982422e-01
-4.908870905637741089e-02
3.199256658554077148e-01
-5.374898761510848999e-02
-1.996853947639465332e-01
1.404081657528877258e-02
2.164500802755355835e-01
-4.025295376777648926e-01
-3.328291177749633789e-01
-3.242819905281066895e-01
-1.672322899103164673e-01
2.375721633434295654e-01
-1.117002516984939575e-01
-7.046703249216079712e-03
3.323618173599243164e-01
1.909802705049514771e-01
6.369953155517578125e-01
-4.138717055320739746e-02
5.009253323078155518e-02
-1.203598529100418091e-01
-1.320190429687500000e-01
-1.022719070315361023e-01
-4.852043688297271729e-01
-4.495689868927001953e-01
-2.289712429046630859e-01
3.187766671180725098e-01
-1.235662251710891724e-01
1.020231842994689941e-01
-4.631111919879913330e-01
3.851048946380615234e-01
7.850549370050430298e-02
1.673310995101928711e-01
-7.903389632701873779e-02
-2.456457614898681641e-01
6.563583016395568848e-02
3.901015967130661011e-02
-1.730660498142242432e-01
2.162023484706878662e-01
-1.090265586972236633e-01
-8.951245248317718506e-02
-8.572337776422500610e-02
5.529035627841949463e-02
2.523142099380493164e-01
5.927979946136474609e-01
-6.773290783166885376e-02
1.064280495047569275e-01
-1.627223342657089233e-01
-3.350032269954681396e-01
-4.579030573368072510e-01
-5.183944702148437500e-01
-2.472312599420547485e-01
-1.607865393161773682e-01
-1.989485509693622589e-02
-6.342027336359024048e-02
-8.030306547880172729e-02
-4.047536253929138184e-01
8.881632238626480103e-03
1.587296724319458008e-01
-1.056847646832466125e-01
5.232799053192138672e-01
-2.519710659980773926e-01
-2.697773873805999756e-01
-1.561007797718048096e-01
1.689161658287048340e-01
4.295213222503662109e-01
-1.187882721424102783e-01
2.287664264440536499e-01
-2.613574266433715820e-01
2.205486148595809937e-01
2.301470488309860229e-01
5.286832153797149658e-02
1.128791347146034241e-01
-1.111595183610916138e-01
5.166374146938323975e-03
3.154922425746917725e-01
2.822336554527282715e-01
-3.681879639625549316e-01
-2.958602905273437500e-01
-4.458309710025787354e-01
-5.751856788992881775e-02
-9.140522778034210205e-02
1.327717602252960205e-01
8.549536764621734619e-02
-3.152363896369934082e-01
-8.805041015148162842e-02
-1.591619551181793213e-01
9.501124918460845947e-02
5.654115229845046997e-02
2.963908910751342773e-01
-3.260580897331237793e-01
1.199225410819053650e-01
2.464224994182586670e-01
1.253386288881301880e-01
-2.593200206756591797e-01
-1.138700395822525024e-01
-2.083769440650939941e-01
8.397568948566913605e-03
1.356472820043563843e-01
1.941170543432235718e-01
-3.598494529724121094e-01
-3.729179501533508301e-01
-1.833862662315368652e-01
4.449456334114074707e-01
-1.404834631830453873e-02
-3.447557389736175537e-01
-4.116443991661071777e-01
3.415126800537109375e-01
1.076105833053588867e-01
-2.210240811109542847e-02
-4.300436973571777344e-01
6.376186758279800415e-02
-1.174418535083532333e-02
-2.375631630420684814e-01
-3.276055455207824707e-01
1.687391698360443115e-01
-2.471166700124740601e-01
-1.627938449382781982e-02
-5.059512332081794739e-02
2.301700413227081299e-01
8.171246945858001709e-02
9.337235242128372192e-02
-3.356643021106719971e-02
1.083279997110366821e-01
-4.599018953740596771e-03
-4.757142066955566406e-02
1.169237568974494934e-01
-4.487369209527969360e-03
3.753835558891296387e-01
1.509159207344055176e-01
-4.128228425979614258e-01
2.333767414093017578e-01
2.279269993305206299e-01
-5.974757671356201172e-02
2.333036959171295166e-01
1.497879922389984131e-01
