-2.734748646616935730e-02
1.318122595548629761e-01
-2.039885818958282471e-01
-2.069816738367080688e-01
-5.127859115600585938e-01
-2.915430665016174316e-01
4.189973771572113037e-01
6.970552355051040649e-02
1.577768847346305847e-02
2.073677480220794678e-01
3.280470669269561768e-01
-1.685491651296615601e-01
-1.713888943195343018e-01
2.744268998503684998e-02
-2.740800380706787109e-01
1.074018105864524841e-01
3.096341490745544434e-01
9.968633949756622314e-02
3.638610839843750000e-01
3.060653991997241974e-02
5.973892807960510254e-01
1.767757534980773926e-01
-3.241170644760131836e-01
-7.757018506526947021e-02
-3.801599144935607910e-02
1.823191940784454346e-01
-3.081616759300231934e-01
-4.439169913530349731e-02
1.605146229267120361e-01
-4.728278517723083496e-02
6.200546026229858398e-02
2.667454481124877930e-01
-6.418540328741073608e-02
1.726191118359565735e-02
1.979669034481048584e-01
1.080655083060264587e-01
-1.878206878900527954e-01
1.113874912261962891e-01
1.771588027477264404e-01
1.272455900907516479e-01
-8.983792364597320557e-02
-3.337096571922302246e-01
-4.064496457576751709e-01
-9.547854959964752197e-02
7.369941473007202148e-02
-4.302000254392623901e-02
-1.775641739368438721e-01
-5.523689836263656616e-02
-9.370868653059005737e-02
1.972079724073410034e-01
-8.526964485645294189e-02
-1.891976296901702881e-01
-6.925374269485473633e-02
-7.583244144916534424e-02
3.144825696945190430e-01
-4.521678686141967773e-01
4.095600172877311707e-02
2.159958183765411377e-01
-1.524448301643133163e-02
-6.232389807701110840e-02
-2.450930923223495483e-01
1.307064592838287354e-01
-5.190326571464538574e-01
-8.290130645036697388e-02
4.451790452003479004e-02
5.106740072369575500e-02
-1.631557643413543701e-01
-5.464230179786682129e-01
2.494380027055740356e-01
2.387303560972213745e-01
2.425318658351898193e-01
-1.045055538415908813e-01
7.069829851388931274e-02
7.970369607210159302e-02
2.158867418766021729e-01
8.752162754535675049e-02
-2.204318195581436157e-01
4.297469854354858398e-01
-7.005888968706130981e-02
-4.302535057067871094e-01
6.091792583465576172e-01
4.219032227993011475e-01
-4.003974795341491699e-01
2.139546573162078857e-01
3.896053135395050049e-01
2.519553601741790771e-01
1.557431556284427643e-02
1.645947694778442383e-01
2.020764648914337158e-01
2.790578082203865051e-02
2.465082854032516479e-01
2.039151638746261597e-01
5.672280490398406982e-02
-2.387732267379760742e-01
3.471871018409729004e-01
2.446693181991577148e-02
4.946892336010932922e-02
-4.661828577518463135e-01
6.741653382778167725e-02
6.755594909191131592e-02
-1.758610457181930542e-01
2.316975966095924377e-02
-2.850175499916076660e-01
3.495149910449981689e-01
-3.663333058357238770e-01
-2.910241484642028809e-01
2.187860608100891113e-01
-1.867800951004028320e-01
-3.273312002420425415e-02
1.375515758991241455e-01
-3.760735690593719482e-01
-5.423946306109428406e-02
-4.207609891891479492e-01
-3.632041811943054199e-01
-6.073084473609924316e-02
8.081772178411483765e-02
-9.957823902368545532e-03
-1.328464597463607788e-01
2.875111699104309082e-01
-1.565706729888916016e-01
1.307757198810577393e-01
1.226156949996948242e-02
-2.349335253238677979e-01
1.472592353820800781e-01
4.356396794319152832e-01
5.799296125769615173e-02
2.400406301021575928e-01
7.288022339344024658e-02
-5.398233421146869659e-03
-2.742990851402282715e-03
4.401101171970367432e-02
2.635741531848907471e-01
1.580328643321990967e-01
-1.306332051753997803e-01
-1.945988833904266357e-02
-4.142665117979049683e-02
3.269244432449340820e-01
-6.892607212066650391e-01
-3.138051033020019531e-01
-4.401675462722778320e-01
-3.082660585641860962e-02
-2.453031390905380249e-01
3.312460184097290039e-01
9.640370309352874756e-02
3.190478682518005371e-01
-1.682038605213165283e-02
1.666672341525554657e-02
-8.793777227401733398e-02
1.959845125675201416e-01
1.945511996746063232e-02
-8.504047989845275879e-02
-1.975874900817871094e-01
2.472947835922241211e-01
9.203876554965972900e-02
-1.421267539262771606e-02
-4.345520585775375366e-02
-4.092207252979278564e-01
1.809348464012145996e-01
2.569367885589599609e-01
-1.236202046275138855e-01
6.268131732940673828e-02
1.311757043004035950e-02
8.493643999099731445e-02
3.039928078651428223e-01
4.159746766090393066e-01
2.796464413404464722e-02
-3.149766325950622559e-01
-1.279324889183044434e-01
4.007117450237274170e-02
3.636723756790161133e-01
-9.404569864273071289e-02
-1.135172545909881592e-01
1.816828250885009766e-01
-8.607460558414459229e-02
1.621182560920715332e-01
9.885492920875549316e-02
3.304915130138397217e-01
8.975818008184432983e-02
1.115481927990913391e-02
1.922313310205936432e-02
-1.884939372539520264e-01
-3.541649580001831055e-01
8.503308892250061035e-02
4.288461804389953613e-02
-1.619543433189392090e-01
4.214974492788314819e-02
-1.348493397235870361e-01
-1.224634945392608643e-01
6.802030652761459351e-02
1.691251248121261597e-01
-6.339114308357238770e-01
5.633836984634399414e-02
-4.544367641210556030e-02
-1.359112858772277832e-01
-1.387005895376205444e-01
6.086880341172218323e-02
5.445746779441833496e-01
8.440747857093811035e-02
-2.707320153713226318e-01
-4.214958101511001587e-02
-4.398082494735717773e-01
1.006882041692733765e-01
-2.339776046574115753e-02
-1.637308895587921143e-01
5.064309388399124146e-02
3.511562049388885498e-01
1.092850491404533386e-01
-6.524732708930969238e-02
4.509553909301757812e-01
9.516887366771697998e-02
3.418723866343498230e-02
2.860428951680660248e-02
3.556187748908996582e-01
-1.811302602291107178e-01
1.732119023799896240e-01
1.879278570413589478e-01
-2.445905208587646484e-01
3.502066135406494141e-01
-6.224522739648818970e-02
1.212693080306053162e-01
-1.806374788284301758e-01
-2.171598970890045166e-01
1.558554023504257202e-01
-1.626197546720504761e-01
-2.000946104526519775e-01
2.313994616270065308e-01
-1.962063908576965332e-01
5.197070240974426270e-01
-2.900593280792236328e-01
-1.369036585092544556e-01
1.830176450312137604e-02
-2.164220511913299561e-01
2.107554823160171509e-01
2.747942805290222168e-01
1.367978379130363464e-02
-2.619424462318420410e-01
2.153504490852355957e-01
-1.278936564922332764e-01
-2.385298311710357666e-01
9.052842855453491211e-02
-1.000661134719848633e+00
-9.097486734390258789e-03
-1.940159797668457031e-01
8.549490571022033691e-02
-1.684183329343795776e-01
2.622821331024169922e-01
4.318571686744689941e-01
-4.938249662518501282e-02
-3.134025037288665771e-01
4.706160724163055420e-02
1.083823293447494507e-02
1.435633301734924316e-01
1.405963152647018433e-01
-3.118523061275482178e-01
-1.240758150815963745e-01
-4.001079499721527100e-02
-5.622799992561340332e-01
-6.097178161144256592e-02
-8.103420585393905640e-02
1.236962154507637024e-01
3.396641016006469727e-01
3.607360124588012695e-01
-1.325184404850006104e-01
4.513204991817474365e-01
2.864049673080444336e-01
3.770892024040222168e-01
6.201412528753280640e-02
7.463397085666656494e-02
-2.013862133026123047e-01
-4.362992048263549805e-01
7.392311096191406250e-02
-4.462987780570983887e-01
5.062194168567657471e-02
-2.401132732629776001e-01
2.469102144241333008e-01
-2.383620440959930420e-01
-4.917304590344429016e-02
-2.137467265129089355e-01
3.449897468090057373e-01
1.471772044897079468e-01
5.317511036992073059e-02
-4.819506704807281494e-01
-3.534506857395172119e-01
1.447465419769287109e-01
3.171722292900085449e-01
1.375207118690013885e-02
5.456946790218353271e-02
9.344458580017089844e-02
3.099835477769374847e-03
1.493731420487165451e-02
2.325572371482849121e-01
2.465891838073730469e-01
1.668602824211120605e-01
-4.245935380458831787e-02
8.588982746005058289e-03
-6.547685861587524414e-01
-1.574880480766296387e-01
-4.304699897766113281e-01
-2.507192268967628479e-02
-4.286190867424011230e-01
-2.990028858184814453e-01
-6.884102523326873779e-02
7.675831764936447144e-02
2.103487849235534668e-01
-2.799063622951507568e-01
-4.160284996032714844e-01
-3.127391263842582703e-02
9.193131327629089355e-02
1.833695769309997559e-01
-2.641643956303596497e-02
-2.816323935985565186e-02
-9.567305445671081543e-02
-4.582452401518821716e-02
1.223770007491111755e-01
-4.939653724431991577e-02
3.589080572128295898e-01
-4.731856882572174072e-01
-6.643106043338775635e-02
-2.691460028290748596e-02
2.254477888345718384e-01
7.402566075325012207e-02
4.301702603697776794e-03
-3.837850689888000488e-01
1.962068974971771240e-01
1.787018477916717529e-01
-2.495767623186111450e-01
-1.093605235219001770e-01
-1.364813745021820068e-01
-1.739034950733184814e-01
1.012654602527618408e-02
-1.108165085315704346e-01
3.103636503219604492e-01
-2.649345397949218750e-01
-1.400268375873565674e-01
1.812045872211456299e-01
-1.282504349946975708e-01
-2.292893826961517334e-02
2.578158974647521973e-01
-1.299267262220382690e-01
-6.692016869783401489e-02
4.525677114725112915e-02
-9.210921823978424072e-02
-7.647174596786499023e-02
3.476813435554504395e-03
-6.482484191656112671e-02
-1.881276518106460571e-01
9.271578490734100342e-02
4.535892009735107422e-01
1.422580480575561523e-01
-3.613180294632911682e-02
1.468550115823745728e-01
2.477731257677078247e-01
2.648318931460380554e-02
-2.375362366437911987e-01
-4.202022850513458252e-01
1.886038482189178467e-01
2.015803456306457520e-01
-8.459903299808502197e-02
1.243985593318939209e-01
4.745452702045440674e-01
3.591262102127075195e-01
1.583414375782012939e-01
-2.550871074199676514e-01
3.649848997592926025e-01
-3.632687032222747803e-03
-9.657238423824310303e-02
1.812029778957366943e-01
-2.536446601152420044e-02
-2.466864883899688721e-02
-4.539596289396286011e-02
-5.936928838491439819e-02
1.223627328872680664e-01
1.564539670944213867e-01
-2.537919580936431885e-02
-1.015451177954673767e-01
1.483058035373687744e-01
2.693502902984619141e-01
-2.299200892448425293e-01
-1.735223680734634399e-01
9.451665915548801422e-03
-1.266107261180877686e-01
5.218125507235527039e-02
2.989881038665771484e-01
2.247736006975173950e-01
