-3.876325860619544983e-02
1.676871031522750854e-01
-2.097586393356323242e-01
-2.986651659011840820e-01
-1.437126398086547852e-01
1.261998619884252548e-02
-5.523230880498886108e-03
7.121677696704864502e-02
-1.744985580444335938e-02
2.914017997682094574e-03
2.972642183303833008e-01
-1.555705964565277100e-01
-2.580265104770660400e-01
1.170103903859853745e-02
2.705598250031471252e-02
-2.170768231153488159e-01
5.898958444595336914e-02
2.630464732646942139e-01
1.914757788181304932e-01
2.280189096927642822e-01
6.189212203025817871e-01
1.474219560623168945e-01
-2.918352782726287842e-01
-3.971766680479049683e-02
1.025447174906730652e-01
5.475605279207229614e-02
-1.159279793500900269e-01
-3.034154176712036133e-01
2.726473510265350342e-01
1.503474563360214233e-01
1.044684797525405884e-01
1.970758736133575439e-01
2.706374824047088623e-01
4.172406792640686035e-01
3.837203085422515869e-01
-1.437872797250747681e-01
-2.572118043899536133e-01
-2.230093926191329956e-01
1.461055725812911987e-01
3.762448430061340332e-01
6.078663095831871033e-02
-3.740873336791992188e-01
-4.497718214988708496e-01
-1.535590589046478271e-01
-1.077971793711185455e-02
-2.538247108459472656e-01
8.998297154903411865e-02
2.944201231002807617e-01
-7.086834311485290527e-02
2.174957096576690674e-01
-3.011313676834106445e-01
-5.555641278624534607e-02
-2.290737815201282501e-02
-9.815537929534912109e-02
6.290997564792633057e-02
-4.626796543598175049e-01
1.791448295116424561e-01
6.872241944074630737e-02
-4.786260798573493958e-02
5.576418247073888779e-03
2.139452397823333740e-01
-4.889045655727386475e-02
-4.972083270549774170e-01
-2.116328105330467224e-02
1.633268445730209351e-01
-1.717715263366699219e-01
-2.123466320335865021e-02
-2.650992274284362793e-01
-2.054468542337417603e-02
-2.242613136768341064e-01
2.276138812303543091e-01
-4.061689972877502441e-01
-2.866483330726623535e-01
-1.574023813009262085e-02
1.774932593107223511e-01
5.448757112026214600e-02
-1.210472732782363892e-01
1.977269724011421204e-02
-2.460840046405792236e-01
-4.985825121402740479e-01
1.544068902730941772e-01
2.477190494537353516e-01
-3.385654650628566742e-03
2.140117585659027100e-01
2.128796651959419250e-02
-4.251324385404586792e-02
1.859843432903289795e-01
3.462277948856353760e-01
3.362045884132385254e-01
-9.744384139776229858e-02
1.882052794098854065e-02
2.244450151920318604e-01
3.303641676902770996e-01
-1.430810689926147461e-01
3.082546591758728027e-01
-4.234059154987335205e-02
2.064271271228790283e-02
-5.133852735161781311e-02
1.994505822658538818e-01
3.368951082229614258e-01
1.001957207918167114e-01
1.109467297792434692e-01
-2.283698916435241699e-01
7.354523241519927979e-02
-1.533406227827072144e-01
2.241001836955547333e-02
1.211317628622055054e-02
-5.613475292921066284e-02
-1.898732408881187439e-02
2.436666786670684814e-01
-1.134609878063201904e-01
5.095156282186508179e-02
-3.686352670192718506e-01
-4.791383743286132812e-01
-1.694506220519542694e-02
4.828293621540069580e-02
1.314442604780197144e-01
-2.692999243736267090e-01
-3.556749969720840454e-02
-2.323461771011352539e-01
2.474670857191085815e-02
1.423444300889968872e-01
-1.684613972902297974e-01
1.382396221160888672e-01
-2.190242707729339600e-01
6.682108342647552490e-02
1.604793518781661987e-01
3.898844122886657715e-02
-3.232599198818206787e-01
1.293469779193401337e-02
1.944326907396316528e-01
-3.591215237975120544e-03
-5.433852970600128174e-02
-1.116124838590621948e-01
-5.663342401385307312e-02
-4.306454211473464966e-03
2.887295186519622803e-01
-2.485162466764450073e-01
-1.093759089708328247e-01
-1.519051790237426758e-01
-1.509924232959747314e-01
-4.838024377822875977e-01
-9.009113907814025879e-02
-1.083349436521530151e-01
6.121426224708557129e-01
2.438315153121948242e-01
2.175593674182891846e-01
2.306989431381225586e-01
1.644830405712127686e-01
-4.117870628833770752e-01
1.182320713996887207e-01
1.395925786346197128e-02
1.513319164514541626e-01
1.924960911273956299e-01
-1.320721209049224854e-01
-8.602283895015716553e-02
1.660722196102142334e-01
1.164063289761543274e-01
7.271997928619384766e-01
-8.657119423151016235e-02
-7.422582060098648071e-02
1.670490503311157227e-01
3.417959511280059814e-01
7.343301177024841309e-02
4.597459733486175537e-01
-2.743823528289794922e-01
-4.298829436302185059e-01
-7.773765176534652710e-02
-2.038163095712661743e-01
3.697775006294250488e-01
-3.759088739752769470e-02
4.589993506669998169e-02
1.957278698682785034e-01
3.222632408142089844e-01
-1.162024363875389099e-01
5.546714365482330322e-02
1.424179673194885254e-01
3.609601408243179321e-02
-1.610299572348594666e-03
1.999291777610778809e-01
-5.045405030250549316e-01
2.251290529966354370e-02
6.870925426483154297e-05
-1.573723554611206055e-01
-2.819372415542602539e-01
6.580001674592494965e-03
-1.685989946126937866e-01
-1.964750438928604126e-01
-1.023727953433990479e-01
2.836031019687652588e-01
-3.388485908508300781e-01
-1.305177062749862671e-01
-3.559784293174743652e-01
7.793278992176055908e-02
-1.810052990913391113e-01
1.593255400657653809e-01
5.202090740203857422e-01
1.342755258083343506e-01
-9.225802868604660034e-02
1.078316643834114075e-01
-2.680683732032775879e-01
3.061240911483764648e-01
-3.088430874049663544e-02
8.732143789529800415e-03
5.224546194076538086e-01
2.157006263732910156e-01
1.839182525873184204e-01
-9.803799539804458618e-02
-7.018939405679702759e-02
1.023191139101982117e-01
1.680557131767272949e-01
-1.497719585895538330e-01
1.419217288494110107e-01
2.904028072953224182e-02
2.666079103946685791e-01
-4.989009350538253784e-03
1.229552775621414185e-01
3.789367079734802246e-01
-3.810006976127624512e-01
9.739732742309570312e-02
-2.966011166572570801e-01
-1.967723965644836426e-01
2.532590329647064209e-01
7.729616016149520874e-02
6.461200863122940063e-02
1.093743443489074707e-01
-6.027910709381103516e-01
1.167033836245536804e-01
-1.612716615200042725e-01
-9.966935217380523682e-02
-2.803191840648651123e-01
-1.753376424312591553e-01
2.860201001167297363e-01
1.306140720844268799e-01
-1.208792813122272491e-02
-3.761207461357116699e-01
3.153655230998992920e-01
7.434257864952087402e-02
2.014880478382110596e-01
1.440681219100952148e-01
3.413404524326324463e-02
1.578281521797180176e-01
-1.239269971847534180e-01
1.544977277517318726e-01
-6.239678263664245605e-01
1.549758017063140869e-04
-7.732275128364562988e-02
2.284431159496307373e-01
-4.078964591026306152e-01
-1.178306266665458679e-01
-1.148890331387519836e-01
-2.817033231258392334e-01
3.127325326204299927e-03
-9.470997750759124756e-02
-9.518019109964370728e-02
-1.811263412237167358e-01
-5.136902332305908203e-01
-1.760596930980682373e-01
-3.055220246315002441e-01
2.294725477695465088e-01
6.683859229087829590e-02
-1.450723558664321899e-01
-1.218972653150558472e-01
6.086454391479492188e-01
3.764063715934753418e-01
2.316828668117523193e-01
-1.724968105554580688e-02
1.177317928522825241e-02
-2.801436781883239746e-01
-3.589712083339691162e-01
-3.141038864850997925e-02
-4.681540727615356445e-01
-2.020384967327117920e-01
-2.350609600543975830e-01
4.568600654602050781e-01
-2.960561811923980713e-01
3.797500133514404297e-01
-4.626538753509521484e-01
2.404264807701110840e-01
1.362886875867843628e-01
-6.150410324335098267e-02
-3.321785330772399902e-01
-3.632531762123107910e-01
8.734112977981567383e-02
1.824874281883239746e-01
-1.091478541493415833e-01
-3.047150969505310059e-01
1.659829616546630859e-01
1.305485665798187256e-01
-7.780385017395019531e-02
-6.723162531852722168e-02
-9.157596528530120850e-02
1.879736930131912231e-01
-7.829542458057403564e-02
1.143997907638549805e-01
-1.674277931451797485e-01
-2.923222780227661133e-01
5.154198408126831055e-02
-3.183059394359588623e-01
-2.918266654014587402e-01
1.261880248785018921e-02
2.683142386376857758e-02
2.664962410926818848e-01
-1.284907758235931396e-01
-3.715663552284240723e-01
-1.426624506711959839e-01
9.569606930017471313e-02
-2.552707791328430176e-01
4.099775552749633789e-01
-6.339459121227264404e-02
-6.648493558168411255e-02
1.882312297821044922e-01
-1.208335347473621368e-02
2.285861372947692871e-01
-5.315627157688140869e-02
1.691198348999023438e-02
-1.080054938793182373e-01
1.202089190483093262e-01
2.215281277894973755e-01
3.833901584148406982e-01
1.292048692703247070e-01
8.017565310001373291e-02
-2.009757161140441895e-01
4.271187186241149902e-01
1.662706881761550903e-01
-2.227253913879394531e-01
-2.910012006759643555e-02
-2.211489677429199219e-01
1.849471032619476318e-01
3.497450351715087891e-01
-1.411415487527847290e-01
3.193684816360473633e-01
8.809844404458999634e-02
-1.307828426361083984e-01
4.337482899427413940e-02
-6.646895408630371094e-02
2.184873372316360474e-01
3.410224802792072296e-03
-3.203466534614562988e-01
6.896440684795379639e-02
-2.087892778217792511e-02
6.395579874515533447e-02
-5.585235357284545898e-02
-4.342972040176391602e-01
-6.026991009712219238e-01
-3.075444698333740234e-01
1.746613979339599609e-01
4.500175118446350098e-01
7.798406481742858887e-02
-6.205648183822631836e-02
-9.930459782481193542e-03
3.674399852752685547e-01
-1.213878691196441650e-01
-4.844934344291687012e-01
-2.593764066696166992e-01
2.276756465435028076e-01
-1.030921489000320435e-01
-3.285999894142150879e-01
-9.833934716880321503e-03
3.751374483108520508e-01
2.053291201591491699e-01
1.349856853485107422e-01
-1.616588532924652100e-01
6.277792155742645264e-02
1.112315058708190918e-01
2.646178007125854492e-02
4.448707401752471924e-02
2.129891663789749146e-01
1.333141028881072998e-01
-2.410541176795959473e-01
-3.825865983963012695e-01
1.587408594787120819e-02
3.889461755752563477e-01
-1.203945875167846680e-01
-4.924907535314559937e-02
1.826792955398559570e-02
4.267054796218872070e-01
4.310677945613861084e-02
3.666845709085464478e-02
-1.075603663921356201e-01
-1.293226182460784912e-01
-2.734511494636535645e-01
-2.380691468715667725e-02
3.660720586776733398e-02
