-6.687350571155548096e-02
2.886530756950378418e-01
1.218615695834159851e-01
-8.080421388149261475e-02
2.068434953689575195e-01
-1.725267469882965088e-01
2.851791977882385254e-01
3.384735435247421265e-02
7.235470414161682129e-02
1.775957494974136353e-01
3.858872950077056885e-01
-3.287795484066009521e-01
-5.212027430534362793e-01
6.754321977496147156e-03
-1.518239229917526245e-01
1.398545131087303162e-02
1.192115247249603271e-01
4.621233344078063965e-01
1.329205930233001709e-03
3.237931132316589355e-01
5.408912301063537598e-01
1.604584753513336182e-01
-3.152709305286407471e-01
-5.353244394063949585e-02
2.622917890548706055e-01
9.023817256093025208e-03
-9.689772129058837891e-02
-2.499207258224487305e-01
8.155669271945953369e-02
9.159822762012481689e-02
1.188492327928543091e-01
-1.404799073934555054e-01
2.224440574645996094e-01
2.371083199977874756e-01
6.909659598022699356e-03
2.035325616598129272e-01
-2.571517229080200195e-01
-7.000808417797088623e-02
3.782218694686889648e-01
5.178632140159606934e-01
-8.736933022737503052e-02
-3.978528380393981934e-01
-3.678516447544097900e-01
-3.641091287136077881e-01
-1.609357744455337524e-01
-1.858612895011901855e-01
5.657065659761428833e-03
1.551660150289535522e-01
1.639340668916702271e-01
1.377449780702590942e-01
-4.575917720794677734e-01
-2.067285180091857910e-01
-1.866622269153594971e-01
2.112319879233837128e-02
2.117096483707427979e-01
-5.066851377487182617e-01
1.006166934967041016e-01
2.542839050292968750e-01
1.573548652231693268e-02
2.664441615343093872e-02
6.901580840349197388e-02
5.609540641307830811e-02
-5.027902126312255859e-01
4.827886074781417847e-02
1.907605081796646118e-01
-1.703302413225173950e-01
-1.380943059921264648e-01
1.947082951664924622e-02
-8.596543967723846436e-02
-7.627888768911361694e-02
3.891366124153137207e-01
-6.516209244728088379e-02
-2.668070420622825623e-02
-2.084951698780059814e-01
-1.675842404365539551e-01
-2.886838465929031372e-02
-3.524044528603553772e-03
3.151360154151916504e-01
-1.098704487085342407e-01
-1.879061311483383179e-01
3.007009625434875488e-03
3.906171917915344238e-01
-1.650861054658889771e-01
1.462405920028686523e-01
-8.123009651899337769e-02
-5.836665630340576172e-03
-2.060122042894363403e-02
4.295998215675354004e-01
4.630088210105895996e-01
-3.719453811645507812e-01
1.834584772586822510e-01
2.158870995044708252e-01
2.236402779817581177e-01
3.183249384164810181e-02
4.665364027023315430e-01
2.189254462718963623e-01
2.320798859000205994e-02
-1.348357461392879486e-02
-1.465499997138977051e-01
3.077432513236999512e-02
4.886836186051368713e-02
2.000175714492797852e-01
-2.026756107807159424e-01
5.449594259262084961e-01
-2.608907818794250488e-01
-1.132129728794097900e-01
1.144933030009269714e-01
-2.055176794528961182e-01
-1.578775793313980103e-01
2.547372877597808838e-01
-1.468301713466644287e-01
1.208848953247070312e-01
-4.540072381496429443e-01
-4.534800350666046143e-02
-2.015501260757446289e-02
1.453947126865386963e-01
3.189227730035781860e-02
-2.510450184345245361e-01
-2.556988000869750977e-01
-1.751051694154739380e-01
1.979279518127441406e-02
-1.854860037565231323e-01
-3.792027756571769714e-02
4.268491268157958984e-02
-3.910136967897415161e-02
9.536556899547576904e-02
5.197819471359252930e-01
1.998440735042095184e-02
-1.123936921358108521e-01
-1.094633787870407104e-01
1.605697870254516602e-01
7.328747212886810303e-02
1.089606992900371552e-02
-5.312880128622055054e-02
-1.259725391864776611e-01
-8.772263303399085999e-03
3.396431207656860352e-01
-6.106104850769042969e-01
-4.547711014747619629e-01
-2.767504453659057617e-01
-1.070257425308227539e-01
6.659930944442749023e-02
3.686897084116935730e-02
1.794942021369934082e-01
4.718779027462005615e-01
9.234797954559326172e-02
4.215556085109710693e-01
2.490502037107944489e-02
1.806706488132476807e-01
-2.157708853483200073e-01
-8.927562832832336426e-02
-1.098080426454544067e-01
-5.455440655350685120e-02
1.724846661090850830e-01
2.086623907089233398e-01
-3.051140904426574707e-01
-2.444186955690383911e-01
9.441603720188140869e-02
4.009873867034912109e-01
-4.304268956184387207e-02
1.640562415122985840e-01
3.013599514961242676e-01
8.429206907749176025e-02
3.079474568367004395e-01
2.043354511260986328e-01
1.349260658025741577e-01
-6.124936342239379883e-01
-5.727924406528472900e-03
1.886476576328277588e-02
4.881888031959533691e-01
1.087724864482879639e-01
-2.623819559812545776e-02
5.934648960828781128e-02
-1.791316568851470947e-01
1.115966886281967163e-01
4.853548109531402588e-02
3.114370107650756836e-01
1.619934737682342529e-01
-6.875677406787872314e-02
5.542929470539093018e-02
-1.911512911319732666e-01
-3.917101398110389709e-02
1.274809837341308594e-01
-4.205724596977233887e-02
-1.823297291994094849e-01
2.029376029968261719e-01
-2.360163629055023193e-01
6.040958687663078308e-03
-1.090885475277900696e-01
1.528878696262836456e-02
-5.809553712606430054e-02
2.573942244052886963e-01
-4.734008759260177612e-02
-9.718462824821472168e-02
-1.924671083688735962e-01
1.496709883213043213e-01
2.835928201675415039e-01
-1.353706419467926025e-01
-7.320007681846618652e-02
2.686262503266334534e-02
-4.132450222969055176e-01
2.998495399951934814e-01
-2.651198953390121460e-02
-9.214844554662704468e-02
4.768113791942596436e-01
1.439502686262130737e-01
1.476912945508956909e-01
-1.629366725683212280e-01
-8.100034296512603760e-02
2.398478686809539795e-01
1.981944143772125244e-01
1.758127361536026001e-01
8.674561977386474609e-02
1.223746165633201599e-01
1.114952042698860168e-01
2.889279127120971680e-01
1.862683594226837158e-01
5.045649409294128418e-01
-2.085617184638977051e-01
1.421182453632354736e-01
-2.651702761650085449e-01
-4.923126101493835449e-01
2.157593518495559692e-01
-1.600152254104614258e-01
1.261699199676513672e-01
1.186927482485771179e-01
-5.001466870307922363e-01
-4.639983177185058594e-02
-8.913598954677581787e-03
1.898230612277984619e-01
-1.970984190702438354e-01
2.583221495151519775e-01
-2.262977324426174164e-02
1.137990504503250122e-01
-5.012728646397590637e-02
-3.368674218654632568e-01
2.438889890909194946e-01
2.946680411696434021e-02
-2.357358187437057495e-01
2.168057262897491455e-01
-1.915341243147850037e-02
1.065517961978912354e-01
-2.864814400672912598e-01
-4.696137085556983948e-02
-1.803753972053527832e-01
1.263493001461029053e-01
2.905904948711395264e-01
-2.025128342211246490e-02
-4.555183649063110352e-01
4.765654355287551880e-02
-1.084589306265115738e-02
-1.424257457256317139e-01
-1.082258522510528564e-01
-6.894400715827941895e-02
1.046559885144233704e-01
1.699835062026977539e-01
-6.139316558837890625e-01
-9.580136090517044067e-02
-1.890968978404998779e-01
-2.097615301609039307e-01
1.453016996383666992e-01
2.718364894390106201e-01
-3.641892969608306885e-02
3.859867751598358154e-01
3.298406302928924561e-01
9.326716512441635132e-02
5.177147686481475830e-02
-1.384203583002090454e-01
-2.415642142295837402e-01
-3.347791731357574463e-01
9.447252005338668823e-02
-5.581934452056884766e-01
-3.639245778322219849e-02
-3.825758695602416992e-01
2.908266782760620117e-01
-2.112820595502853394e-01
7.073310762643814087e-02
-5.785661190748214722e-02
3.155536651611328125e-01
-2.543468475341796875e-01
7.516500353813171387e-02
-4.601279199123382568e-01
-3.566945195198059082e-01
-5.904006212949752808e-02
-3.965775668621063232e-02
-1.200132630765438080e-02
-3.032032400369644165e-02
-1.133879050612449646e-01
-8.857446908950805664e-02
2.197860181331634521e-01
-1.177217513322830200e-01
7.892675697803497314e-02
2.252584248781204224e-01
-2.075606733560562134e-01
2.102085947990417480e-01
-5.458658337593078613e-01
-2.348666787147521973e-01
1.246948167681694031e-01
-2.924258112907409668e-01
-5.397616624832153320e-01
-3.706782162189483643e-01
-1.337680071592330933e-01
2.727988958358764648e-01
-2.375873923301696777e-01
-2.922206521034240723e-01
-2.700314521789550781e-01
-8.147676289081573486e-02
-1.604769378900527954e-01
2.753137648105621338e-01
-1.890626847743988037e-01
7.834243774414062500e-02
-3.436433374881744385e-01
-6.015045940876007080e-02
2.188290208578109741e-01
9.240674972534179688e-02
-2.659330144524574280e-02
-2.744586169719696045e-01
3.715210407972335815e-02
3.616920709609985352e-01
1.725909709930419922e-01
4.658808931708335876e-02
-4.756098985671997070e-02
-4.013599753379821777e-01
7.249538600444793701e-02
-4.579279571771621704e-02
-2.048716247081756592e-01
-1.744683086872100830e-01
-2.189597189426422119e-01
-1.087351739406585693e-01
2.405213117599487305e-01
-3.631116449832916260e-02
1.423901766538619995e-01
1.055993512272834778e-02
3.792136162519454956e-02
9.639579802751541138e-03
6.440455093979835510e-03
3.225634694099426270e-01
1.771280318498611450e-01
-2.547239065170288086e-01
-1.880850493907928467e-01
-4.418191313743591309e-02
9.829454869031906128e-02
4.375236108899116516e-02
-2.375937402248382568e-01
-1.323842108249664307e-01
-2.054351866245269775e-01
6.504521518945693970e-02
2.891815304756164551e-01
3.021374940872192383e-01
-1.146243065595626831e-01
7.026007771492004395e-02
5.965423583984375000e-01
3.315000608563423157e-02
-3.526087105274200439e-01
-2.000357583165168762e-02
1.839745938777923584e-01
6.913244724273681641e-02
-1.762717962265014648e-01
1.155523024499416351e-02
2.357811778783798218e-01
-5.854489281773567200e-02
8.993053436279296875e-02
-7.574663311243057251e-02
1.636680215597152710e-01
3.297461569309234619e-01
-1.779507100582122803e-01
-5.935286357998847961e-02
-6.359649449586868286e-02
2.257498055696487427e-01
-1.476249992847442627e-01
-3.806555867195129395e-01
1.505600214004516602e-01
3.294802308082580566e-01
-1.857630610466003418e-01
-2.416715621948242188e-01
8.898124098777770996e-02
2.838247418403625488e-01
2.205449342727661133e-02
2.784608677029609680e-02
-2.142048254609107971e-02
9.247930347919464111e-02
-3.594766259193420410e-01
1.298786327242851257e-02
2.845371365547180176e-01
