-3.756390213966369629e-01
1.286663711071014404e-01
-1.469899117946624756e-01
-2.120799422264099121e-01
-1.607971489429473877e-01
-6.511659920215606689e-02
2.423080950975418091e-01
-4.417041689157485962e-02
-1.228289771825075150e-02
1.478153020143508911e-01
4.648984670639038086e-01
-2.565051317214965820e-01
-1.925523281097412109e-01
-7.223541289567947388e-02
-2.626924812793731689e-01
-4.231045395135879517e-02
9.194630384445190430e-02
4.824864864349365234e-01
3.022683858871459961e-01
-1.522848159074783325e-01
5.636222362518310547e-01
-1.338492482900619507e-01
-1.626610457897186279e-01
-1.850361078977584839e-01
-5.512354895472526550e-02
3.118313252925872803e-01
-1.316293478012084961e-01
-9.615966677665710449e-02
3.934730589389801025e-01
-7.180240750312805176e-02
3.565446734428405762e-01
2.443179339170455933e-01
1.111025214195251465e-01
2.869370579719543457e-02
-9.721005335450172424e-03
2.241827398538589478e-01
-2.603114247322082520e-01
-1.009500250220298767e-01
3.639890253543853760e-02
1.991472691297531128e-01
-7.987553253769874573e-03
-1.622770875692367554e-01
-2.911719381809234619e-01
-1.646754890680313110e-01
-4.048475623130798340e-02
1.922238990664482117e-02
-4.356374591588973999e-02
2.245654910802841187e-02
-2.754189372062683105e-01
5.733651667833328247e-02
-1.487346440553665161e-01
-1.022563055157661438e-01
1.728604137897491455e-01
-2.000370621681213379e-01
2.906059622764587402e-01
-2.117201387882232666e-01
9.697317332029342651e-02
3.888993859291076660e-01
-1.790814399719238281e-01
1.703476756811141968e-01
3.383244387805461884e-03
-8.216967433691024780e-02
-5.687110424041748047e-01
4.695215821266174316e-02
3.623111546039581299e-01
1.855030804872512817e-01
-3.054834008216857910e-01
-3.508385419845581055e-01
4.931798577308654785e-02
-4.318413883447647095e-02
2.656454443931579590e-01
4.380778968334197998e-02
2.692851722240447998e-01
-1.842069029808044434e-01
1.067059189081192017e-01
1.732111871242523193e-01
1.460758745670318604e-01
3.532555699348449707e-01
-1.429206877946853638e-01
-4.073178470134735107e-01
3.697397112846374512e-01
5.781365633010864258e-01
-2.166060954332351685e-01
-9.306165575981140137e-02
2.203698158264160156e-01
5.111574381589889526e-02
5.860679969191551208e-02
1.632401198148727417e-01
2.470644414424896240e-01
-1.003224998712539673e-01
3.291833102703094482e-01
3.560410737991333008e-01
2.233761176466941833e-02
-2.289132475852966309e-01
5.549281835556030273e-01
3.239564895629882812e-01
4.788585752248764038e-02
-1.722720712423324585e-01
1.438439488410949707e-01
9.076042473316192627e-02
1.102196983993053436e-02
1.932436078786849976e-01
-2.112771421670913696e-01
3.706594705581665039e-01
-2.680568695068359375e-01
-6.339608132839202881e-02
6.331466138362884521e-02
-2.143565937876701355e-02
2.425081469118595123e-02
2.830462753772735596e-01
-2.965089082717895508e-01
-1.832120418548583984e-01
-6.656700372695922852e-01
-1.826077103614807129e-01
-1.278250366449356079e-01
7.016288489103317261e-02
1.781054735183715820e-01
-1.296117007732391357e-01
2.538665831089019775e-01
-4.848428443074226379e-02
-1.079613529145717621e-02
-3.268293738365173340e-01
-2.065580189228057861e-01
-2.157804816961288452e-01
-2.235984057188034058e-02
1.795705556869506836e-01
-1.209259480237960815e-01
-1.215600371360778809e-01
-1.356708556413650513e-01
3.261961936950683594e-01
-1.492292433977127075e-01
1.256570369005203247e-01
-1.112497691065073013e-02
7.636227644979953766e-03
-2.301653623580932617e-01
-2.557842805981636047e-02
1.782960295677185059e-01
-4.053866267204284668e-01
-3.724006712436676025e-01
-3.197358250617980957e-01
-1.559710800647735596e-01
-1.646384447813034058e-01
3.407596945762634277e-01
4.492785409092903137e-02
2.126462459564208984e-01
-1.498279571533203125e-01
2.163259387016296387e-01
5.730637349188327789e-03
1.697321236133575439e-01
-1.945849061012268066e-01
-2.818163633346557617e-01
-3.159197270870208740e-01
1.413871049880981445e-01
2.357695996761322021e-01
3.808930218219757080e-01
-1.439796239137649536e-01
-3.243390917778015137e-01
7.329409942030906677e-03
3.401431441307067871e-01
5.659095011651515961e-03
2.032956331968307495e-01
9.659187495708465576e-02
5.308221280574798584e-02
2.081671655178070068e-01
9.467115998268127441e-02
1.536949574947357178e-01
-3.438519239425659180e-01
-1.776036322116851807e-01
2.183184027671813965e-01
1.540840566158294678e-01
5.320292711257934570e-02
9.140612185001373291e-02
1.983843147754669189e-01
7.067176699638366699e-02
1.874120533466339111e-01
-2.372184395790100098e-01
4.916130304336547852e-01
1.582471430301666260e-01
-2.907235920429229736e-02
1.863957047462463379e-01
-1.394096314907073975e-01
-5.139377117156982422e-01
1.920417249202728271e-01
4.544471576809883118e-02
-1.719504296779632568e-01
1.350715756416320801e-01
-2.072401046752929688e-01
2.630318701267242432e-02
-7.188303768634796143e-02
5.265197902917861938e-02
-4.025018513202667236e-01
1.631694138050079346e-01
7.874894887208938599e-03
-1.555324494838714600e-01
-1.167394146323204041e-01
-1.440345048904418945e-01
2.002152353525161743e-01
-8.942583203315734863e-02
-2.168998569250106812e-01
-1.171285361051559448e-01
-2.182992845773696899e-01
2.070287168025970459e-01
-4.942925274372100830e-02
-9.750435501337051392e-02
6.710096448659896851e-02
2.551642358303070068e-01
-1.602978706359863281e-01
-6.208096817135810852e-02
-1.399149298667907715e-01
1.755465716123580933e-01
7.906967401504516602e-02
9.575022757053375244e-02
2.398272603750228882e-01
-9.278704971075057983e-02
-6.203163415193557739e-02
5.490427613258361816e-01
-1.454134881496429443e-01
2.267538011074066162e-01
2.041975855827331543e-01
2.804252505302429199e-01
5.576524883508682251e-03
-2.812848687171936035e-01
2.599906362593173981e-02
-8.638784289360046387e-03
-7.501520216464996338e-02
3.783254623413085938e-01
-1.139119938015937805e-01
-3.623927943408489227e-03
-2.827606201171875000e-01
-2.648815140128135681e-02
-2.452084124088287354e-01
-8.170290291309356689e-02
1.134760677814483643e-01
1.422358602285385132e-01
-2.912024594843387604e-02
-4.848246574401855469e-01
3.869515657424926758e-01
-1.260759122669696808e-02
-2.379213571548461914e-01
1.969953775405883789e-01
-6.290228962898254395e-01
1.594943255186080933e-01
-2.367269098758697510e-01
-1.180306375026702881e-01
-7.311320304870605469e-02
3.589183092117309570e-01
2.162279188632965088e-01
1.636224538087844849e-01
-3.602151274681091309e-01
-7.570552825927734375e-02
9.496852755546569824e-02
1.960069537162780762e-01
-1.187619268894195557e-01
-5.941306799650192261e-02
-4.772735387086868286e-02
-2.964317798614501953e-01
-7.045917510986328125e-01
-7.825924456119537354e-02
-9.015839546918869019e-02
-6.163623556494712830e-02
4.404780268669128418e-01
1.295225620269775391e-01
-2.357928007841110229e-01
3.508743941783905029e-01
2.124357223510742188e-01
4.347015917301177979e-01
-7.431326806545257568e-02
-3.777339123189449310e-03
-3.406542539596557617e-01
-3.126150369644165039e-01
1.682119071483612061e-01
-4.745272696018218994e-01
-1.281555593013763428e-01
6.581122986972332001e-03
-1.762392185628414154e-02
-2.621312141418457031e-01
2.325960248708724976e-02
-2.836607098579406738e-01
3.221665620803833008e-01
1.227518618106842041e-01
-6.287851184606552124e-02
-3.223460018634796143e-01
-3.902981877326965332e-01
1.353062242269515991e-01
3.387285470962524414e-01
1.450032554566860199e-02
2.186230421066284180e-01
-7.100193947553634644e-02
-1.300970762968063354e-01
1.292744725942611694e-01
7.842908799648284912e-02
3.709700703620910645e-01
1.531245708465576172e-01
4.020692780613899231e-02
1.390236914157867432e-01
-2.465304434299468994e-01
-1.481294929981231689e-01
-1.098069101572036743e-01
7.594842463731765747e-04
-5.106469392776489258e-01
-8.254862576723098755e-02
-1.032816693186759949e-01
1.107987910509109497e-01
3.640230000019073486e-02
-8.809354901313781738e-02
-3.133489191532135010e-01
-2.066539973020553589e-01
-9.805234149098396301e-03
2.556000649929046631e-01
-1.969519257545471191e-01
7.844717800617218018e-02
-3.286633267998695374e-02
9.432912617921829224e-02
4.545415937900543213e-02
-1.581397056579589844e-01
4.399012327194213867e-01
-5.350102782249450684e-01
2.388923466205596924e-01
-5.505013093352317810e-02
3.298109769821166992e-01
-9.124667383730411530e-03
-2.074549794197082520e-01
-2.764182686805725098e-01
-2.117779701948165894e-01
1.491096615791320801e-01
-3.541560843586921692e-02
-1.700001060962677002e-01
-5.856962800025939941e-01
-4.916169121861457825e-02
1.767473518848419189e-01
-2.217957973480224609e-01
2.818828225135803223e-01
-2.977473735809326172e-01
-1.851018965244293213e-01
1.522060483694076538e-02
5.391831323504447937e-02
-3.926978260278701782e-02
1.547574102878570557e-01
-1.483072526752948761e-02
-1.822162717580795288e-01
-7.668086886405944824e-02
-1.224164813756942749e-01
-1.763847470283508301e-01
3.759381175041198730e-01
-7.457409799098968506e-02
-1.726139336824417114e-01
1.058431267738342285e-01
4.731015264987945557e-01
2.325197160243988037e-01
-1.078223064541816711e-02
4.274775832891464233e-02
4.389609694480895996e-01
1.710599362850189209e-01
-2.428174614906311035e-01
-1.973880231380462646e-01
9.524358808994293213e-02
-4.125908762216567993e-02
2.581411600112915039e-01
6.680101156234741211e-02
4.374439716339111328e-01
4.662697017192840576e-02
-3.999184072017669678e-02
1.331454515457153320e-01
2.452663779258728027e-01
1.135475486516952515e-01
-6.036036834120750427e-02
-1.203289628028869629e-01
-8.413745462894439697e-02
1.023472845554351807e-01
-6.720863282680511475e-02
-2.112517654895782471e-01
1.013117432594299316e-01
1.080730259418487549e-01
-6.411271169781684875e-05
-1.266771405935287476e-01
2.673559077084064484e-02
1.780764460563659668e-01
4.878094419836997986e-02
-6.944173574447631836e-02
7.128148525953292847e-02
-2.650632858276367188e-01
-3.631480038166046143e-01
1.716987490653991699e-01
2.147986292839050293e-01
