-2.729092240333557129e-01
1.035787761211395264e-01
3.490775823593139648e-02
-1.227681636810302734e-01
-1.208177506923675537e-01
-2.293725013732910156e-01
3.399142026901245117e-01
4.931466281414031982e-02
9.300019592046737671e-03
2.399529814720153809e-01
3.006160855293273926e-01
-3.064625263214111328e-01
-1.195116527378559113e-02
2.174950949847698212e-02
-1.131590753793716431e-01
-9.392590075731277466e-02
-2.748967520892620087e-02
2.838143706321716309e-01
8.298385888338088989e-02
4.417794346809387207e-01
7.296015024185180664e-01
-7.343633472919464111e-02
-1.755167841911315918e-01
-2.276450097560882568e-01
1.113277524709701538e-01
1.487702578306198120e-01
5.212397128343582153e-02
-2.644316256046295166e-01
-6.048983708024024963e-02
-9.375202655792236328e-02
4.674910008907318115e-02
-1.751960068941116333e-02
1.919645071029663086e-01
7.480238378047943115e-02
1.966547071933746338e-01
1.384808868169784546e-01
-6.437018513679504395e-03
-9.708552807569503784e-02
-2.198497653007507324e-01
9.875443577766418457e-02
-6.834036111831665039e-02
-2.908115983009338379e-01
-2.287301719188690186e-01
-2.709687650203704834e-01
7.689654082059860229e-02
-2.178194075822830200e-01
1.051618251949548721e-02
-1.385599374771118164e-01
6.271032989025115967e-02
-1.925321519374847412e-01
-6.367778778076171875e-01
-8.219248801469802856e-02
4.740443453192710876e-02
-2.133447974920272827e-01
9.795880317687988281e-02
-4.252596497535705566e-01
8.100802451372146606e-02
3.551449477672576904e-01
2.002011239528656006e-02
-2.233347296714782715e-02
-1.355352103710174561e-01
-4.091260023415088654e-03
-5.492841005325317383e-01
-4.825538396835327148e-02
3.555462062358856201e-01
6.772841326892375946e-03
-6.309086829423904419e-02
-3.221091032028198242e-01
-2.241793833673000336e-02
-1.610442101955413818e-01
2.762906849384307861e-01
-1.495203226804733276e-01
-1.871712952852249146e-01
-1.541109383106231689e-01
-5.007029697299003601e-02
8.730050921440124512e-02
-1.495124213397502899e-02
3.008270859718322754e-01
3.533115610480308533e-02
-3.326383829116821289e-01
4.425891041755676270e-01
1.961998492479324341e-01
-2.429225891828536987e-01
2.264449596405029297e-01
5.365232005715370178e-02
4.051285386085510254e-01
-1.135039553046226501e-01
1.318549811840057373e-01
1.932697147130966187e-01
-1.788212954998016357e-01
1.969174146652221680e-01
1.758303195238113403e-01
1.410279870033264160e-01
-1.115996837615966797e-01
6.429989337921142578e-01
-1.083254069089889526e-01
9.601213037967681885e-02
-3.567024469375610352e-01
2.000884413719177246e-01
1.935535073280334473e-01
-6.219299510121345520e-02
8.839272707700729370e-02
-2.134937942028045654e-01
3.354800045490264893e-01
-1.933975517749786377e-01
-3.875312209129333496e-02
3.196367919445037842e-01
2.673350647091865540e-02
-9.422948956489562988e-02
1.808535009622573853e-01
-1.068680286407470703e-01
-2.125307768583297729e-01
-5.203307271003723145e-01
-3.112907111644744873e-01
-7.863911986351013184e-02
-1.343364119529724121e-01
1.840158104896545410e-01
-4.941651597619056702e-02
7.854244112968444824e-02
-3.614080548286437988e-01
-5.440364778041839600e-02
-1.543730795383453369e-01
-1.746671497821807861e-01
4.433693736791610718e-02
-5.340557545423507690e-03
1.427730470895767212e-01
1.018107607960700989e-01
1.558162569999694824e-01
-2.190973758697509766e-01
8.239223062992095947e-02
-8.584607392549514771e-03
-5.879021435976028442e-02
-2.359407842159271240e-01
1.221591010689735413e-01
-1.516565084457397461e-01
3.031714856624603271e-01
3.027547597885131836e-01
-6.905120015144348145e-01
-4.480965137481689453e-01
-4.001185670495033264e-02
-2.359617650508880615e-01
-3.260838985443115234e-02
2.648267745971679688e-01
3.228238783776760101e-03
4.277623295783996582e-01
4.468035697937011719e-02
2.883547246456146240e-01
-1.347181349992752075e-01
-1.634570397436618805e-02
-1.345766615122556686e-02
1.006556227803230286e-01
-3.165239095687866211e-01
3.059295415878295898e-01
2.970224022865295410e-01
7.211300730705261230e-02
-3.294182121753692627e-01
-1.367959827184677124e-01
2.400754243135452271e-01
6.819663643836975098e-01
8.575096726417541504e-02
1.361826248466968536e-02
5.356137081980705261e-02
2.802333235740661621e-01
3.791569471359252930e-01
2.191471606492996216e-01
9.173831343650817871e-02
-5.008032321929931641e-01
-1.158243119716644287e-01
-3.176058530807495117e-01
2.146107703447341919e-01
2.226166427135467529e-02
7.273751497268676758e-02
1.248829066753387451e-01
-1.238832473754882812e-01
2.723052632063627243e-03
-6.730586290359497070e-02
2.436222322285175323e-02
2.435892969369888306e-01
-9.665407240390777588e-02
2.026708722114562988e-01
-4.288335442543029785e-01
-5.561374872922897339e-02
-7.961228489875793457e-03
4.261396080255508423e-02
-1.051664054393768311e-01
1.916821599006652832e-01
7.522862870246171951e-03
1.736060678958892822e-01
-2.713088393211364746e-01
3.145951926708221436e-01
-2.974122762680053711e-01
-5.871840193867683411e-02
2.101205140352249146e-01
2.625721693038940430e-02
-6.952226161956787109e-02
1.817823648452758789e-01
1.810299158096313477e-01
-1.375573575496673584e-01
-2.615454196929931641e-01
-9.500204026699066162e-02
-5.023962855339050293e-01
3.018074631690979004e-01
4.994571954011917114e-02
-2.495807036757469177e-02
8.270937204360961914e-02
5.934267118573188782e-02
8.835498988628387451e-02
-5.769056826829910278e-02
-1.278345435857772827e-01
4.145309925079345703e-01
3.092548251152038574e-01
-1.819293797016143799e-01
3.837335854768753052e-03
-3.267298638820648193e-02
1.144957691431045532e-01
2.229679822921752930e-01
1.905555464327335358e-02
2.728829383850097656e-01
-3.182820081710815430e-01
1.457396149635314941e-01
-2.965998649597167969e-01
-8.243147283792495728e-02
5.912345647811889648e-02
-3.416401147842407227e-02
8.610433340072631836e-02
3.283037990331649780e-02
-3.061001300811767578e-01
1.919884681701660156e-01
-2.406069040298461914e-01
6.363381445407867432e-02
-2.225800454616546631e-01
-2.005749046802520752e-01
2.428532987833023071e-01
2.356490045785903931e-01
-8.173459768295288086e-02
-2.824262082576751709e-01
4.008556008338928223e-01
-1.163419783115386963e-01
-2.497496902942657471e-01
1.477881669998168945e-01
-5.646694898605346680e-01
-6.190218403935432434e-02
-2.731611132621765137e-01
9.190888702869415283e-02
-4.652890861034393311e-01
2.371062785387039185e-01
2.903939783573150635e-01
-1.898499429225921631e-01
-3.689672946929931641e-01
-2.210710197687149048e-01
1.852195858955383301e-01
-5.378962308168411255e-02
-4.837840795516967773e-02
5.649989098310470581e-02
2.292709946632385254e-01
8.719158172607421875e-02
-7.254723310470581055e-01
-1.881978362798690796e-01
-1.377840191125869751e-01
1.808290183544158936e-01
3.405196070671081543e-01
-4.671851173043251038e-03
-3.367681056261062622e-02
6.144671142101287842e-02
1.818620562553405762e-01
3.366530537605285645e-01
1.626658141613006592e-01
-3.571061044931411743e-02
-2.569015026092529297e-01
-1.542477011680603027e-01
-9.321458637714385986e-03
-4.558415114879608154e-01
-1.466817408800125122e-01
-2.828001081943511963e-01
2.475399523973464966e-01
-2.916462719440460205e-01
5.880779400467872620e-02
-2.827963232994079590e-01
1.630136370658874512e-01
4.098679870367050171e-03
1.175949275493621826e-01
-6.210071220993995667e-02
-2.939835190773010254e-01
3.809774294495582581e-02
3.785669803619384766e-01
-7.269352674484252930e-02
-1.706781685352325439e-01
-8.199220895767211914e-02
-1.210581064224243164e-01
2.520147264003753662e-01
1.406028568744659424e-01
2.779130339622497559e-01
3.769479691982269287e-01
-3.845809698104858398e-01
2.739237546920776367e-01
-4.925921559333801270e-01
-1.194100268185138702e-02
-7.161290198564529419e-02
-3.921799659729003906e-01
-2.151362150907516479e-01
-2.585894055664539337e-02
-6.029283255338668823e-02
1.206312701106071472e-01
3.499208763241767883e-02
2.382125258445739746e-01
-1.942501664161682129e-01
1.047664284706115723e-01
-1.513458490371704102e-01
3.940148949623107910e-01
-5.700682848691940308e-02
2.619426846504211426e-01
-1.527674645185470581e-01
-9.851366281509399414e-03
9.249079227447509766e-02
-1.737801134586334229e-01
1.125651299953460693e-01
-2.462929487228393555e-01
3.353801071643829346e-01
1.925609558820724487e-01
3.587535023689270020e-01
4.971326887607574463e-02
1.486989855766296387e-01
-1.259578466415405273e-01
-1.812733337283134460e-02
8.830979466438293457e-02
-1.815195679664611816e-01
-2.003272771835327148e-01
-1.319214999675750732e-01
-3.370379284024238586e-02
3.641664236783981323e-02
-2.612008526921272278e-02
-2.214183807373046875e-01
-2.301769256591796875e-01
-5.498619377613067627e-02
1.484606862068176270e-01
2.587833404541015625e-01
5.164629593491554260e-02
7.096177339553833008e-02
-2.195170372724533081e-01
7.049738615751266479e-02
3.166669607162475586e-01
-1.301529258489608765e-02
2.058945596218109131e-01
-6.108362972736358643e-02
-4.775002971291542053e-02
-2.545372247695922852e-01
3.784549981355667114e-02
2.695359885692596436e-01
1.162078231573104858e-03
-2.212829887866973877e-02
-2.168046496808528900e-02
4.877057969570159912e-01
2.248597145080566406e-02
-2.983356118202209473e-01
-2.662950754165649414e-01
3.609189093112945557e-01
-5.196145549416542053e-02
-1.409496366977691650e-01
-2.995518036186695099e-02
1.422993987798690796e-01
5.936551839113235474e-02
2.599018253386020660e-02
-1.733372807502746582e-01
3.512524068355560303e-01
1.140373647212982178e-01
1.551705002784729004e-01
1.143187135457992554e-01
-6.530929356813430786e-02
5.327803082764148712e-03
1.654103398323059082e-01
-2.037946581840515137e-01
2.408003807067871094e-02
2.378009855747222900e-01
-3.249215334653854370e-02
1.725000143051147461e-02
1.185365617275238037e-01
2.683430910110473633e-01
-1.565821468830108643e-02
-2.438061833381652832e-01
1.277503669261932373e-01
-7.504438608884811401e-02
-6.389600038528442383e-02
-1.155128777027130127e-01
2.293817996978759766e-01
