-2.588805556297302246e-01
5.284348726272583008e-01
-1.831480860710144043e-01
-1.091201230883598328e-01
-4.719110429286956787e-01
-3.235044777393341064e-01
6.533537805080413818e-02
5.010332539677619934e-02
-2.253409624099731445e-01
1.077293232083320618e-02
2.586674094200134277e-01
-1.940017044544219971e-01
-2.357854247093200684e-01
-1.916452124714851379e-02
-1.017335578799247742e-01
-1.087574809789657593e-01
2.296908199787139893e-01
2.886797189712524414e-01
5.007677078247070312e-01
1.567599922418594360e-02
6.066392660140991211e-01
-2.240327745676040649e-01
-2.017772197723388672e-01
-4.930477589368820190e-02
3.080604597926139832e-03
3.484776020050048828e-01
-1.179799288511276245e-01
-1.173927038908004761e-01
3.585064113140106201e-01
1.069685369729995728e-01
2.631363645195960999e-02
-1.622177958488464355e-01
-7.507396489381790161e-02
3.911829553544521332e-04
3.357248306274414062e-01
1.043082252144813538e-01
-3.668828010559082031e-01
9.755489230155944824e-02
4.304214715957641602e-01
3.519700169563293457e-01
-1.125614941120147705e-01
-3.485783338546752930e-01
-2.782824039459228516e-01
-1.076391637325286865e-01
1.035848408937454224e-01
-1.938256919384002686e-01
-6.057525798678398132e-02
2.680433392524719238e-01
-8.114762604236602783e-02
-2.071984410285949707e-01
-5.102642178535461426e-01
-2.517155110836029053e-01
-1.633791178464889526e-01
-1.105092912912368774e-01
7.000869512557983398e-02
-6.590694189071655273e-01
1.366864889860153198e-01
2.051209360361099243e-01
-1.393194794654846191e-01
-2.777415513992309570e-01
1.881619691848754883e-01
3.061921894550323486e-01
-4.036387503147125244e-01
7.663175463676452637e-02
2.216250598430633545e-01
-7.880256325006484985e-02
-1.103726848959922791e-01
-3.164722770452499390e-02
1.007170230150222778e-01
-8.555312454700469971e-02
3.670292496681213379e-01
-3.289293348789215088e-01
9.772390127182006836e-02
1.192356422543525696e-01
1.316107511520385742e-01
-2.249753177165985107e-01
-2.037276923656463623e-01
2.207171320915222168e-01
-3.711072206497192383e-01
-4.429789781570434570e-01
2.517244815826416016e-01
2.506144642829895020e-01
-4.401016831398010254e-01
2.051257491111755371e-01
7.040059566497802734e-02
3.368339836597442627e-01
-7.419310510158538818e-02
2.276588529348373413e-01
2.238279879093170166e-01
-2.878949940204620361e-01
2.566463947296142578e-01
1.022346019744873047e-01
2.269438803195953369e-01
1.112584173679351807e-01
8.055554628372192383e-01
5.483107268810272217e-02
-2.267910540103912354e-01
2.818677574396133423e-03
8.545003831386566162e-02
-1.393825188279151917e-02
-1.887463629245758057e-01
-2.737375497817993164e-01
-9.904000908136367798e-02
2.414015233516693115e-01
-4.640168547630310059e-01
4.701419919729232788e-02
2.201384156942367554e-01
5.141086131334304810e-02
9.067167341709136963e-02
2.808995842933654785e-01
-3.462115526199340820e-01
-1.546839810907840729e-02
-4.472360610961914062e-01
-4.691797494888305664e-02
-1.717303097248077393e-01
1.260038763284683228e-01
-4.732144251465797424e-02
-3.843647837638854980e-01
-1.114337518811225891e-01
5.162572115659713745e-02
-1.002673953771591187e-01
-9.014266729354858398e-02
-1.892088800668716431e-01
1.577277183532714844e-01
8.393548429012298584e-02
-1.627382338047027588e-01
1.271268874406814575e-01
8.403995633125305176e-02
-2.138272821903228760e-01
-5.767975747585296631e-02
2.213062047958374023e-01
5.240410938858985901e-02
2.461090534925460815e-01
1.428754329681396484e-01
1.883009821176528931e-01
-1.593885421752929688e-01
9.600167721509933472e-02
-4.152745008468627930e-01
-1.346478611230850220e-01
-3.547279834747314453e-01
-3.638876378536224365e-01
-8.482041954994201660e-02
-1.769311875104904175e-01
-3.525384664535522461e-01
2.477613091468811035e-01
1.877636909484863281e-01
1.880370676517486572e-01
1.621916294097900391e-01
1.253416538238525391e-01
4.976277425885200500e-02
-5.209366232156753540e-02
-2.674313187599182129e-01
1.030639708042144775e-01
2.974920272827148438e-01
2.230148613452911377e-01
-1.218008100986480713e-01
-3.347556293010711670e-01
2.764976620674133301e-01
5.860631465911865234e-01
-1.760070621967315674e-01
-2.143809050321578979e-01
1.123066842555999756e-01
4.443338513374328613e-02
5.970866978168487549e-02
2.228122204542160034e-01
-2.109192907810211182e-01
-5.087076425552368164e-01
-3.954901397228240967e-01
-1.095803305506706238e-01
1.508733630180358887e-01
6.855638325214385986e-02
1.609508395195007324e-01
-2.041833288967609406e-02
2.231239154934883118e-02
2.042623013257980347e-01
1.491395831108093262e-01
2.124783396720886230e-01
-5.230227112770080566e-02
-1.058046594262123108e-01
3.097452223300933838e-01
-4.725945591926574707e-01
-2.051428258419036865e-01
1.210284456610679626e-01
-1.760582327842712402e-01
7.013650238513946533e-02
1.758385449647903442e-01
2.406511157751083374e-01
-4.144240170717239380e-02
-1.705922931432723999e-01
2.509803771972656250e-01
-3.844184279441833496e-01
1.051516756415367126e-01
8.330669999122619629e-02
-1.875567249953746796e-02
-1.004403531551361084e-01
1.598175168037414551e-01
7.918407917022705078e-01
-1.033729538321495056e-01
-2.253666073083877563e-01
-5.567573755979537964e-02
-3.407992124557495117e-01
2.328613400459289551e-01
-6.821543723344802856e-02
-2.406661584973335266e-02
1.104317829012870789e-01
1.418229043483734131e-01
-1.350280195474624634e-01
-1.760396733880043030e-02
-4.402328282594680786e-02
2.915841341018676758e-01
6.431336700916290283e-02
-1.808803081512451172e-01
1.253173947334289551e-01
4.256366565823554993e-02
8.247356116771697998e-02
4.249830842018127441e-01
2.389848828315734863e-01
2.942300736904144287e-01
4.172002896666526794e-03
5.824285745620727539e-02
-7.417108118534088135e-02
-4.746806994080543518e-02
3.531463816761970520e-02
-6.524514406919479370e-02
7.094579935073852539e-02
-3.547824174165725708e-02
-4.359283149242401123e-01
2.414598166942596436e-01
1.049311608076095581e-01
-2.057907283306121826e-01
-1.533286571502685547e-01
-2.291173338890075684e-01
2.075959146022796631e-01
1.535595506429672241e-01
1.974996030330657959e-01
-1.077581718564033508e-01
4.331293106079101562e-01
-1.470230817794799805e-01
-2.848330736160278320e-01
3.124871253967285156e-01
-2.022831141948699951e-01
-1.072689443826675415e-01
-2.248206138610839844e-01
1.443660855293273926e-01
-1.422305256128311157e-01
-1.332642883062362671e-01
-6.545448303222656250e-02
4.218364506959915161e-02
-5.772539973258972168e-01
8.174241334199905396e-02
-3.388512134552001953e-02
-1.683927774429321289e-01
-2.363733798265457153e-01
-1.090696081519126892e-02
-8.841739594936370850e-02
5.840189009904861450e-02
-7.671765089035034180e-01
-1.931612938642501831e-01
-2.720852494239807129e-01
-1.843930184841156006e-01
8.949013054370880127e-02
1.523766666650772095e-02
-1.991430222988128662e-01
2.931349575519561768e-01
4.241039156913757324e-01
2.497128397226333618e-01
-3.510011732578277588e-02
2.322218716144561768e-01
-2.616676688194274902e-01
-3.873459696769714355e-01
6.294661015272140503e-02
-7.774161100387573242e-01
-9.655052423477172852e-02
-1.054514944553375244e-01
2.657221555709838867e-01
-3.169515728950500488e-01
2.493129372596740723e-01
-5.162127017974853516e-01
5.109874606132507324e-01
2.054666578769683838e-01
-1.685465872287750244e-01
-1.952689588069915771e-01
-1.051830574870109558e-01
3.363331556320190430e-01
2.937042117118835449e-01
-6.388975307345390320e-03
2.391522005200386047e-02
1.042424216866493225e-01
-1.170916035771369934e-01
1.543387677520513535e-02
-1.841867119073867798e-01
3.132077455520629883e-01
2.481333017349243164e-01
-1.535570621490478516e-01
-6.545111536979675293e-02
-2.642275094985961914e-01
1.917421519756317139e-01
2.948486804962158203e-02
-1.385076940059661865e-01
-6.402170658111572266e-01
7.285841554403305054e-02
8.286032080650329590e-02
3.488107323646545410e-01
4.657961800694465637e-02
-4.565415382385253906e-01
-2.543702721595764160e-01
6.762946397066116333e-02
-1.322602033615112305e-01
6.543473005294799805e-01
-1.882098317146301270e-01
-9.098461270332336426e-02
-4.104541614651679993e-02
1.998297721147537231e-01
4.138918519020080566e-01
-1.509872674942016602e-01
4.456415772438049316e-01
6.371095776557922363e-03
-3.167568743228912354e-01
3.314788043498992920e-01
3.014677464962005615e-01
9.777310490608215332e-02
-1.555628478527069092e-01
-7.731086015701293945e-02
1.427343934774398804e-01
-1.075978130102157593e-01
-6.374671459197998047e-01
-3.213951587677001953e-01
-3.513165563344955444e-02
1.270524039864540100e-02
2.051307857036590576e-01
-1.048298478126525879e-01
5.754453688859939575e-02
-2.619125694036483765e-02
-8.442084491252899170e-02
1.091582924127578735e-01
-4.744186624884605408e-02
1.237071752548217773e-01
3.306740522384643555e-01
-1.063028499484062195e-01
-1.536391526460647583e-01
1.211145967245101929e-01
-2.950265407562255859e-01
2.431733161211013794e-01
8.604990690946578979e-02
-2.537866234779357910e-01
-2.052381932735443115e-01
1.708621159195899963e-02
2.838879227638244629e-01
6.397922337055206299e-02
-3.280978649854660034e-02
7.635674439370632172e-03
5.182852149009704590e-01
8.732557296752929688e-02
-4.449231624603271484e-01
9.752599895000457764e-02
2.252598106861114502e-01
1.459184885025024414e-01
5.176104605197906494e-02
-1.553322281688451767e-02
1.287492215633392334e-01
6.552480906248092651e-02
1.750189661979675293e-01
4.117443040013313293e-02
1.804661750793457031e-02
2.831822931766510010e-01
-4.962824657559394836e-02
-2.070230245590209961e-01
-3.650335222482681274e-02
1.053187157958745956e-02
9.898580610752105713e-02
-1.459192857146263123e-02
1.101323217153549194e-01
1.570412516593933105e-01
-2.332628220319747925e-01
3.240413367748260498e-01
1.337151825428009033e-01
3.571994304656982422e-01
4.110432416200637817e-02
-9.922434389591217041e-02
2.518830001354217529e-01
4.556023329496383667e-02
-7.308728992938995361e-02
2.381623089313507080e-01
4.196174144744873047e-01
