-4.047704637050628662e-01
1.776740252971649170e-01
-1.306716948747634888e-01
-2.322967946529388428e-01
7.567103207111358643e-02
-5.221094563603401184e-02
5.659044981002807617e-01
1.068985909223556519e-01
3.153651952743530273e-02
1.018632948398590088e-01
4.247209131717681885e-01
-3.020025193691253662e-01
-5.531495064496994019e-02
-4.369539022445678711e-02
-3.975751698017120361e-01
3.429640829563140869e-02
5.236584320664405823e-02
2.296832948923110962e-02
4.636787995696067810e-02
1.260262727737426758e-01
5.220689773559570312e-01
-1.454292237758636475e-01
-1.542812883853912354e-01
-5.994826182723045349e-02
-1.553843356668949127e-02
2.640751004219055176e-01
1.078287735581398010e-01
-2.631402015686035156e-01
1.866707801818847656e-01
2.956065908074378967e-02
3.648871481418609619e-01
4.801061004400253296e-02
3.884024024009704590e-01
1.779171526432037354e-01
1.207202002406120300e-01
-3.229472041130065918e-01
8.151896297931671143e-02
-7.243955135345458984e-02
3.856584429740905762e-02
-4.731868207454681396e-02
-1.240679621696472168e-01
-6.363656520843505859e-01
-2.803288698196411133e-01
-2.963460087776184082e-01
2.330681681632995605e-01
6.913755089044570923e-02
7.884700596332550049e-02
1.318485736846923828e-01
9.149763733148574829e-03
-1.198959797620773315e-01
-1.004143431782722473e-01
-9.231190383434295654e-02
4.790600389242172241e-02
-1.132341921329498291e-01
5.739141702651977539e-01
-6.341715902090072632e-02
7.289765775203704834e-02
-6.744049489498138428e-03
3.102224692702293396e-02
1.842029094696044922e-01
4.410747438669204712e-02
-2.810837700963020325e-02
-6.514070034027099609e-01
1.372544839978218079e-02
3.196564316749572754e-02
-3.757215291261672974e-02
-3.385952860116958618e-02
-2.740194797515869141e-01
-5.621453747153282166e-03
1.392382532358169556e-01
3.447996973991394043e-01
-2.164830565452575684e-01
-2.068876624107360840e-01
1.891415752470493317e-02
3.378314971923828125e-01
2.197327315807342529e-01
-4.255709052085876465e-02
-3.716239333152770996e-02
-1.060734614729881287e-01
-2.836422622203826904e-01
3.086174726486206055e-01
2.811412811279296875e-01
-5.167894810438156128e-02
1.056738793849945068e-01
2.256426513195037842e-01
3.142437636852264404e-01
-1.227015703916549683e-01
6.223576515913009644e-02
-7.640971988439559937e-02
-6.285412609577178955e-02
9.397311508655548096e-02
-1.041208803653717041e-01
3.305329382419586182e-01
-1.425957381725311279e-01
7.031569480895996094e-01
2.652890607714653015e-02
-9.616842865943908691e-02
-2.670492827892303467e-01
6.243852972984313965e-01
1.426067799329757690e-01
1.560395956039428711e-01
2.805893421173095703e-01
-3.398735821247100830e-01
1.881774961948394775e-01
-5.062235593795776367e-01
-7.489289343357086182e-02
1.344395130872726440e-01
2.015504390001296997e-01
-4.693895578384399414e-02
-1.551720779389142990e-03
-1.673959344625473022e-01
-1.560049504041671753e-01
-4.373944401741027832e-01
-2.179763019084930420e-01
1.218982040882110596e-01
-2.563098073005676270e-01
1.680611371994018555e-01
4.646145552396774292e-02
4.453475177288055420e-01
-1.353840827941894531e-01
-2.315687686204910278e-01
-2.063850164413452148e-01
-2.742907702922821045e-01
-2.590785622596740723e-01
3.017227649688720703e-01
-5.307501927018165588e-02
2.388486862182617188e-01
1.408687531948089600e-01
-3.124209940433502197e-01
9.589024633169174194e-02
-9.214795380830764771e-02
4.098373651504516602e-02
-3.472689390182495117e-01
1.320754289627075195e-01
-4.295712709426879883e-01
-1.280502229928970337e-01
4.652066826820373535e-01
-1.689033508300781250e-01
-1.887356191873550415e-01
1.601132750511169434e-02
-2.711803019046783447e-01
-1.154691055417060852e-01
3.542784154415130615e-01
1.933132410049438477e-01
-3.491130471229553223e-02
-2.182848155498504639e-01
1.227903589606285095e-01
1.290150582790374756e-01
2.915048003196716309e-01
-1.796356439590454102e-01
4.547430574893951416e-01
-2.173050343990325928e-01
2.691661715507507324e-01
-3.209359943866729736e-02
1.385200023651123047e-01
-6.647621095180511475e-02
-4.901662468910217285e-04
2.019066810607910156e-01
5.355591773986816406e-01
3.165781497955322266e-01
2.260234355926513672e-01
1.682374775409698486e-01
2.686929106712341309e-01
3.915458023548126221e-01
5.164260864257812500e-01
2.020687982439994812e-02
-5.376812219619750977e-01
-2.855554223060607910e-01
-1.125060245394706726e-01
5.423699617385864258e-01
-1.053733080625534058e-01
1.513915807008743286e-01
9.800739586353302002e-02
1.113876849412918091e-01
-4.598447680473327637e-02
1.972793787717819214e-02
4.844077229499816895e-01
2.327917814254760742e-01
-3.900036513805389404e-01
1.361373364925384521e-01
-2.642223238945007324e-01
-5.266360044479370117e-01
-6.713873893022537231e-02
6.038232520222663879e-02
-1.050749570131301880e-01
3.657719492912292480e-01
8.824128657579421997e-02
-9.426462650299072266e-02
-2.213516235351562500e-01
3.210618793964385986e-01
-4.351743459701538086e-01
-3.083585947751998901e-02
1.644746065139770508e-01
1.970381140708923340e-01
9.767543524503707886e-02
-1.854553222656250000e-01
4.765958338975906372e-02
-1.799109578132629395e-01
-1.471912115812301636e-01
-8.394052833318710327e-02
-3.474801778793334961e-01
1.170658320188522339e-01
1.119281910359859467e-02
3.809953480958938599e-02
2.022185027599334717e-01
2.201896309852600098e-01
-3.252990841865539551e-01
-1.007652282714843750e-01
-1.664348542690277100e-01
-3.247217833995819092e-02
3.920293450355529785e-01
-2.101846039295196533e-01
1.386482417583465576e-01
7.255586981773376465e-02
-1.419052779674530029e-01
6.945807486772537231e-02
-1.998857259750366211e-01
4.452760815620422363e-01
6.147232279181480408e-02
3.240953683853149414e-01
-3.677402734756469727e-01
-1.173921078443527222e-01
5.228776484727859497e-02
-2.852367162704467773e-01
-6.728700548410415649e-02
1.374261267483234406e-02
-2.597351670265197754e-01
1.816797554492950439e-01
-4.445780068635940552e-02
-2.650314196944236755e-02
-1.875771433115005493e-01
-9.045544266700744629e-02
1.122548058629035950e-01
-4.280173778533935547e-02
1.487840414047241211e-01
-2.694824635982513428e-01
4.378733634948730469e-01
3.197276964783668518e-02
-1.951094716787338257e-03
1.592131853103637695e-01
-3.981420993804931641e-01
-6.862877309322357178e-02
-2.391243278980255127e-01
2.826196551322937012e-01
-3.438040912151336670e-01
2.239423245191574097e-01
3.346746563911437988e-01
1.503627896308898926e-01
-2.493409663438796997e-01
1.707216650247573853e-01
-2.003101557493209839e-01
1.740510016679763794e-01
1.336691677570343018e-01
-2.682827115058898926e-01
-3.682523220777511597e-02
9.790739417076110840e-02
-4.189941883087158203e-01
-6.449311971664428711e-02
-2.023704648017883301e-01
-9.229829162359237671e-02
4.140359759330749512e-01
1.272097323089838028e-02
1.067056059837341309e-01
2.435072362422943115e-01
2.074806392192840576e-01
4.824919700622558594e-01
-5.313307978212833405e-03
-3.460329771041870117e-02
-1.550229340791702271e-01
-2.221066653728485107e-01
-1.007207557559013367e-01
-4.951984882354736328e-01
-5.671621561050415039e-01
-2.001654058694839478e-01
2.237859815359115601e-01
-1.161396130919456482e-01
-1.594502478837966919e-02
-3.579264283180236816e-01
2.663655877113342285e-01
2.209058701992034912e-01
3.561384379863739014e-01
-1.866169273853302002e-01
-1.411055326461791992e-01
2.206733077764511108e-01
1.193700581789016724e-01
-2.015184462070465088e-01
1.549015343189239502e-01
-9.611490368843078613e-02
-2.094494849443435669e-01
-4.890554770827293396e-02
1.921953856945037842e-01
3.061315417289733887e-01
5.405599474906921387e-01
-4.414897412061691284e-02
1.070962771773338318e-01
-3.000528179109096527e-02
-4.825783669948577881e-01
-4.972938895225524902e-01
-4.229323863983154297e-01
-7.469076663255691528e-02
-2.700584530830383301e-01
-1.100172549486160278e-01
2.103867381811141968e-02
1.199941039085388184e-01
-2.107148766517639160e-01
-1.405152976512908936e-01
2.439783215522766113e-01
-6.922341138124465942e-02
3.596394658088684082e-01
-3.282432854175567627e-01
-2.560177147388458252e-01
-3.064521551132202148e-01
1.330804228782653809e-01
1.170968264341354370e-01
-1.056224703788757324e-01
2.092693150043487549e-01
-4.079127013683319092e-01
1.638003289699554443e-01
3.198714926838874817e-02
2.268808484077453613e-01
1.740234643220901489e-01
-1.870935410261154175e-01
1.328048855066299438e-02
9.571163356304168701e-02
3.153265416622161865e-01
-3.083556890487670898e-01
-1.545231044292449951e-01
-3.220951557159423828e-01
-2.359417267143726349e-02
-1.483333110809326172e-02
1.800187230110168457e-01
2.553810738027095795e-02
-3.573515117168426514e-01
-9.529786556959152222e-02
-6.758257746696472168e-03
5.235252529382705688e-02
3.533885627985000610e-02
2.971386611461639404e-01
-1.491776257753372192e-01
3.125133514404296875e-01
2.191603332757949829e-01
7.208621501922607422e-02
-1.452050805091857910e-01
-1.251007337123155594e-02
-6.710051000118255615e-02
-1.415013372898101807e-01
3.300422430038452148e-02
7.083033770322799683e-02
-1.186445169150829315e-02
-2.225994169712066650e-01
-2.670902907848358154e-01
5.206961631774902344e-01
-7.595897465944290161e-02
-4.130478501319885254e-01
-5.845033526420593262e-01
3.397731482982635498e-01
3.374345228075981140e-02
-9.333276748657226562e-02
-4.371098875999450684e-01
9.536457061767578125e-02
2.999026775360107422e-01
-1.784139871597290039e-01
-3.932008743286132812e-01
2.903982400894165039e-01
-1.389479041099548340e-01
-1.148778423666954041e-01
1.057530343532562256e-01
2.606812678277492523e-02
4.162745177745819092e-02
4.455000162124633789e-04
3.407808020710945129e-03
5.396927893161773682e-02
1.069981902837753296e-01
-8.081573992967605591e-02
-3.015216626226902008e-02
1.613095700740814209e-01
3.258623480796813965e-01
-1.986685246229171753e-01
-4.782307744026184082e-01
8.691415190696716309e-02
-1.225229352712631226e-01
-9.467632323503494263e-02
3.418979048728942871e-01
1.809180229902267456e-01
