-4.501260221004486084e-01
2.407643646001815796e-01
-5.190336145460605621e-03
1.184928603470325470e-02
4.458494484424591064e-02
-2.031755596399307251e-01
5.848858356475830078e-01
2.078986465930938721e-01
-1.502643525600433350e-01
7.727470993995666504e-02
4.590611457824707031e-01
-3.246185481548309326e-01
-5.239171534776687622e-02
-1.154624074697494507e-01
-2.095042616128921509e-01
-8.715944364666938782e-03
1.364271789789199829e-01
4.477199912071228027e-02
2.449043691158294678e-01
-3.606537356972694397e-04
6.397279500961303711e-01
-1.226590573787689209e-01
-2.045179754495620728e-01
-1.993464864790439606e-02
-1.073980703949928284e-01
2.088827639818191528e-01
2.150816023349761963e-01
-1.723632514476776123e-01
1.383077055215835571e-01
-1.357226073741912842e-01
1.455078125000000000e-01
-2.121863700449466705e-02
3.354335427284240723e-01
6.708775460720062256e-02
1.967166736721992493e-02
-1.201253607869148254e-01
9.625744074583053589e-02
-1.814931035041809082e-01
9.047902189195156097e-03
5.525366216897964478e-02
-2.462592571973800659e-01
-6.416276693344116211e-01
-1.436466276645660400e-01
-4.249085187911987305e-01
2.410644292831420898e-01
-3.770780516788363457e-03
1.589183360338211060e-01
-8.683240413665771484e-02
-3.837962076067924500e-02
-3.797291517257690430e-01
-2.029874026775360107e-01
1.472462341189384460e-02
1.304590702056884766e-01
-1.835401654243469238e-01
4.590113461017608643e-01
-1.278222501277923584e-01
6.762506067752838135e-02
-3.581216186285018921e-02
1.043588072061538696e-01
-4.093286395072937012e-02
-7.155052386224269867e-03
-3.234827518463134766e-02
-6.592118740081787109e-01
-1.696262359619140625e-01
3.019876219332218170e-02
-1.022171303629875183e-01
-6.737820804119110107e-02
-2.305076718330383301e-01
1.519308146089315414e-02
1.201264113187789917e-01
4.279365539550781250e-01
-3.424105048179626465e-01
-3.831719160079956055e-01
-4.810978472232818604e-02
1.552619189023971558e-01
9.731197357177734375e-02
-9.649507701396942139e-02
1.151099652051925659e-01
-2.250258028507232666e-01
-3.820571303367614746e-01
2.238031923770904541e-01
1.582776010036468506e-01
-2.907217144966125488e-01
5.374887958168983459e-02
1.013565585017204285e-01
2.740435898303985596e-01
-4.906585440039634705e-02
2.648828364908695221e-02
-2.148942276835441589e-02
5.640935152769088745e-02
3.381057977676391602e-01
1.111953109502792358e-01
2.253989130258560181e-01
-1.569865643978118896e-01
7.021848559379577637e-01
5.444748699665069580e-02
-2.075150609016418457e-02
-3.590490818023681641e-01
6.078340411186218262e-01
1.496356129646301270e-01
1.743636429309844971e-01
4.155324101448059082e-01
-3.042552471160888672e-01
2.938317358493804932e-01
-3.623532056808471680e-01
1.020122021436691284e-01
2.833373546600341797e-01
1.512936353683471680e-01
-9.518142044544219971e-02
-1.159096211194992065e-01
7.166747748851776123e-02
-3.349320888519287109e-01
-4.805049598217010498e-01
-1.453741937875747681e-01
1.514708399772644043e-01
-1.992088705301284790e-01
8.522697538137435913e-02
2.001368626952171326e-02
4.394751191139221191e-01
-2.657852470874786377e-01
-1.174932271242141724e-01
-4.536164924502372742e-02
-1.929476559162139893e-01
2.522344514727592468e-02
2.714225053787231445e-01
-3.269987553358078003e-02
3.087895214557647705e-01
1.325568258762359619e-01
-4.266496896743774414e-01
-2.601155266165733337e-02
2.260981500148773193e-02
1.909135654568672180e-02
-2.672988176345825195e-01
1.230583041906356812e-01
-3.550790250301361084e-01
3.360698372125625610e-02
5.543956160545349121e-01
-1.483988463878631592e-01
-2.043545842170715332e-01
9.461225569248199463e-02
-2.265682816505432129e-01
-7.240188866853713989e-02
2.995624840259552002e-01
8.823335915803909302e-02
9.729787707328796387e-04
-3.349820673465728760e-01
9.168665111064910889e-02
6.023948639631271362e-02
2.963185906410217285e-01
-1.595274657011032104e-01
3.894520401954650879e-01
-2.511943578720092773e-01
1.462419927120208740e-01
-1.138272434473037720e-01
1.165369004011154175e-01
-1.675093322992324829e-01
-5.987146496772766113e-02
2.781699001789093018e-01
4.996691942214965820e-01
3.929350078105926514e-01
2.818451523780822754e-01
2.436171025037765503e-01
1.601916104555130005e-01
2.686017155647277832e-01
4.596066474914550781e-01
8.581871539354324341e-02
-5.962649583816528320e-01
-1.952166855335235596e-01
-1.320439577102661133e-01
3.829242885112762451e-01
-5.521295964717864990e-02
8.728551119565963745e-02
-4.446147009730339050e-02
1.510360836982727051e-01
3.075261712074279785e-01
1.232609525322914124e-01
3.348813056945800781e-01
2.289579212665557861e-01
-4.159128665924072266e-01
2.100096344947814941e-01
-1.644141077995300293e-01
-4.411734342575073242e-01
2.270709723234176636e-02
1.174932569265365601e-01
1.761353109031915665e-03
4.269598722457885742e-01
2.713980078697204590e-01
-3.232709132134914398e-03
-1.686964929103851318e-01
5.354917049407958984e-01
-3.299565315246582031e-01
-6.622338294982910156e-02
1.527882963418960571e-01
2.016516923904418945e-01
1.440006494522094727e-01
7.567229866981506348e-02
1.720286160707473755e-01
-2.465266585350036621e-01
-2.180066108703613281e-01
-1.752558201551437378e-01
-4.384842514991760254e-01
1.683088243007659912e-01
1.740212142467498779e-01
-6.438255310058593750e-03
1.191064417362213135e-01
1.376183778047561646e-01
-2.468757182359695435e-01
-1.416357159614562988e-01
-2.893607616424560547e-01
9.947428852319717407e-02
2.619792819023132324e-01
-2.937250137329101562e-01
2.648032903671264648e-01
1.417630314826965332e-01
-6.722088158130645752e-02
2.179965376853942871e-01
-2.168396115303039551e-02
4.269325733184814453e-01
-4.309606552124023438e-02
2.970723509788513184e-01
-1.519331634044647217e-01
2.357074990868568420e-02
6.351103633642196655e-02
-2.759616971015930176e-01
4.696065187454223633e-02
-1.197073087096214294e-01
-1.823448985815048218e-01
1.668940037488937378e-01
-8.169451355934143066e-02
-1.284434199333190918e-01
-2.369356602430343628e-01
-1.551914215087890625e-01
5.075282976031303406e-02
-1.356480270624160767e-02
3.289474919438362122e-02
-1.983893513679504395e-01
4.417843818664550781e-01
2.186432480812072754e-02
-4.553529620170593262e-02
1.026774719357490540e-01
-3.853393197059631348e-01
-2.204385995864868164e-01
-2.105216979980468750e-01
2.843213081359863281e-01
-3.504627943038940430e-01
2.263862192630767822e-01
2.731208503246307373e-01
1.731945872306823730e-01
-2.628723084926605225e-01
2.518252730369567871e-01
-1.590723544359207153e-02
1.909796893596649170e-01
-7.435402274131774902e-02
-2.004765868186950684e-01
-1.351789832115173340e-01
1.319773793220520020e-01
-3.986454606056213379e-01
-2.193666696548461914e-01
-2.012781053781509399e-01
-1.381545066833496094e-01
2.631593644618988037e-01
3.603965789079666138e-02
2.965159155428409576e-02
3.544550538063049316e-01
1.808440387248992920e-01
4.488396644592285156e-01
1.428727153688669205e-02
9.643568098545074463e-02
-9.695875644683837891e-02
-2.849923968315124512e-01
-1.705986261367797852e-01
-5.486600995063781738e-01
-6.206732392311096191e-01
-2.128802388906478882e-01
3.092160224914550781e-01
-2.868045493960380554e-02
-1.446747034788131714e-02
-4.097252488136291504e-01
2.382799685001373291e-01
3.838133066892623901e-03
3.298470973968505859e-01
-7.617954909801483154e-02
-1.893609166145324707e-01
1.225885897874832153e-01
6.606887280941009521e-02
-2.385048270225524902e-01
1.983272135257720947e-01
-4.236095119267702103e-03
-1.263485252857208252e-01
-2.491621077060699463e-01
1.128437668085098267e-01
1.630979478359222412e-01
6.602877974510192871e-01
-8.852419257164001465e-02
1.375749409198760986e-01
-1.293202936649322510e-01
-2.866776585578918457e-01
-5.253642797470092773e-01
-4.831237196922302246e-01
-8.594353497028350830e-02
-1.323538422584533691e-01
-1.418629288673400879e-01
-1.011804416775703430e-01
-6.190120801329612732e-02
-3.025851249694824219e-01
2.166000753641128540e-02
3.598486483097076416e-01
-1.048563644289970398e-01
3.529919981956481934e-01
-2.937926054000854492e-01
-3.645435571670532227e-01
-3.208138346672058105e-01
2.155514359474182129e-01
2.425645589828491211e-01
-8.740423619747161865e-02
1.317308545112609863e-01
-4.169367253780364990e-01
2.863265275955200195e-01
1.058626770973205566e-01
2.618632316589355469e-01
1.034802868962287903e-01
-6.713998317718505859e-02
7.189545035362243652e-02
2.529363036155700684e-01
3.520510792732238770e-01
-2.753253579139709473e-01
-1.464259922504425049e-01
-2.949630022048950195e-01
-1.653356254100799561e-01
-4.376622289419174194e-02
2.197907418012619019e-01
7.518366910517215729e-03
-3.119508326053619385e-01
-1.097047701478004456e-01
-6.831383332610130310e-03
1.409053057432174683e-01
9.708197414875030518e-02
4.568361639976501465e-01
-3.305002748966217041e-01
4.022416770458221436e-01
2.711504995822906494e-01
1.672171056270599365e-01
-1.804998815059661865e-01
3.852550312876701355e-02
-7.768216729164123535e-02
-8.190242201089859009e-02
1.506798267364501953e-01
8.697572350502014160e-02
-1.865770816802978516e-01
-4.332113564014434814e-01
-2.388867735862731934e-01
4.239540100097656250e-01
-3.269466012716293335e-02
-2.257846146821975708e-01
-3.352006673812866211e-01
2.840441763401031494e-01
9.512387216091156006e-02
-1.186103560030460358e-02
-4.185488820075988770e-01
-6.193958222866058350e-02
1.219546943902969360e-01
-2.863197028636932373e-01
-4.461457729339599609e-01
1.092920228838920593e-01
-1.790229082107543945e-01
-1.038618832826614380e-01
3.912774473428726196e-02
8.452700451016426086e-03
6.353156641125679016e-05
2.573198676109313965e-01
-2.122926115989685059e-01
9.875303506851196289e-02
4.190298914909362793e-02
9.852889925241470337e-04
1.822375655174255371e-01
4.098305106163024902e-02
2.932778000831604004e-01
5.994824320077896118e-02
-6.383330821990966797e-01
1.629245132207870483e-01
-9.171484410762786865e-02
-1.232159696519374847e-02
2.736842036247253418e-01
9.669550508260726929e-02
