-4.006578624248504639e-01
4.124855101108551025e-01
-2.408787459135055542e-01
-5.291879177093505859e-01
-1.901012361049652100e-01
-7.477164268493652344e-02
2.054430246353149414e-01
1.671684980392456055e-01
-5.970295751467347145e-04
-8.636014908552169800e-02
3.147144019603729248e-01
-9.768041968345642090e-02
-1.501851826906204224e-01
-3.109143674373626709e-01
-2.828317284584045410e-01
-1.762517243623733521e-01
-2.764375321567058563e-02
6.095150709152221680e-01
-1.343067139387130737e-01
1.927760988473892212e-01
4.314910769462585449e-01
1.357131153345108032e-01
-1.576317846775054932e-01
-1.653873361647129059e-02
2.087886333465576172e-01
4.352763891220092773e-01
-3.898306190967559814e-02
1.065530255436897278e-01
3.238201439380645752e-01
9.808298200368881226e-02
4.857922717928886414e-02
2.810173332691192627e-01
2.400502860546112061e-01
2.488615214824676514e-01
2.463334798812866211e-01
-1.802444458007812500e-03
-1.567598134279251099e-01
1.037400960922241211e-01
3.223453089594841003e-02
4.194670617580413818e-01
1.175288110971450806e-02
-1.712972223758697510e-01
-1.519234925508499146e-01
8.717653900384902954e-02
-1.277005374431610107e-01
-1.105959936976432800e-01
-2.235349267721176147e-01
1.798310279846191406e-01
-9.505503624677658081e-02
2.725327312946319580e-01
-2.266806662082672119e-01
-8.593948185443878174e-02
-2.149165570735931396e-01
-1.697048693895339966e-01
3.728080391883850098e-01
-3.102629184722900391e-01
-1.139930784702301025e-01
3.284679651260375977e-01
-1.132248491048812866e-01
1.849184781312942505e-01
1.095028743147850037e-01
6.747406721115112305e-02
-3.469679355621337891e-01
-8.503121137619018555e-02
9.045078605413436890e-02
1.581968069076538086e-01
-4.900802858173847198e-03
3.493471816182136536e-02
-3.748465776443481445e-01
-1.865309476852416992e-02
2.990547381341457367e-02
5.407836288213729858e-02
-1.420531868934631348e-01
-4.042922705411911011e-02
3.746919333934783936e-02
7.295276969671249390e-02
5.252183228731155396e-02
4.552987217903137207e-02
-7.341352105140686035e-02
-2.439525425434112549e-01
1.542519479990005493e-01
3.691270947456359863e-02
-3.613945841789245605e-01
2.052190601825714111e-01
2.899204492568969727e-01
-1.230896338820457458e-01
-9.717943519353866577e-02
1.476908922195434570e-01
5.171089768409729004e-01
1.380811333656311035e-01
3.956245481967926025e-01
6.319186836481094360e-02
1.899362653493881226e-01
7.438535988330841064e-02
3.517573475837707520e-01
3.010066747665405273e-01
1.815309375524520874e-01
-3.618411719799041748e-01
-4.678402841091156006e-02
4.432415664196014404e-01
2.235799431800842285e-01
-4.085577651858329773e-02
5.173642188310623169e-02
3.196577727794647217e-01
-1.528103351593017578e-01
-8.006343245506286621e-02
-1.820603758096694946e-02
6.828474253416061401e-02
-3.502384200692176819e-02
9.350743144750595093e-02
-1.066401004791259766e-01
-1.093851700425148010e-01
-3.603453338146209717e-01
-1.791118979454040527e-01
-1.797787398099899292e-01
-1.862095594406127930e-01
1.143567413091659546e-01
-1.674536615610122681e-01
1.241619735956192017e-01
-5.097675919532775879e-01
-9.760957956314086914e-02
-1.329515315592288971e-02
-2.981805801391601562e-01
-2.673412859439849854e-02
-4.215992242097854614e-02
2.018087804317474365e-01
3.233355283737182617e-02
2.767517231404781342e-02
-4.682694673538208008e-01
1.244745496660470963e-02
9.550219774246215820e-02
2.877894043922424316e-02
-2.797509729862213135e-02
-1.643236279487609863e-01
-1.861123144626617432e-01
1.980555616319179535e-02
-6.558021157979965210e-02
-4.633946716785430908e-01
-2.341783195734024048e-01
-2.404796183109283447e-01
-3.312127292156219482e-01
-2.012480199337005615e-01
-1.583852991461753845e-02
2.506921887397766113e-01
2.743416428565979004e-01
1.473423689603805542e-01
5.046651512384414673e-02
2.551950514316558838e-01
9.747806936502456665e-02
-4.028845727443695068e-01
1.407085806131362915e-01
-2.620440125465393066e-01
-1.585779339075088501e-01
-5.977673828601837158e-02
6.690599769353866577e-02
-4.213422536849975586e-01
5.246949382126331329e-03
3.061162829399108887e-01
2.880422174930572510e-01
7.964613288640975952e-02
-9.752207994461059570e-02
-5.428802222013473511e-02
5.073562860488891602e-01
2.289662063121795654e-01
1.408566534519195557e-01
9.600701928138732910e-02
-1.061038449406623840e-01
-5.508346110582351685e-02
6.407478451728820801e-02
1.515153646469116211e-01
1.258908510208129883e-01
-1.002869382500648499e-01
1.961456686258316040e-01
1.658662110567092896e-01
1.544693708419799805e-01
3.754721581935882568e-02
2.025657594203948975e-01
1.491720825433731079e-01
1.013721153140068054e-01
5.306807905435562134e-02
-3.083601295948028564e-01
-1.553247123956680298e-01
3.947745263576507568e-02
7.492458075284957886e-02
1.027273759245872498e-01
2.190541476011276245e-01
-1.470657885074615479e-01
4.276652354747056961e-03
-5.395662188529968262e-01
3.255966007709503174e-01
-6.761199794709682465e-03
-1.503541618585586548e-01
-2.454209476709365845e-01
-7.076227664947509766e-02
-4.762661159038543701e-01
-3.962080776691436768e-01
1.838513836264610291e-02
9.885183721780776978e-02
3.331527987029403448e-04
-4.997183755040168762e-02
-4.224702715873718262e-02
5.132046937942504883e-01
7.547083497047424316e-02
-1.402565091848373413e-01
2.756972908973693848e-01
2.259617447853088379e-01
-1.704721897840499878e-01
-7.169781625270843506e-02
5.657060816884040833e-02
4.049395918846130371e-01
-1.078245937824249268e-01
-1.065455228090286255e-01
4.195642098784446716e-02
-1.743211448192596436e-01
2.219364196062088013e-01
4.679808020591735840e-02
1.137632951140403748e-01
9.989769011735916138e-02
6.987035740166902542e-03
-5.336434394121170044e-02
-4.074474871158599854e-01
-1.527908146381378174e-01
1.330518424510955811e-01
7.550331647507846355e-04
-1.774520426988601685e-01
1.537565439939498901e-01
-1.555347889661788940e-01
7.573319971561431885e-02
-2.934571206569671631e-01
-1.677087396383285522e-01
1.483659595251083374e-01
-5.376008152961730957e-02
1.709109097719192505e-01
-7.256159186363220215e-02
6.925421301275491714e-03
-2.003249228000640869e-01
2.254099249839782715e-01
-1.513721644878387451e-01
1.409428077749907970e-03
8.335674554109573364e-02
-3.033999502658843994e-01
2.383221387863159180e-01
-1.049155741930007935e-01
-3.793070912361145020e-01
1.300203502178192139e-01
-1.380219757556915283e-01
1.883029341697692871e-01
4.079427123069763184e-01
-2.446755915880203247e-01
-7.994341105222702026e-02
-3.363572955131530762e-01
3.478884100914001465e-01
-1.551587134599685669e-01
-1.503512859344482422e-01
-1.280583590269088745e-01
-2.430676855146884918e-02
-3.502058684825897217e-01
-1.835197955369949341e-01
-5.296016931533813477e-01
-1.671233922243118286e-01
5.140151977539062500e-01
2.281258851289749146e-01
-1.558436304330825806e-01
2.250748127698898315e-02
-2.949612587690353394e-02
1.292315125465393066e-01
-2.058418095111846924e-01
7.497601956129074097e-02
-1.518519967794418335e-01
1.482201367616653442e-02
3.846837580204010010e-01
-5.410381555557250977e-01
2.068702876567840576e-01
-5.205490812659263611e-02
3.404691815376281738e-01
8.823614567518234253e-02
-7.924519479274749756e-02
4.656535387039184570e-02
1.161604374647140503e-01
2.977669537067413330e-01
-1.530641913414001465e-01
-1.701817214488983154e-01
-2.592650055885314941e-01
-4.183266684412956238e-02
1.036260798573493958e-01
-9.490191191434860229e-02
-2.142752707004547119e-01
1.556999385356903076e-01
4.807591065764427185e-02
8.249280601739883423e-02
1.222554072737693787e-01
-1.166461855173110962e-01
-2.519935742020606995e-02
-1.715165078639984131e-01
-3.810919523239135742e-01
-2.074671089649200439e-01
-1.784667521715164185e-01
5.887581780552864075e-02
-1.886050403118133545e-02
-5.720545053482055664e-01
-1.353070735931396484e-01
-7.322768867015838623e-02
1.570115387439727783e-01
2.067314647138118744e-02
-7.418220490217208862e-02
-2.380435317754745483e-01
-1.815243959426879883e-01
1.048474088311195374e-01
1.794551163911819458e-01
-2.626419961452484131e-01
4.275037646293640137e-01
-3.545080125331878662e-02
-2.265072911977767944e-01
6.770811229944229126e-02
-3.456681370735168457e-01
5.023684501647949219e-01
-2.783096134662628174e-01
2.048531025648117065e-01
2.683205902576446533e-01
3.660417497158050537e-01
2.114630304276943207e-02
-1.870151013135910034e-01
-1.345859616994857788e-01
1.677151173353195190e-01
-6.538581103086471558e-02
-3.353735804557800293e-02
-1.861888766288757324e-01
-1.692163050174713135e-01
2.035229355096817017e-01
1.184249371290206909e-01
2.403040602803230286e-02
2.360299229621887207e-01
-3.901660144329071045e-01
1.010580360889434814e-01
-1.241665333509445190e-01
-2.998657338321208954e-02
-4.525263234972953796e-02
-3.433901444077491760e-02
-9.169633686542510986e-02
5.657959356904029846e-02
9.492731653153896332e-03
3.642240166664123535e-02
6.539033353328704834e-02
1.133539974689483643e-01
-6.660465896129608154e-02
-2.317860722541809082e-01
1.522677391767501831e-01
4.579421877861022949e-02
5.032046437263488770e-01
1.266406923532485962e-01
1.120618358254432678e-02
2.964629828929901123e-01
2.130997925996780396e-01
-2.787508666515350342e-01
-7.622346282005310059e-02
1.665144264698028564e-01
-1.029401868581771851e-01
-2.556348452344536781e-03
-2.801621332764625549e-02
2.584230899810791016e-01
-7.196963578462600708e-02
-7.330137491226196289e-02
-4.194333553314208984e-01
1.257637739181518555e-01
1.328818351030349731e-01
-5.080595239996910095e-02
-2.074308320879936218e-02
9.232013486325740814e-03
2.872107028961181641e-01
-2.002179808914661407e-02
7.753048092126846313e-02
-3.085559606552124023e-02
1.001898720860481262e-01
-1.629494130611419678e-01
-1.362220048904418945e-01
-6.926215440034866333e-02
2.409894019365310669e-01
-2.319872677326202393e-01
-3.616364672780036926e-02
-6.918683648109436035e-02
-1.173419505357742310e-01
-3.204143345355987549e-01
-8.309904485940933228e-02
8.069597929716110229e-02
