-1.886708736419677734e-01
1.046227440237998962e-01
-9.814885258674621582e-02
-3.116699457168579102e-01
-2.332140132784843445e-02
5.655213445425033569e-02
-7.626144587993621826e-02
1.568714380264282227e-01
4.012998938560485840e-02
-1.928778737783432007e-02
2.677239775657653809e-01
-2.066647857427597046e-01
-3.351924121379852295e-01
-2.393659949302673340e-02
-1.400820910930633545e-04
-1.448791623115539551e-01
-3.266538679599761963e-02
2.259114384651184082e-01
1.050836443901062012e-01
1.860102713108062744e-01
6.589002013206481934e-01
1.889478266239166260e-01
-2.648467421531677246e-01
5.498225241899490356e-02
8.536399900913238525e-02
9.707555174827575684e-02
-6.127957254648208618e-02
-2.062852978706359863e-01
1.277277171611785889e-01
8.048868924379348755e-02
7.117404043674468994e-02
1.820505261421203613e-01
1.445198804140090942e-01
3.481987118721008301e-01
3.239021301269531250e-01
-1.210705190896987915e-01
-2.650484740734100342e-01
-1.661393940448760986e-01
1.845441162586212158e-01
4.330170154571533203e-01
-5.924785882234573364e-02
-3.962049484252929688e-01
-3.793532550334930420e-01
-1.523107290267944336e-01
-2.851109951734542847e-03
-3.086660504341125488e-01
-7.794743403792381287e-03
2.699057161808013916e-01
4.344611987471580505e-02
3.046589493751525879e-01
-3.425444960594177246e-01
7.096156477928161621e-03
6.028724089264869690e-02
-8.601585030555725098e-02
2.247388064861297607e-01
-4.425900876522064209e-01
1.508877873420715332e-01
2.151846140623092651e-02
-6.416532397270202637e-02
9.134326875209808350e-02
2.037809938192367554e-01
-2.385713160037994385e-02
-3.614617586135864258e-01
1.794259622693061829e-02
1.309591680765151978e-01
-2.907642126083374023e-01
-6.494848057627677917e-03
-1.405483782291412354e-01
-1.044308617711067200e-01
-1.518995463848114014e-01
2.440906018018722534e-01
-3.499274849891662598e-01
-1.757620871067047119e-01
-9.549945592880249023e-02
1.823168843984603882e-01
3.358768299221992493e-02
-2.080938518047332764e-01
-9.395229816436767578e-02
-1.170621588826179504e-01
-3.639387786388397217e-01
1.612261086702346802e-01
3.508358001708984375e-01
-9.793441742658615112e-02
1.904929876327514648e-01
-6.488778628408908844e-03
-3.616616874933242798e-02
1.967995166778564453e-01
2.858608365058898926e-01
3.056999742984771729e-01
-8.099339902400970459e-02
-1.757446117699146271e-02
6.073846668004989624e-02
3.160980641841888428e-01
1.979358028620481491e-03
3.132895827293395996e-01
1.463510990142822266e-01
3.768321126699447632e-02
8.939689025282859802e-03
5.514286458492279053e-02
3.420608639717102051e-01
1.045626848936080933e-01
1.325945407152175903e-01
-2.594640552997589111e-01
1.090281456708908081e-01
-2.547493875026702881e-01
-5.498762428760528564e-02
-2.163666486740112305e-02
-6.463287398219108582e-03
7.744280248880386353e-02
1.331495195627212524e-01
-1.938275694847106934e-01
1.860047578811645508e-01
-4.456368088722229004e-01
-2.666542530059814453e-01
-5.843622237443923950e-02
4.732992872595787048e-02
1.887867450714111328e-01
-2.152011990547180176e-01
-3.047066554427146912e-02
-3.785574436187744141e-01
9.149176627397537231e-02
9.615025669336318970e-02
-9.317541122436523438e-02
1.021957844495773315e-01
-1.061046794056892395e-01
3.610885888338088989e-02
1.710824072360992432e-01
2.051453292369842529e-02
-2.354913055896759033e-01
-6.935702264308929443e-02
2.279878407716751099e-01
9.502241760492324829e-02
-5.013620853424072266e-02
-2.459813058376312256e-01
-2.043266296386718750e-01
-4.719274491071701050e-02
8.362430334091186523e-02
-3.189729452133178711e-01
-2.506977915763854980e-01
-1.036678850650787354e-01
-2.460067570209503174e-01
-4.108594059944152832e-01
-1.685139089822769165e-01
-2.952739596366882324e-02
5.392547845840454102e-01
1.319709569215774536e-01
1.807079315185546875e-01
3.154875040054321289e-01
2.418229281902313232e-01
-4.776273965835571289e-01
1.709449887275695801e-01
3.443883731961250305e-02
1.224030703306198120e-01
2.597205936908721924e-01
-9.042453765869140625e-02
-7.635226100683212280e-02
4.885791614651679993e-02
1.390782892704010010e-01
6.036411523818969727e-01
-1.648742891848087311e-02
-1.013137623667716980e-01
1.180269122123718262e-01
3.271837830543518066e-01
1.182489842176437378e-01
5.029301643371582031e-01
-3.249687254428863525e-01
-4.689476191997528076e-01
9.194029495120048523e-03
-3.390364348888397217e-02
2.966808974742889404e-01
1.313887909054756165e-02
-2.681210264563560486e-02
1.257641911506652832e-01
2.974557280540466309e-01
6.989642977714538574e-03
1.518767178058624268e-01
2.278058826923370361e-01
1.378079652786254883e-01
-4.835791140794754028e-02
9.612174332141876221e-02
-2.471708208322525024e-01
-1.193115860223770142e-01
1.079836413264274597e-01
-1.943497173488140106e-02
-3.467738628387451172e-01
8.735721558332443237e-02
-1.017989590764045715e-01
-1.660141944885253906e-01
-1.087325811386108398e-01
1.271078437566757202e-01
-2.346681356430053711e-01
-7.164990063756704330e-03
-3.174508512020111084e-01
1.200815886259078979e-01
-2.139825373888015747e-01
2.419569529592990875e-02
4.788113534450531006e-01
1.006676480174064636e-01
-1.701513081789016724e-01
1.625554561614990234e-01
-2.990411520004272461e-01
3.698089122772216797e-01
3.600673377513885498e-02
-3.828786686062812805e-02
5.358269810676574707e-01
2.804836630821228027e-01
2.205033898353576660e-01
-1.926782876253128052e-01
-9.741958230733871460e-03
1.776063814759254456e-03
2.176364958286285400e-01
-5.736961960792541504e-02
2.114908397197723389e-01
8.000203967094421387e-02
1.845616102218627930e-01
-1.273350790143013000e-02
8.391376584768295288e-02
2.018474489450454712e-01
-3.769557476043701172e-01
-1.411166042089462280e-02
-3.544841706752777100e-01
-2.528694570064544678e-01
2.986093163490295410e-01
7.859056442975997925e-02
5.546449124813079834e-02
1.974391937255859375e-01
-4.597316980361938477e-01
3.955370932817459106e-02
-2.030282281339168549e-02
-8.111688494682312012e-02
-1.005488708615303040e-01
-5.661121010780334473e-02
3.397046625614166260e-01
5.784017965197563171e-02
2.042314969003200531e-03
-3.083131015300750732e-01
2.850840687751770020e-01
-4.249904304742813110e-03
1.445677131414413452e-01
9.365081787109375000e-02
7.241369038820266724e-02
1.509375870227813721e-01
-1.527549177408218384e-01
-3.113981522619724274e-02
-4.652703702449798584e-01
1.082197576761245728e-01
1.632453501224517822e-02
4.448327794671058655e-02
-3.550167679786682129e-01
-8.321684598922729492e-02
-1.170248314738273621e-01
-1.747134774923324585e-01
-2.984456121921539307e-01
-9.604783356189727783e-02
-9.522337466478347778e-03
-1.054841503500938416e-01
-3.845942914485931396e-01
-1.897310167551040649e-01
-3.572057783603668213e-01
2.021801918745040894e-01
1.352455615997314453e-01
-8.709691464900970459e-02
-1.330498419702053070e-02
4.923041462898254395e-01
3.423990309238433838e-01
3.105615973472595215e-01
-6.358246505260467529e-02
-5.539992451667785645e-02
-3.361937999725341797e-01
-3.311543166637420654e-01
-1.023705899715423584e-01
-5.696226358413696289e-01
2.404425665736198425e-02
-1.616255939006805420e-01
3.198577463626861572e-01
-2.641464471817016602e-01
3.899824023246765137e-01
-4.353582262992858887e-01
2.599520981311798096e-01
1.235290691256523132e-01
-8.845244348049163818e-02
-4.157590568065643311e-01
-1.655636280775070190e-01
1.113880574703216553e-01
1.390133500099182129e-01
-1.333317607641220093e-01
-2.664354145526885986e-01
4.477872326970100403e-02
1.279006004333496094e-01
1.535348035395145416e-02
-1.740759760141372681e-01
-1.015135496854782104e-01
1.676485538482666016e-01
-5.722066015005111694e-02
6.294838339090347290e-02
-2.129342555999755859e-01
-3.812287449836730957e-01
2.188104391098022461e-01
-1.503472775220870972e-01
-2.570835053920745850e-01
-1.048348993062973022e-01
6.516683101654052734e-02
2.922891080379486084e-01
-5.609843879938125610e-02
-3.163245320320129395e-01
-2.918431460857391357e-01
-1.229536533355712891e-02
-2.537465989589691162e-01
3.938429951667785645e-01
-7.144960761070251465e-02
-6.235197931528091431e-02
1.627694070339202881e-01
-3.141499310731887817e-02
1.687896698713302612e-01
-5.241695791482925415e-02
-1.744588837027549744e-02
-3.979516774415969849e-02
1.572371274232864380e-01
2.418038696050643921e-01
3.730717897415161133e-01
2.328976690769195557e-01
1.381271034479141235e-01
-1.676436662673950195e-01
4.033440351486206055e-01
8.110372722148895264e-02
-9.214006364345550537e-02
-1.098323985934257507e-01
-3.134253025054931641e-01
3.191261291503906250e-01
2.073226422071456909e-01
-1.254087388515472412e-01
4.031941890716552734e-01
1.193044409155845642e-01
-5.684510990977287292e-02
-4.552949219942092896e-02
-3.401819989085197449e-02
9.577535092830657959e-02
1.604205071926116943e-01
-3.826553821563720703e-01
3.187869489192962646e-02
-3.834179416298866272e-02
-1.145916283130645752e-01
-4.989323019981384277e-02
-3.010603785514831543e-01
-5.129354000091552734e-01
-3.203066587448120117e-01
2.091621905565261841e-01
3.996790945529937744e-01
1.045620888471603394e-01
-7.164672017097473145e-02
-2.002323865890502930e-01
3.541561365127563477e-01
-1.413454711437225342e-01
-4.318962693214416504e-01
-2.383425533771514893e-01
2.400123775005340576e-01
-2.685441374778747559e-01
-2.560249567031860352e-01
3.667411580681800842e-02
3.075919747352600098e-01
4.796531796455383301e-02
1.620767712593078613e-01
-2.408550828695297241e-01
2.132576331496238708e-02
1.659027934074401855e-01
1.001098006963729858e-01
-7.535564154386520386e-02
2.035498470067977905e-01
1.015263423323631287e-01
-2.834417223930358887e-01
-2.312547266483306885e-01
1.073650643229484558e-01
4.152791500091552734e-01
-2.486613690853118896e-01
-1.640926301479339600e-01
2.739522606134414673e-02
4.847279787063598633e-01
1.619923859834671021e-01
-8.793963491916656494e-02
-2.930351495742797852e-01
-1.391190588474273682e-01
-3.272759318351745605e-01
1.300706863403320312e-01
-1.986983790993690491e-02
