-1.564888656139373779e-01
1.247839629650115967e-01
1.461360324174165726e-02
-2.328647375106811523e-01
-1.963272094726562500e-01
-5.259367823600769043e-02
3.032044768333435059e-01
-1.099515259265899658e-01
1.113549023866653442e-01
2.878121733665466309e-01
5.062116980552673340e-01
-4.505202770233154297e-01
-1.453213989734649658e-01
7.452282309532165527e-02
-2.076151371002197266e-01
3.892884775996208191e-02
-1.789268292486667633e-02
3.004323542118072510e-01
9.302578121423721313e-02
7.871692627668380737e-02
4.900998473167419434e-01
1.090395972132682800e-01
-3.828509524464607239e-02
-5.554210394620895386e-03
5.157192796468734741e-02
3.122468292713165283e-02
-2.570376396179199219e-01
-1.372593343257904053e-01
2.151596248149871826e-01
-1.152984499931335449e-01
1.943610757589340210e-01
1.536796800792217255e-02
2.554869949817657471e-01
4.024316091090440750e-03
3.508776724338531494e-01
4.710072278976440430e-02
-1.096718385815620422e-01
-9.020774066448211670e-02
1.077279224991798401e-01
1.711570918560028076e-01
7.669724524021148682e-03
-3.400139212608337402e-01
-1.092711985111236572e-01
-4.692747443914413452e-02
-1.096873357892036438e-01
-1.391834616661071777e-01
-9.635469317436218262e-02
-4.837485775351524353e-02
-2.392751574516296387e-01
2.452832609415054321e-01
-4.896301776170730591e-02
-6.584930419921875000e-02
-5.796420574188232422e-02
-8.112611621618270874e-02
1.482123434543609619e-01
-1.527401804924011230e-01
1.075026169419288635e-01
3.802344202995300293e-01
-4.497940838336944580e-02
6.496404111385345459e-02
1.018116027116775513e-01
2.095350027084350586e-01
-4.552100598812103271e-01
1.347900032997131348e-01
2.643644213676452637e-01
1.250287890434265137e-01
-3.005842864513397217e-01
-1.729139536619186401e-01
3.274288773536682129e-02
-1.014035567641258240e-01
2.159553468227386475e-01
-7.554514706134796143e-02
1.403711289167404175e-01
9.844097495079040527e-02
1.129970252513885498e-01
5.416033044457435608e-02
-1.890432685613632202e-01
5.036346316337585449e-01
-2.238688990473747253e-03
-1.659024655818939209e-01
1.338291466236114502e-01
4.142090678215026855e-01
-2.078993916511535645e-01
1.454876065254211426e-01
-1.985331997275352478e-03
2.053546458482742310e-01
1.130359247326850891e-03
5.725666508078575134e-02
-1.395769231021404266e-02
-1.630201190710067749e-01
1.130743175745010376e-01
1.305468529462814331e-01
1.495548784732818604e-01
-2.944990694522857666e-01
2.672522366046905518e-01
1.941257268190383911e-01
-6.809880957007408142e-03
-2.607250586152076721e-02
9.892979264259338379e-02
2.630768418312072754e-01
-2.361520193517208099e-02
1.164458915591239929e-01
-5.135335922241210938e-01
3.662367761135101318e-01
-4.194618463516235352e-01
-1.431039869785308838e-01
1.783668398857116699e-01
-2.906055189669132233e-02
-2.518688328564167023e-02
2.540008425712585449e-01
-2.140410244464874268e-01
-2.267391979694366455e-01
-4.979091286659240723e-01
-1.930241435766220093e-01
8.178129792213439941e-02
-1.057044863700866699e-01
1.595207452774047852e-01
4.621565341949462891e-02
1.844534575939178467e-01
-1.720518916845321655e-01
9.760716557502746582e-02
-3.640960752964019775e-01
-3.843104094266891479e-02
-1.078746616840362549e-01
2.209337204694747925e-01
-8.621170371770858765e-02
1.159225106239318848e-01
-6.076445430517196655e-02
-2.084229141473770142e-02
1.426204442977905273e-01
1.068868413567543030e-01
2.146577537059783936e-01
-3.846165537834167480e-02
-1.795787960290908813e-01
-1.891648769378662109e-01
-7.861183583736419678e-02
2.607932984828948975e-01
-4.541816413402557373e-01
-3.815958499908447266e-01
-1.856712102890014648e-01
-1.314457356929779053e-01
-2.565563097596168518e-02
1.372175663709640503e-01
1.579384505748748779e-01
1.158146262168884277e-01
1.575201004743576050e-02
1.154787838459014893e-01
-3.270135447382926941e-02
2.445523440837860107e-01
2.169709205627441406e-01
-4.386531189084053040e-02
-3.154689371585845947e-01
1.519319415092468262e-01
4.372999817132949829e-02
-4.941984266042709351e-02
-2.983996272087097168e-01
-1.225862931460142136e-02
1.889942586421966553e-01
3.011251091957092285e-01
9.528689086437225342e-02
4.537034407258033752e-02
1.668747663497924805e-01
1.084531247615814209e-01
2.982229590415954590e-01
2.835288941860198975e-01
4.319093376398086548e-02
-3.298535943031311035e-01
-1.371161788702011108e-01
1.881666481494903564e-01
1.731944680213928223e-01
3.461677581071853638e-02
-2.391224652528762817e-01
3.419080078601837158e-01
4.756262898445129395e-02
2.657188773155212402e-01
-1.787790358066558838e-01
3.947595655918121338e-01
2.501819133758544922e-01
7.026814669370651245e-02
1.537204980850219727e-01
2.912505716085433960e-02
-3.619754910469055176e-01
1.078476235270500183e-01
-6.613527238368988037e-02
-2.292037606239318848e-01
4.465207457542419434e-02
-4.574491828680038452e-02
9.952319413423538208e-02
8.101029694080352783e-02
5.578691512346267700e-02
-2.153239250183105469e-01
1.811257302761077881e-01
-1.385330855846405029e-01
-1.035692617297172546e-01
-2.217665165662765503e-01
-2.147542238235473633e-01
5.357879996299743652e-01
-5.693280696868896484e-02
-7.000932097434997559e-02
-7.213717699050903320e-02
-3.475768566131591797e-01
2.876304984092712402e-01
-1.628703474998474121e-01
-3.586830571293830872e-02
2.151782512664794922e-01
2.726754844188690186e-01
-7.483994215726852417e-02
-9.106926620006561279e-02
-8.214604854583740234e-02
-4.526495933532714844e-03
-1.037091314792633057e-01
-1.052463650703430176e-01
3.054722249507904053e-01
-1.853217780590057373e-01
-1.465795654803514481e-02
8.363174647092819214e-02
-1.125098317861557007e-01
1.162563636898994446e-01
3.953801840543746948e-02
1.809484660625457764e-01
-2.184367775917053223e-01
-1.158531010150909424e-01
-7.049768418073654175e-02
-1.152139455080032349e-01
3.957895562052726746e-03
2.400608547031879425e-02
-4.000808298587799072e-01
-1.125207692384719849e-01
-3.176796734333038330e-01
-6.456699967384338379e-02
-6.228701770305633545e-02
-5.328080430626869202e-02
2.040402144193649292e-01
3.617647290229797363e-01
-7.711554318666458130e-02
-2.891171574592590332e-01
2.643671035766601562e-01
-2.354205250740051270e-01
-3.725541234016418457e-01
1.313526034355163574e-01
-2.345919162034988403e-01
-1.213560253381729126e-02
-2.606085538864135742e-01
5.274737998843193054e-02
-4.341506958007812500e-01
6.326740235090255737e-02
9.439256042242050171e-02
1.266812682151794434e-01
-2.137093544006347656e-01
3.131741285324096680e-01
1.387291699647903442e-01
-5.989815294742584229e-02
-2.325525879859924316e-02
-9.214416146278381348e-02
-9.046377241611480713e-02
-3.646211326122283936e-02
-7.728796005249023438e-01
-2.082985192537307739e-01
-1.713040471076965332e-01
-3.199830651283264160e-03
8.810359984636306763e-02
2.670324444770812988e-01
-2.316797077655792236e-01
2.258590310811996460e-01
2.476217597723007202e-01
3.587626218795776367e-01
-2.945282496511936188e-02
-1.451250724494457245e-02
-9.837231040000915527e-02
-2.650378346443176270e-01
1.425243765115737915e-01
-3.534140586853027344e-01
-9.147858619689941406e-02
-5.848336219787597656e-02
1.873748600482940674e-01
-2.346626222133636475e-01
3.628127574920654297e-01
-4.517786800861358643e-01
2.774277329444885254e-01
1.372321546077728271e-01
-1.362854242324829102e-02
-1.384324729442596436e-01
-3.423113226890563965e-01
5.071914196014404297e-02
3.267271071672439575e-02
-1.439953409135341644e-02
7.796613872051239014e-02
-2.769359201192855835e-02
-8.529257774353027344e-02
-3.614272177219390869e-02
-4.490825906395912170e-02
2.497658133506774902e-01
-2.221858203411102295e-01
-1.445962339639663696e-01
1.215589493513107300e-01
-2.766605019569396973e-01
-3.581904172897338867e-01
-2.156565785408020020e-01
-8.029812574386596680e-02
-5.813202857971191406e-01
-1.374781131744384766e-01
-1.330240070819854736e-01
4.886433482170104980e-02
1.552804410457611084e-01
-9.664300829172134399e-02
-8.836074173450469971e-02
-8.109816908836364746e-02
-7.000921294093132019e-03
3.792886137962341309e-01
-1.727178692817687988e-01
1.141750514507293701e-01
-3.176261484622955322e-02
1.294746845960617065e-01
2.560877203941345215e-01
-1.814807392656803131e-02
3.041983544826507568e-01
-3.649403452873229980e-01
-1.193067245185375214e-02
-3.695582225918769836e-02
1.092020347714424133e-01
7.909713685512542725e-02
-7.394624501466751099e-02
-3.990946412086486816e-01
2.068269550800323486e-01
2.003241926431655884e-01
3.029891103506088257e-02
-3.386139869689941406e-01
-2.122173309326171875e-01
-1.444305106997489929e-02
2.051859647035598755e-01
-6.948757916688919067e-02
3.151689171791076660e-01
-1.255427896976470947e-01
-1.529812067747116089e-01
1.432368531823158264e-03
1.157561838626861572e-01
3.298148512840270996e-02
1.506669521331787109e-01
-1.781417131423950195e-01
-2.248131334781646729e-01
1.186007708311080933e-01
-4.545148834586143494e-02
-1.130909696221351624e-01
1.986182034015655518e-01
-1.476768404245376587e-01
-1.037653088569641113e-01
1.356671452522277832e-01
2.853330373764038086e-01
9.020233154296875000e-02
7.340569794178009033e-02
3.363224491477012634e-02
3.760038614273071289e-01
7.564001716673374176e-03
-1.608404815196990967e-01
-2.623527348041534424e-01
1.130146160721778870e-01
2.287633717060089111e-01
3.519558906555175781e-02
1.289155781269073486e-01
4.001299440860748291e-01
-5.961035937070846558e-02
1.166447624564170837e-01
2.698382735252380371e-02
1.649823486804962158e-01
1.613500416278839111e-01
3.044730983674526215e-02
-1.774784922599792480e-01
1.454984694719314575e-01
1.411343365907669067e-01
-2.522127032279968262e-01
-1.669441908597946167e-01
2.966316603124141693e-02
-2.306471019983291626e-02
-8.294822275638580322e-02
-1.205904409289360046e-01
-6.308060884475708008e-02
2.436393201351165771e-01
3.451652452349662781e-02
-6.384313106536865234e-02
3.450071439146995544e-02
1.444038599729537964e-01
-6.209948658943176270e-02
3.457064628601074219e-01
2.207323014736175537e-01
