-2.214328944683074951e-01
1.102342158555984497e-01
-2.069072723388671875e-01
-2.045122087001800537e-01
-4.525669850409030914e-03
5.776525288820266724e-02
-6.450002640485763550e-02
1.292206645011901855e-01
1.899742893874645233e-02
-8.760637789964675903e-02
3.055856823921203613e-01
-2.171945273876190186e-01
-2.428967058658599854e-01
-8.336298167705535889e-02
2.243094891309738159e-02
-1.743764877319335938e-01
-5.272175371646881104e-02
1.803940236568450928e-01
1.481890976428985596e-01
1.297492086887359619e-01
5.100485682487487793e-01
1.103782951831817627e-01
-2.767933607101440430e-01
1.346232555806636810e-02
5.669450759887695312e-02
2.173309773206710815e-02
-7.187370955944061279e-02
-2.917261719703674316e-01
2.438269257545471191e-01
1.171863898634910583e-01
1.042435616254806519e-01
1.764127314090728760e-01
2.389515340328216553e-01
4.359413087368011475e-01
3.059064745903015137e-01
-6.272576749324798584e-02
-2.090520411729812622e-01
-2.910951375961303711e-01
6.732261925935745239e-02
3.952857851982116699e-01
-4.393671639263629913e-03
-3.529396355152130127e-01
-3.763200044631958008e-01
-8.299423754215240479e-02
3.629066050052642822e-03
-1.282325983047485352e-01
8.995896577835083008e-02
2.672041654586791992e-01
-6.942818313837051392e-02
3.230934143066406250e-01
-2.188825607299804688e-01
2.919247001409530640e-02
-1.841668784618377686e-02
-1.403068378567695618e-02
1.458909511566162109e-01
-3.210234940052032471e-01
1.465141028165817261e-01
4.882372170686721802e-02
-3.313978388905525208e-02
2.839299477636814117e-02
1.826329231262207031e-01
-3.679102286696434021e-02
-4.914363622665405273e-01
-1.277460008859634399e-01
2.802753746509552002e-01
-1.942982822656631470e-01
4.832611978054046631e-02
-2.245561331510543823e-01
-5.810581892728805542e-02
-7.519902288913726807e-02
1.575855314731597900e-01
-3.372958302497863770e-01
-2.912129461765289307e-01
-1.121633648872375488e-01
1.253820210695266724e-01
5.458113923668861389e-02
-1.687746047973632812e-01
4.205286130309104919e-02
-2.448583692312240601e-01
-4.258648753166198730e-01
9.340210258960723877e-02
1.816830933094024658e-01
-1.020530611276626587e-01
1.876511722803115845e-01
6.325509399175643921e-02
-1.070210896432399750e-02
1.320794224739074707e-01
2.317977845668792725e-01
3.268514871597290039e-01
1.001838594675064087e-02
3.722339123487472534e-02
1.592679023742675781e-01
3.022092878818511963e-01
-5.789531394839286804e-02
2.409476637840270996e-01
1.232862770557403564e-01
1.634966954588890076e-02
-1.826022565364837646e-02
1.471214294433593750e-01
3.602018356323242188e-01
6.427796185016632080e-02
1.482235342264175415e-01
-3.298423290252685547e-01
1.247547194361686707e-01
-2.276773005723953247e-01
-1.942458748817443848e-02
-5.598212778568267822e-02
1.445388793945312500e-02
-2.274154126644134521e-02
2.129194140434265137e-01
-1.169847846031188965e-01
5.318237096071243286e-02
-3.077962994575500488e-01
-3.499858975410461426e-01
2.975863218307495117e-02
1.315005719661712646e-01
1.039765402674674988e-01
-2.036900222301483154e-01
-3.840399906039237976e-03
-2.619884312152862549e-01
1.283908188343048096e-01
1.894992142915725708e-01
-2.881065011024475098e-02
1.593701243400573730e-01
-2.789457440376281738e-01
-6.205268576741218567e-02
2.483997941017150879e-01
4.812851920723915100e-02
-2.482919692993164062e-01
-7.292684912681579590e-02
2.399995625019073486e-01
8.603561669588088989e-02
-2.000883966684341431e-01
-1.194585859775543213e-01
-1.792577505111694336e-01
-5.634956806898117065e-02
1.951053440570831299e-01
-2.138379365205764771e-01
-1.688935756683349609e-01
-1.863853484392166138e-01
-1.950730532407760620e-01
-5.350087881088256836e-01
-1.133700460195541382e-01
-1.374417692422866821e-01
5.498979091644287109e-01
1.455345898866653442e-01
3.095163106918334961e-01
3.222788572311401367e-01
2.451623678207397461e-01
-4.545998573303222656e-01
1.795825660228729248e-01
-1.530832890421152115e-02
1.727162152528762817e-01
1.765132546424865723e-01
-1.410082280635833740e-01
-7.775367051362991333e-02
2.015380859375000000e-01
1.461904048919677734e-01
6.719334721565246582e-01
-1.137454900890588760e-02
-3.944987058639526367e-02
1.519700586795806885e-01
3.794121742248535156e-01
1.205166280269622803e-01
3.903867602348327637e-01
-3.193178176879882812e-01
-4.071042537689208984e-01
1.312130689620971680e-02
-2.298034727573394775e-03
3.015957176685333252e-01
-6.720721721649169922e-02
-5.207148380577564240e-03
2.295849025249481201e-01
2.879399657249450684e-01
-1.735202223062515259e-02
7.178363204002380371e-02
8.444337546825408936e-02
-1.317260973155498505e-02
-1.316871047019958496e-01
1.597715914249420166e-01
-4.371887445449829102e-01
-1.724656075239181519e-01
4.095461964607238770e-02
-2.075684070587158203e-01
-3.552344143390655518e-01
-8.023960515856742859e-03
-2.335719764232635498e-01
-1.482169777154922485e-01
-1.052113324403762817e-01
2.221307158470153809e-01
-2.877170741558074951e-01
-5.925460718572139740e-03
-4.654784798622131348e-01
1.181110143661499023e-01
-2.286683022975921631e-01
6.384615600109100342e-02
4.684946238994598389e-01
1.302903145551681519e-01
-1.762114018201828003e-01
8.501835167407989502e-02
-2.717317938804626465e-01
3.513365387916564941e-01
8.604003489017486572e-02
-8.731986396014690399e-03
4.763920009136199951e-01
1.857127547264099121e-01
1.793796420097351074e-01
-7.272297143936157227e-02
-7.495704293251037598e-02
1.011205837130546570e-02
1.684383898973464966e-01
-2.005840092897415161e-02
1.463952362537384033e-01
8.494357019662857056e-02
2.348921298980712891e-01
1.146036013960838318e-02
5.679047852754592896e-02
1.921597868204116821e-01
-3.389876484870910645e-01
4.224434122443199158e-02
-1.626744568347930908e-01
-2.706259489059448242e-01
3.488197922706604004e-01
6.826701760292053223e-02
1.554517447948455811e-01
1.169779002666473389e-01
-6.317738890647888184e-01
7.279391586780548096e-02
-6.919307634234428406e-05
-1.172974705696105957e-01
-2.163496315479278564e-01
-1.425144523382186890e-01
2.198885679244995117e-01
1.117920577526092529e-01
1.105965375900268555e-01
-4.435878098011016846e-01
1.395859718322753906e-01
6.957232952117919922e-02
1.995565295219421387e-01
7.331730425357818604e-02
1.748281717300415039e-01
1.850643455982208252e-01
-6.052286177873611450e-02
1.015754044055938721e-01
-5.563427209854125977e-01
-2.149902284145355225e-04
-7.199363410472869873e-02
2.186962217092514038e-01
-3.064250349998474121e-01
-1.496858596801757812e-01
-8.588206768035888672e-02
-2.694728374481201172e-01
-8.353069424629211426e-03
-8.100696653127670288e-02
-8.689502626657485962e-02
-1.852629482746124268e-01
-4.192460179328918457e-01
-1.058021262288093567e-01
-2.833094000816345215e-01
1.907436102628707886e-01
8.136957883834838867e-02
-9.601090103387832642e-02
-5.530609935522079468e-02
5.705904364585876465e-01
4.036025404930114746e-01
1.836426854133605957e-01
-1.419804990291595459e-01
-3.815750777721405029e-02
-2.585553526878356934e-01
-2.729757428169250488e-01
-4.869667813181877136e-02
-4.832767248153686523e-01
-1.595003455877304077e-01
-2.429334819316864014e-01
5.328370332717895508e-01
-2.371486425399780273e-01
4.051058590412139893e-01
-4.347051978111267090e-01
2.476750612258911133e-01
1.674362272024154663e-01
-1.644114851951599121e-01
-2.838277220726013184e-01
-2.408446073532104492e-01
6.024782359600067139e-02
1.182576566934585571e-01
-2.014239579439163208e-01
-2.811940908432006836e-01
4.460152983665466309e-02
9.837059676647186279e-02
-1.247916519641876221e-01
-5.855695158243179321e-02
-7.847539335489273071e-02
1.215102225542068481e-01
-1.593884527683258057e-01
1.637884229421615601e-01
-2.088792473077774048e-01
-2.123295962810516357e-01
1.183690354228019714e-01
-2.911325097084045410e-01
-3.005286455154418945e-01
-6.919997930526733398e-02
1.407228112220764160e-01
3.244664371013641357e-01
-1.070681959390640259e-01
-4.184212088584899902e-01
-1.596942543983459473e-01
4.051189869642257690e-02
-2.361400276422500610e-01
4.080196619033813477e-01
-1.110381484031677246e-01
-1.292198449373245239e-01
1.675531268119812012e-01
7.571527734398841858e-03
2.094812393188476562e-01
-9.253939986228942871e-02
-3.233855217695236206e-02
-4.444600641727447510e-02
1.397655308246612549e-01
2.684266865253448486e-01
4.106991887092590332e-01
2.655950784683227539e-01
9.399150311946868896e-02
-3.324372470378875732e-01
3.841711878776550293e-01
1.841404587030410767e-01
-7.287302613258361816e-02
-2.357174642384052277e-02
-3.244494795799255371e-01
2.464729100465774536e-01
3.498945832252502441e-01
-1.451283991336822510e-01
4.374607205390930176e-01
1.055827364325523376e-01
-9.739027917385101318e-02
1.417423784732818604e-02
4.203816503286361694e-02
1.264120638370513916e-01
3.778441250324249268e-02
-3.023259341716766357e-01
2.212232723832130432e-02
-3.214967995882034302e-02
-5.493162199854850769e-03
-1.624929010868072510e-01
-3.357176780700683594e-01
-5.928632020950317383e-01
-2.691776752471923828e-01
2.259581238031387329e-01
5.337463617324829102e-01
5.794402211904525757e-02
4.590581357479095459e-02
-5.206121876835823059e-02
2.180205732583999634e-01
-4.749190062284469604e-02
-5.270904898643493652e-01
-1.720101833343505859e-01
2.848503291606903076e-01
-6.157141923904418945e-02
-3.375289440155029297e-01
1.858956739306449890e-02
4.661519527435302734e-01
5.970313772559165955e-02
1.735447645187377930e-01
-1.737528890371322632e-01
5.965145677328109741e-02
1.075537204742431641e-01
-9.804921224713325500e-03
-7.851903140544891357e-02
1.301414072513580322e-01
6.386139988899230957e-02
-2.583951354026794434e-01
-3.330469131469726562e-01
7.299001514911651611e-02
3.896916508674621582e-01
-1.823796331882476807e-01
-7.268611341714859009e-02
1.650743372738361359e-02
4.383261203765869141e-01
1.851195469498634338e-02
-9.593242406845092773e-02
-1.847037374973297119e-01
-5.507574975490570068e-02
-2.894963622093200684e-01
9.242981672286987305e-02
-7.750904187560081482e-03
