-1.365702152252197266e-01
1.238376274704933167e-02
-3.760884702205657959e-02
-4.029622673988342285e-01
-2.128079235553741455e-01
-6.019279360771179199e-02
3.863399028778076172e-01
2.237789332866668701e-02
-1.376794576644897461e-01
2.395247817039489746e-01
3.265917897224426270e-01
-1.801103651523590088e-01
-3.131854832172393799e-01
8.496857434511184692e-02
-1.887028515338897705e-01
9.848438203334808350e-02
-3.109859488904476166e-02
3.786854743957519531e-01
3.352966308593750000e-01
-5.414327606558799744e-03
7.276865243911743164e-01
-1.079989075660705566e-01
-2.171213328838348389e-01
-1.946069747209548950e-01
-6.151880696415901184e-02
4.491139352321624756e-01
-4.735723510384559631e-02
-9.480186551809310913e-02
2.582761049270629883e-01
4.380253702402114868e-02
1.693227291107177734e-01
2.720699608325958252e-01
1.994946449995040894e-01
7.208636403083801270e-02
9.998526424169540405e-02
1.213796436786651611e-01
-3.775503486394882202e-02
4.151311703026294708e-03
1.004264652729034424e-01
7.129539549350738525e-02
-8.031835407018661499e-02
-2.990314960479736328e-01
-3.112428784370422363e-01
-3.271422162652015686e-02
-1.100920233875513077e-02
-8.051935583353042603e-02
-1.720529198646545410e-01
-1.481103301048278809e-01
-1.193313896656036377e-01
1.645172238349914551e-01
-5.394851043820381165e-02
-6.633725017309188843e-02
9.048049151897430420e-02
-1.924021542072296143e-01
2.684528827667236328e-01
-1.727828383445739746e-01
4.192218557000160217e-02
2.973111867904663086e-01
2.984968200325965881e-02
2.694572806358337402e-01
-2.142705023288726807e-01
5.426213890314102173e-02
-6.641848683357238770e-01
4.692219942808151245e-02
1.465985774993896484e-01
1.735106259584426880e-01
-2.900128364562988281e-01
-3.294579982757568359e-01
-5.475992336869239807e-03
-5.928768776357173920e-03
2.133842408657073975e-01
-2.680259756743907928e-02
1.652730405330657959e-01
-3.055429644882678986e-02
2.177497744560241699e-01
8.112658560276031494e-02
-4.087556526064872742e-02
4.880790412425994873e-01
-8.268153667449951172e-02
-2.544349431991577148e-01
4.347792267799377441e-01
6.138792037963867188e-01
-1.950242221355438232e-01
9.567990899085998535e-02
2.325876057147979736e-01
1.558773517608642578e-01
5.852055549621582031e-02
1.749395132064819336e-01
1.788567006587982178e-01
-1.761141270399093628e-01
1.876225471496582031e-01
1.105790138244628906e-01
-9.336671978235244751e-02
-9.199710190296173096e-02
5.785614848136901855e-01
9.067377448081970215e-02
2.462827414274215698e-01
-2.902853488922119141e-01
5.390694737434387207e-02
2.126244902610778809e-01
-1.782858967781066895e-01
2.864227443933486938e-02
-3.026357293128967285e-01
4.499711394309997559e-01
-3.312459290027618408e-01
-1.550264209508895874e-01
1.368540227413177490e-01
-1.539567261934280396e-01
-2.811266481876373291e-02
9.585583209991455078e-02
-2.176744639873504639e-01
-3.304823487997055054e-02
-6.044507622718811035e-01
-8.877588808536529541e-02
-3.021873906254768372e-02
2.430067956447601318e-02
-3.996730223298072815e-02
-3.063765726983547211e-02
3.935502171516418457e-01
-1.662865877151489258e-01
1.428108382970094681e-02
-2.355642467737197876e-01
-2.713579535484313965e-01
-4.149078577756881714e-02
6.577841937541961670e-02
6.334277242422103882e-02
1.584355235099792480e-01
7.879540324211120605e-02
-7.900916039943695068e-02
1.938556730747222900e-01
-1.128172427415847778e-01
2.044845670461654663e-01
8.375229686498641968e-02
5.906967446208000183e-02
-9.624034166336059570e-02
-2.847227454185485840e-02
2.252130806446075439e-01
-5.258362293243408203e-01
-4.340187311172485352e-01
-4.524083733558654785e-01
-1.628673821687698364e-01
-1.040961295366287231e-01
3.676052093505859375e-01
2.252004742622375488e-01
2.007565796375274658e-01
1.088638883084058762e-02
8.017221093177795410e-02
-3.670993447303771973e-02
1.285598725080490112e-01
-3.745422884821891785e-02
-1.117722317576408386e-01
-2.819150984287261963e-01
4.514221847057342529e-02
1.620951890945434570e-01
2.288118600845336914e-01
-7.829319685697555542e-02
-1.714147031307220459e-01
6.085506081581115723e-02
1.406535357236862183e-01
8.086203783750534058e-02
2.445333600044250488e-01
1.656677126884460449e-01
1.577834486961364746e-01
2.040131539106369019e-01
2.829834222793579102e-01
5.030694603919982910e-02
-3.138577342033386230e-01
-2.058863937854766846e-01
1.770131289958953857e-01
2.422252446413040161e-01
-1.349439769983291626e-01
-9.235557913780212402e-02
4.037687927484512329e-02
7.663747668266296387e-02
9.864789247512817383e-02
-2.888408899307250977e-01
3.172850310802459717e-01
2.430921792984008789e-01
-1.345948576927185059e-01
1.559049487113952637e-01
-2.638207674026489258e-01
-4.522558748722076416e-01
3.349284082651138306e-02
-2.317725680768489838e-02
-1.887600570917129517e-01
8.832179009914398193e-02
-1.965868175029754639e-01
-8.482637256383895874e-02
-3.074837662279605865e-02
-4.533395171165466309e-02
-2.658615410327911377e-01
-1.164013333618640900e-02
-5.005167797207832336e-02
1.363775134086608887e-02
-1.216187998652458191e-01
-2.042887806892395020e-01
4.887275695800781250e-01
5.943756550550460815e-04
-1.991768777370452881e-01
-8.610090613365173340e-02
-3.727639615535736084e-01
1.828201711177825928e-01
-2.609063684940338135e-02
-7.072138786315917969e-02
1.156800389289855957e-01
4.394742548465728760e-01
-1.444877982139587402e-01
-1.068949773907661438e-01
5.942676216363906860e-02
1.144603490829467773e-01
1.295856982469558716e-01
7.331354171037673950e-02
4.175175428390502930e-01
-1.640397906303405762e-01
-3.838392347097396851e-02
1.752762347459793091e-01
-3.074339926242828369e-01
3.664362132549285889e-01
-7.815151661634445190e-02
2.640261948108673096e-01
-3.389427959918975830e-01
-2.010270059108734131e-01
6.833040714263916016e-02
-6.012348085641860962e-02
3.343713283538818359e-02
3.194795250892639160e-01
-1.708962023258209229e-01
1.872351765632629395e-01
-3.654169738292694092e-01
1.195284947752952576e-01
-5.632516928017139435e-03
-3.328172117471694946e-02
1.866029500961303711e-01
1.900221705436706543e-01
-7.112203538417816162e-02
-3.040677905082702637e-01
3.234224915504455566e-01
-1.591017246246337891e-01
-1.966305375099182129e-01
1.715584695339202881e-01
-7.243792414665222168e-01
2.631183862686157227e-01
-2.352968752384185791e-01
6.301072426140308380e-04
-7.612265646457672119e-02
2.554873526096343994e-01
2.033542692661285400e-01
1.048527061939239502e-01
-1.944481432437896729e-01
-7.862251996994018555e-02
6.554979830980300903e-03
1.751905828714370728e-01
-6.232993304729461670e-02
-2.003760039806365967e-01
-1.061762776225805283e-02
-1.405403912067413330e-01
-7.302513122558593750e-01
-2.183333337306976318e-01
-9.174476563930511475e-02
-9.817865677177906036e-03
4.334903657436370850e-01
1.656316071748733521e-01
-2.694311738014221191e-01
4.308432340621948242e-01
1.720134615898132324e-01
4.840491414070129395e-01
8.112690597772598267e-02
-6.438016891479492188e-03
-1.246724128723144531e-01
-5.613653063774108887e-01
7.473281770944595337e-02
-4.592666327953338623e-01
-8.577135205268859863e-02
3.504123911261558533e-02
2.105606049299240112e-01
-2.694894373416900635e-01
-7.640506327152252197e-02
-4.522050023078918457e-01
2.058678269386291504e-01
1.161194033920764923e-02
9.635467827320098877e-02
-3.489819169044494629e-01
-4.031951427459716797e-01
1.661327183246612549e-01
2.546548545360565186e-01
-2.657335065305233002e-02
4.322274774312973022e-02
-1.795626729726791382e-01
-4.722180590033531189e-02
-1.598214730620384216e-02
2.385737448930740356e-01
9.174478054046630859e-02
3.207665681838989258e-01
1.948446966707706451e-02
2.155988067388534546e-01
-3.951543271541595459e-01
-2.122162282466888428e-01
-1.367983520030975342e-01
8.970661088824272156e-03
-6.107262969017028809e-01
-2.307230681180953979e-01
-6.174039840698242188e-02
1.088337972760200500e-01
1.144431978464126587e-01
-1.340412348508834839e-01
-3.455867469310760498e-01
-1.221614778041839600e-01
2.400793135166168213e-02
1.556701213121414185e-01
-4.720443859696388245e-02
2.571642398834228516e-01
-4.938242956995964050e-03
-6.207114830613136292e-02
4.337335377931594849e-02
-6.252092123031616211e-02
4.320855736732482910e-01
-6.249734759330749512e-01
1.636490225791931152e-01
-7.719153165817260742e-02
2.941407859325408936e-01
4.756199661642313004e-03
-4.145144671201705933e-02
-5.377689599990844727e-01
-2.702316641807556152e-02
1.128929853439331055e-01
-1.020563244819641113e-01
-1.206867992877960205e-01
-3.012164533138275146e-01
-7.244074344635009766e-02
4.595456644892692566e-02
-1.186797171831130981e-01
2.864096164703369141e-01
-4.402362108230590820e-01
-2.643427252769470215e-02
9.766547009348869324e-03
3.809548169374465942e-02
2.277478389441967010e-02
1.729543358087539673e-01
-8.364269137382507324e-02
-1.051481366157531738e-01
-3.718400001525878906e-02
-8.647154271602630615e-02
-1.342384517192840576e-01
2.964960038661956787e-01
-7.796230912208557129e-02
-3.827626705169677734e-01
1.740557849407196045e-01
6.085537672042846680e-01
2.366354167461395264e-01
5.604301393032073975e-02
-3.375574201345443726e-02
4.162520766258239746e-01
1.234504580497741699e-01
-2.003080099821090698e-01
-2.275338768959045410e-01
5.818427726626396179e-02
1.767761707305908203e-01
1.049658060073852539e-01
2.399284988641738892e-01
4.537329673767089844e-01
1.774055808782577515e-01
-1.516916751861572266e-01
-1.003689467906951904e-01
2.039685547351837158e-01
5.568787455558776855e-03
-7.372926920652389526e-03
-8.667178452014923096e-03
-2.426443435251712799e-02
-3.207359090447425842e-02
-8.217462897300720215e-02
-2.055779099464416504e-03
1.538201719522476196e-01
-2.496640756726264954e-02
-7.423028349876403809e-02
-1.163733452558517456e-01
7.369066588580608368e-03
1.174218207597732544e-01
6.502786278724670410e-02
-9.976077824831008911e-02
-1.413052342832088470e-02
-3.975465297698974609e-01
-1.867115050554275513e-01
2.319516688585281372e-01
1.965194046497344971e-01
