-3.495590090751647949e-01
4.444576501846313477e-01
-1.863866299390792847e-01
-4.869801923632621765e-02
-5.680413171648979187e-02
-1.261705756187438965e-01
3.223915696144104004e-01
-4.774301871657371521e-02
2.233097702264785767e-02
2.749650180339813232e-01
1.820109784603118896e-01
-2.487156540155410767e-01
-9.860827028751373291e-02
1.944341138005256653e-02
-3.466888964176177979e-01
-3.162365034222602844e-02
4.675908014178276062e-03
2.406289279460906982e-01
1.066167354583740234e-01
9.397734701633453369e-02
6.467761993408203125e-01
-1.276251375675201416e-01
-2.183439731597900391e-01
-1.680000871419906616e-01
-4.060365632176399231e-02
-7.528966292738914490e-03
-1.140826791524887085e-01
-2.930098474025726318e-01
2.559889853000640869e-01
3.881642222404479980e-02
4.927767068147659302e-02
-1.625114828348159790e-01
9.896463155746459961e-02
2.175213694572448730e-01
1.169180274009704590e-01
-2.648129761219024658e-01
-7.511482387781143188e-02
-1.992245763540267944e-02
3.216661810874938965e-01
7.506070286035537720e-02
6.167273968458175659e-02
-2.330314218997955322e-01
-3.502008020877838135e-01
-2.045525908470153809e-01
2.275496125221252441e-01
3.018391504883766174e-02
3.942930325865745544e-02
5.940004810690879822e-02
-4.795417934656143188e-02
-2.462524473667144775e-01
-5.353633165359497070e-01
1.194935292005538940e-01
-1.211287602782249451e-01
2.996785007417201996e-02
-5.912113562226295471e-02
-5.959454774856567383e-01
2.553566694259643555e-01
8.567186444997787476e-02
-1.767622828483581543e-01
6.950990855693817139e-02
1.753454357385635376e-01
2.406058311462402344e-01
-5.304710865020751953e-01
3.898717463016510010e-03
1.188248246908187866e-01
-1.474353075027465820e-01
-1.696258783340454102e-02
-3.495091199874877930e-01
2.419324666261672974e-01
2.516101598739624023e-01
5.501687526702880859e-01
-2.458627074956893921e-01
-2.909170389175415039e-01
7.264646887779235840e-02
-1.121163442730903625e-01
-1.685202494263648987e-02
-1.767862737178802490e-01
3.041426837444305420e-01
-1.187620405107736588e-02
-5.098292827606201172e-01
3.135356903076171875e-01
4.171570837497711182e-01
-1.047359108924865723e-01
3.224532008171081543e-01
1.745037436485290527e-01
2.649519443511962891e-01
1.024810001254081726e-01
2.472913712263107300e-01
1.587085425853729248e-01
-1.097486615180969238e-01
3.716461062431335449e-01
1.929659210145473480e-02
5.172333717346191406e-01
1.001986861228942871e-01
7.436935901641845703e-01
6.063848733901977539e-02
1.118731684982776642e-02
-2.068133652210235596e-01
4.848542436957359314e-02
1.017373949289321899e-01
-5.999790132045745850e-02
-1.616857796907424927e-01
-2.186138629913330078e-01
3.136125802993774414e-01
-2.229069471359252930e-01
2.270186245441436768e-01
8.306501060724258423e-02
-3.661969006061553955e-01
-3.460245728492736816e-01
1.381613612174987793e-01
-1.503930240869522095e-02
-1.586376428604125977e-01
-5.099679231643676758e-01
-2.135320901870727539e-01
1.143208742141723633e-01
7.366388291120529175e-02
1.191732957959175110e-01
-2.474297583103179932e-01
1.380137801170349121e-01
9.337161481380462646e-02
-2.498516738414764404e-01
2.208506315946578979e-02
-1.691479533910751343e-01
-6.380178779363632202e-02
1.243581473827362061e-01
3.273601830005645752e-02
3.207668960094451904e-01
2.054036855697631836e-01
-1.167874932289123535e-01
-3.613665103912353516e-01
-4.888045415282249451e-02
1.086598932743072510e-01
-1.350955963134765625e-01
1.091888546943664551e-01
-5.719007551670074463e-02
6.638479232788085938e-02
4.115419089794158936e-01
-1.651853471994400024e-01
-1.778190135955810547e-01
-2.291898131370544434e-01
1.234734803438186646e-02
-2.255414128303527832e-01
1.288899630308151245e-01
5.143722891807556152e-02
2.915972471237182617e-01
8.163670450448989868e-02
1.891791224479675293e-01
-3.476446866989135742e-02
1.751994043588638306e-01
-1.584936678409576416e-02
2.463907301425933838e-01
-2.140325903892517090e-01
3.874496221542358398e-01
3.914937973022460938e-01
-3.952772915363311768e-02
-2.376290559768676758e-01
-3.280745148658752441e-01
3.073173165321350098e-01
8.284321427345275879e-01
-5.814021825790405273e-02
-6.128141656517982483e-02
1.474129259586334229e-01
2.773614823818206787e-01
1.096230745315551758e-01
2.163844704627990723e-01
-8.037410676479339600e-02
-6.297849416732788086e-01
-2.715576887130737305e-01
-2.563605308532714844e-01
2.979444861412048340e-01
-1.935441493988037109e-01
1.399391591548919678e-01
1.558396592736244202e-02
9.142225980758666992e-02
-1.043964773416519165e-01
2.306087128818035126e-02
1.823307275772094727e-01
5.321083962917327881e-02
-1.248791590332984924e-01
3.878955245018005371e-01
-4.231455326080322266e-01
-1.140952855348587036e-01
-1.367171704769134521e-01
1.287707090377807617e-01
-8.276596665382385254e-03
1.307504922151565552e-01
8.474309742450714111e-02
-1.384185701608657837e-01
7.603327929973602295e-02
1.802784800529479980e-01
-2.620677351951599121e-01
6.661130487918853760e-02
2.700926363468170166e-01
-9.383362531661987305e-02
-1.032816246151924133e-01
4.174340367317199707e-01
4.372850060462951660e-01
-4.307227730751037598e-01
-1.440273523330688477e-01
-1.886941343545913696e-01
-2.465447783470153809e-01
1.873106136918067932e-02
-2.810905277729034424e-01
-7.485983520746231079e-02
3.075603581964969635e-02
2.094943672418594360e-01
-2.040674388408660889e-01
-8.386670798063278198e-02
9.377801418304443359e-02
1.769586056470870972e-01
2.107637673616409302e-01
-3.574880361557006836e-01
1.235565915703773499e-02
7.058715820312500000e-02
1.380772888660430908e-01
2.533240318298339844e-01
1.058487594127655029e-01
5.082474946975708008e-01
-1.346112191677093506e-01
1.942520886659622192e-01
-5.014988034963607788e-02
3.575807809829711914e-02
9.054888039827346802e-02
-1.693165749311447144e-01
-5.957292392849922180e-02
-1.347950696945190430e-01
-3.990586996078491211e-01
1.129221767187118530e-01
-4.183953255414962769e-02
-6.132896617054939270e-02
-4.680234491825103760e-01
-2.108197808265686035e-01
1.525839883834123611e-02
3.010671734809875488e-01
-1.345996111631393433e-01
-2.990689277648925781e-01
4.619871079921722412e-01
1.061581075191497803e-01
-1.425171792507171631e-01
4.223024845123291016e-01
-4.151013195514678955e-01
-6.902188062667846680e-02
-1.977002024650573730e-01
4.669553935527801514e-01
-4.725520610809326172e-01
-5.330627039074897766e-02
1.121352612972259521e-01
4.979502037167549133e-02
-5.075584053993225098e-01
-1.013251021504402161e-02
3.205327317118644714e-03
-1.750741899013519287e-01
-1.964797675609588623e-01
-1.921383440494537354e-01
-1.450946331024169922e-01
2.559441328048706055e-01
-6.740289926528930664e-01
-1.586241424083709717e-01
-1.216631978750228882e-01
-8.769392967224121094e-02
3.583926558494567871e-01
-1.950600743293762207e-01
-1.724103987216949463e-01
8.792822062969207764e-02
4.068082273006439209e-01
4.837870299816131592e-01
1.271119415760040283e-01
2.894636392593383789e-01
-1.120488438755273819e-02
-1.702365726232528687e-01
6.490230560302734375e-02
-5.379171967506408691e-01
-3.623050451278686523e-01
-2.907582819461822510e-01
2.751307189464569092e-01
-3.150555491447448730e-01
1.730238497257232666e-01
-2.717097699642181396e-01
3.893022537231445312e-01
6.553628295660018921e-02
6.129072047770023346e-03
-3.200652897357940674e-01
-2.172323763370513916e-01
3.684417605400085449e-01
4.006501734256744385e-01
2.650704607367515564e-02
-2.566754221916198730e-01
-4.782401025295257568e-03
-6.205683946609497070e-02
1.215864717960357666e-01
-4.594213962554931641e-01
1.329722255468368530e-01
3.830020129680633545e-01
-4.160968363285064697e-01
1.724149882793426514e-01
-4.991021752357482910e-01
-8.236727863550186157e-02
-2.291647195816040039e-01
-4.584009349346160889e-01
-3.595876097679138184e-01
-1.006735786795616150e-01
-1.242598593235015869e-01
2.211776375770568848e-01
1.540570855140686035e-01
-3.237912654876708984e-01
-4.728646874427795410e-01
2.868119180202484131e-01
6.390275806188583374e-02
2.983226776123046875e-01
-9.866258502006530762e-02
-4.002762585878372192e-02
-2.102582156658172607e-01
8.237192034721374512e-02
1.479280889034271240e-01
-1.644423604011535645e-01
1.928782612085342407e-01
-3.728582262992858887e-01
-1.049638837575912476e-01
3.821726441383361816e-01
1.547731459140777588e-01
2.846783697605133057e-01
-1.454058289527893066e-02
-1.207909882068634033e-01
1.936612129211425781e-01
4.354745522141456604e-02
-4.399385452270507812e-01
-3.235984444618225098e-01
6.671067327260971069e-02
-1.486815363168716431e-01
1.248812898993492126e-01
-1.237051934003829956e-01
-1.790246069431304932e-01
-1.002940684556961060e-01
-5.591775104403495789e-02
4.668980836868286133e-02
9.754113852977752686e-04
-5.133749544620513916e-02
8.705974370241165161e-02
-5.727897584438323975e-02
1.051635295152664185e-01
3.621116876602172852e-01
5.079858005046844482e-02
3.795198202133178711e-01
-2.149993181228637695e-01
-9.340189397335052490e-02
-2.726458907127380371e-01
1.197509095072746277e-01
1.677930653095245361e-01
-1.578187048435211182e-01
6.042291969060897827e-02
-9.712012112140655518e-02
4.407908022403717041e-01
1.319343745708465576e-01
-3.666392564773559570e-01
-1.384305059909820557e-01
2.285747379064559937e-01
3.906137943267822266e-01
-1.809236705303192139e-01
-1.328843273222446442e-02
-1.642688736319541931e-02
1.886506080627441406e-01
1.145395711064338684e-01
1.304118894040584564e-02
1.630350202322006226e-01
4.135173261165618896e-01
8.638350665569305420e-02
1.323680579662322998e-01
5.947931483387947083e-02
1.706111282110214233e-01
-2.825281918048858643e-01
-1.313214935362339020e-02
-1.487007178366184235e-02
1.947180032730102539e-01
1.102318167686462402e-01
6.105603277683258057e-02
3.651830926537513733e-02
3.757595419883728027e-01
7.829809188842773438e-02
-2.366743683815002441e-01
1.342922598123550415e-01
-1.634113639593124390e-01
-1.370531916618347168e-01
3.036635369062423706e-02
2.848709821701049805e-01
