-3.578264713287353516e-01
3.616241812705993652e-01
-2.624012827873229980e-01
-8.490173518657684326e-02
-5.248983856290578842e-03
-1.017001271247863770e-02
3.618655502796173096e-01
-8.208923786878585815e-02
6.882676482200622559e-02
2.952786684036254883e-01
2.085783034563064575e-01
-2.409800440073013306e-01
-5.824542790651321411e-02
5.336363986134529114e-02
-4.379810690879821777e-01
-5.245951935648918152e-03
-3.480352461338043213e-02
3.031131625175476074e-01
1.086585968732833862e-01
9.454394876956939697e-02
5.521116256713867188e-01
-2.424443960189819336e-01
-2.311691790819168091e-01
-1.389752924442291260e-01
-5.196054279804229736e-02
1.879274845123291016e-02
-1.613531708717346191e-01
-3.417889475822448730e-01
1.745188534259796143e-01
6.451150029897689819e-02
8.405146747827529907e-02
-9.580729901790618896e-02
1.149539202451705933e-01
2.689784169197082520e-01
2.004065513610839844e-01
-2.359698265790939331e-01
1.306880824267864227e-02
-3.302273899316787720e-02
3.763259053230285645e-01
3.823776543140411377e-02
8.990261703729629517e-02
-2.854859828948974609e-01
-2.902473211288452148e-01
-3.652626574039459229e-01
2.625156641006469727e-01
-2.568527497351169586e-02
6.589974462985992432e-02
2.022442966699600220e-02
5.319217592477798462e-02
-2.920138835906982422e-01
-5.526326894760131836e-01
1.098969578742980957e-01
-1.174865961074829102e-01
1.107698082923889160e-01
-1.081612631678581238e-01
-5.579916834831237793e-01
4.423764646053314209e-01
5.222411453723907471e-02
-2.102914452552795410e-01
1.632422804832458496e-01
2.053333222866058350e-01
2.886930108070373535e-01
-5.380574464797973633e-01
3.091634251177310944e-02
2.933925762772560120e-02
-1.370847821235656738e-01
-6.009538471698760986e-02
-4.172676801681518555e-01
2.260983288288116455e-01
2.134402096271514893e-01
5.445164442062377930e-01
-2.535196542739868164e-01
-4.068535566329956055e-01
-5.354383587837219238e-02
-3.135770559310913086e-02
-3.155799210071563721e-02
-5.354546383023262024e-02
2.960056960582733154e-01
5.175110697746276855e-02
-5.509247779846191406e-01
2.544107437133789062e-01
4.917420148849487305e-01
-5.237360671162605286e-02
3.299950957298278809e-01
1.332485079765319824e-01
1.805401742458343506e-01
5.314809083938598633e-02
2.771980762481689453e-01
1.987976878881454468e-01
-1.418643295764923096e-01
4.267600178718566895e-01
-4.254043847322463989e-02
5.563736557960510254e-01
4.347795993089675903e-02
6.770631074905395508e-01
1.411709785461425781e-01
1.377310138195753098e-02
-2.858514785766601562e-01
5.979716405272483826e-02
1.489116400480270386e-01
-1.525996625423431396e-02
-1.557655930519104004e-01
-2.745123505592346191e-01
2.939079999923706055e-01
-1.554335057735443115e-01
1.862248033285140991e-01
1.678198873996734619e-01
-3.737521171569824219e-01
-3.569056093692779541e-01
1.734474450349807739e-01
-1.587735302746295929e-02
-1.746466755867004395e-01
-5.123155117034912109e-01
-1.310685575008392334e-01
1.956061422824859619e-01
9.931196272373199463e-02
1.176028549671173096e-01
-1.924630552530288696e-01
1.507599949836730957e-01
2.154311239719390869e-01
-3.220952749252319336e-01
5.187573842704296112e-03
-8.911183476448059082e-02
-9.634616971015930176e-02
1.763164550065994263e-01
-5.551183223724365234e-02
3.113647699356079102e-01
1.834945976734161377e-01
-1.214087232947349548e-01
-3.276234865188598633e-01
-1.647782325744628906e-02
1.814176142215728760e-01
-2.398892343044281006e-01
6.854631751775741577e-02
-6.921943277120590210e-02
9.498951584100723267e-02
5.563962459564208984e-01
-1.931566148996353149e-01
-1.688057780265808105e-01
-2.944563329219818115e-01
3.606570512056350708e-02
-1.328841596841812134e-01
8.719022572040557861e-02
5.318091809749603271e-02
2.351418286561965942e-01
9.983471781015396118e-02
1.753624528646469116e-01
2.232848107814788818e-02
1.848836094141006470e-01
-9.739553928375244141e-02
2.209603488445281982e-01
-1.810754090547561646e-01
4.809860885143280029e-01
3.724040985107421875e-01
-2.991686016321182251e-02
-1.259106844663619995e-01
-2.810512781143188477e-01
2.936858236789703369e-01
7.734122276306152344e-01
-3.113622218370437622e-02
-6.376917660236358643e-02
1.890592575073242188e-01
2.345526814460754395e-01
7.075664401054382324e-02
2.162538021802902222e-01
-6.442716717720031738e-02
-6.509672999382019043e-01
-3.232164978981018066e-01
-2.376601845026016235e-01
4.360426664352416992e-01
-1.653084754943847656e-01
1.220515593886375427e-01
9.632667899131774902e-02
1.236446946859359741e-01
-7.376870512962341309e-02
-2.515039406716823578e-03
2.537969052791595459e-01
-9.997711516916751862e-03
-1.426868736743927002e-01
4.156323373317718506e-01
-3.770484328269958496e-01
-1.368081420660018921e-01
-1.741479635238647461e-01
7.379267364740371704e-02
-8.487077429890632629e-03
1.872182786464691162e-01
1.996355876326560974e-02
-2.031742036342620850e-01
1.660473458468914032e-02
1.965942680835723877e-01
-3.243729770183563232e-01
1.088486313819885254e-01
3.011870980262756348e-01
-1.026274189352989197e-01
-1.439617425203323364e-01
3.649548292160034180e-01
4.042768478393554688e-01
-3.534225523471832275e-01
-1.517833322286605835e-01
-2.085727155208587646e-01
-1.358941197395324707e-01
1.122929062694311142e-02
-2.778967022895812988e-01
-6.854423135519027710e-02
1.224488392472267151e-02
1.628229916095733643e-01
-1.937068402767181396e-01
-1.144663542509078979e-01
1.346934959292411804e-02
1.195779591798782349e-01
1.937983930110931396e-01
-3.085805177688598633e-01
2.264930307865142822e-02
1.921322755515575409e-02
1.114836335182189941e-01
2.920737266540527344e-01
2.183168232440948486e-01
5.456883311271667480e-01
-1.530982255935668945e-01
2.159327268600463867e-01
-1.157869696617126465e-01
9.997003711760044098e-03
9.680791199207305908e-02
-1.878707408905029297e-01
-1.689559817314147949e-01
-1.026754230260848999e-01
-3.980891704559326172e-01
6.495466083288192749e-02
-5.878205224871635437e-02
-5.705709010362625122e-02
-4.828439354896545410e-01
-3.405887484550476074e-01
1.574267297983169556e-01
3.371798694133758545e-01
-1.520798206329345703e-01
-3.379633426666259766e-01
4.782081246376037598e-01
1.050036400556564331e-01
-9.437806159257888794e-02
3.875618278980255127e-01
-3.775741159915924072e-01
-1.034206822514533997e-01
-1.903272569179534912e-01
5.789574384689331055e-01
-4.651992619037628174e-01
-7.534287124872207642e-02
1.897193044424057007e-01
1.145863384008407593e-01
-4.441845715045928955e-01
1.097441315650939941e-01
-7.648815214633941650e-02
-8.708856254816055298e-02
-6.745325773954391479e-02
-2.389871925115585327e-01
-1.310192644596099854e-01
2.595537602901458740e-01
-7.374814748764038086e-01
-1.805679500102996826e-01
-1.111926734447479248e-01
-7.469829916954040527e-02
2.836158871650695801e-01
-1.655603051185607910e-01
-2.176903486251831055e-01
1.130076572299003601e-01
3.898310065269470215e-01
5.417701601982116699e-01
6.398037821054458618e-02
2.792989611625671387e-01
-1.367451529949903488e-02
-2.215057015419006348e-01
6.581127643585205078e-02
-5.694388747215270996e-01
-4.188947975635528564e-01
-2.556337118148803711e-01
1.353512257337570190e-01
-3.102849125862121582e-01
1.129892915487289429e-01
-1.855143755674362183e-01
3.481455445289611816e-01
-1.181466877460479736e-02
1.030781716108322144e-01
-2.063672989606857300e-01
-1.902327239513397217e-01
2.962600290775299072e-01
3.674844503402709961e-01
4.017321392893791199e-02
-2.505152821540832520e-01
-1.368912607431411743e-01
-1.125349476933479309e-01
1.002431660890579224e-01
-4.534353613853454590e-01
1.069388985633850098e-01
3.507529795169830322e-01
-3.730652630329132080e-01
2.420319318771362305e-01
-4.570184946060180664e-01
-1.082535609602928162e-01
-2.495688050985336304e-01
-4.796714484691619873e-01
-3.247824907302856445e-01
-9.130835533142089844e-02
-1.388663649559020996e-01
1.892920434474945068e-01
6.293482333421707153e-02
-2.844538688659667969e-01
-5.234977602958679199e-01
3.300316035747528076e-01
5.830216407775878906e-02
2.298709154129028320e-01
-1.328993290662765503e-01
3.020136430859565735e-02
-1.900247335433959961e-01
1.448728591203689575e-01
1.096676141023635864e-01
-1.201913580298423767e-01
1.906422674655914307e-01
-4.855136573314666748e-01
-1.472855806350708008e-01
3.317845165729522705e-01
1.873750984668731689e-01
3.185531497001647949e-01
-9.184106439352035522e-02
-1.547260433435440063e-01
1.605420857667922974e-01
-7.489008828997612000e-03
-5.563309788703918457e-01
-4.803767502307891846e-01
4.277749359607696533e-02
-1.402832269668579102e-01
8.924083411693572998e-02
-9.091707319021224976e-02
-1.896007657051086426e-01
-5.414331331849098206e-03
-5.203109979629516602e-02
5.189503729343414307e-02
4.302394762635231018e-02
6.512777879834175110e-03
4.360898584127426147e-02
-6.474512070417404175e-02
1.107168123126029968e-01
4.236951172351837158e-01
2.875990048050880432e-02
3.231946527957916260e-01
-2.287433594465255737e-01
-1.202301234006881714e-01
-2.667052149772644043e-01
1.327654421329498291e-01
1.851110756397247314e-01
-1.440442800521850586e-01
2.267648465931415558e-02
-3.714179620146751404e-02
4.206939637660980225e-01
1.104566976428031921e-01
-2.742968797683715820e-01
-1.340913474559783936e-01
2.431727349758148193e-01
4.314321279525756836e-01
-2.156236171722412109e-01
6.025103107094764709e-02
2.368986606597900391e-03
1.718254983425140381e-01
1.668345183134078979e-02
1.600769534707069397e-02
1.055642589926719666e-01
3.677307069301605225e-01
7.397389411926269531e-02
1.720014214515686035e-01
5.036112666130065918e-02
2.386232018470764160e-01
-2.779003977775573730e-01
-1.092468351125717163e-01
-3.530659526586532593e-02
2.293285578489303589e-01
1.552275717258453369e-01
2.947772480547428131e-02
-1.146279554814100266e-02
4.189645051956176758e-01
4.198958352208137512e-02
-2.604351937770843506e-01
1.284488141536712646e-01
-1.953165084123611450e-01
-6.064088642597198486e-02
9.413845837116241455e-04
2.208602577447891235e-01
