-5.173070430755615234e-01
1.881722807884216309e-01
-1.117565855383872986e-01
1.249190978705883026e-02
-9.150498546659946442e-03
-1.184795796871185303e-01
5.148086547851562500e-01
2.491772919893264771e-01
-2.314439415931701660e-01
8.191545307636260986e-02
4.126700162887573242e-01
-3.539659380912780762e-01
-9.408794343471527100e-02
-1.305964589118957520e-01
-2.457917630672454834e-01
3.891268000006675720e-02
1.466392874717712402e-01
7.262570410966873169e-02
1.748888492584228516e-01
-6.836659461259841919e-02
6.611897945404052734e-01
-1.909863501787185669e-01
-2.475158125162124634e-01
-9.502789378166198730e-02
-1.558558642864227295e-01
2.874121963977813721e-01
1.319472789764404297e-01
-2.625541687011718750e-01
1.888498663902282715e-01
-8.495492488145828247e-02
1.323976963758468628e-01
-1.382615417242050171e-03
2.883110046386718750e-01
2.074093222618103027e-01
-1.756164804100990295e-02
-1.377699673175811768e-01
7.555092871189117432e-02
-1.877191811800003052e-01
-2.122475206851959229e-02
3.655146807432174683e-03
-2.862648069858551025e-01
-5.088530778884887695e-01
-1.645709872245788574e-01
-3.801540136337280273e-01
2.955559492111206055e-01
-9.421706199645996094e-03
5.543557554483413696e-02
-2.996981516480445862e-02
-3.884996473789215088e-02
-3.939792513847351074e-01
-2.038876712322235107e-01
3.030982613563537598e-02
6.946270167827606201e-02
-2.468322515487670898e-01
4.877704679965972900e-01
-1.061256788671016693e-02
-1.312663033604621887e-02
-1.969215460121631622e-02
1.144855171442031860e-01
1.244620829820632935e-01
-6.153582036495208740e-02
-7.953161001205444336e-02
-5.802971124649047852e-01
-1.324209868907928467e-01
1.512059867382049561e-01
-1.025004535913467407e-01
-6.555218994617462158e-02
-3.612178564071655273e-01
1.487560197710990906e-02
2.598072886466979980e-01
3.025751709938049316e-01
-2.755848169326782227e-01
-4.115524590015411377e-01
8.039391785860061646e-02
2.470077127218246460e-01
1.403386294841766357e-01
-1.032689735293388367e-01
1.125834882259368896e-01
-1.548941582441329956e-01
-5.205195546150207520e-01
2.246039360761642456e-01
1.849918663501739502e-01
-2.140272408723831177e-01
1.503731012344360352e-01
2.095765173435211182e-01
3.098633289337158203e-01
-1.064485907554626465e-01
2.113785594701766968e-02
-3.177944198250770569e-02
1.244240403175354004e-01
2.454491555690765381e-01
1.048224270343780518e-01
1.036203801631927490e-01
-1.213263794779777527e-01
5.255740880966186523e-01
-4.179092496633529663e-02
-3.421801328659057617e-02
-3.333362638950347900e-01
4.621692299842834473e-01
9.769141674041748047e-02
1.172654703259468079e-01
2.588753104209899902e-01
-2.275983542203903198e-01
3.622134625911712646e-01
-4.090209603309631348e-01
-8.738315105438232422e-02
2.930059432983398438e-01
2.619082927703857422e-01
9.091857820749282837e-03
2.369103021919727325e-02
1.013580784201622009e-01
-2.535184621810913086e-01
-4.821550846099853516e-01
-7.172469794750213623e-02
1.926040649414062500e-01
-1.467575430870056152e-01
9.609197080135345459e-02
-7.151126116514205933e-02
5.445166230201721191e-01
-2.593693733215332031e-01
-1.507508456707000732e-01
-9.870550036430358887e-02
-2.366941273212432861e-01
-5.748150497674942017e-02
2.813212275505065918e-01
-4.112891107797622681e-02
3.213925957679748535e-01
1.387413144111633301e-01
-2.771466672420501709e-01
1.207924354821443558e-02
8.660012483596801758e-02
-6.969015300273895264e-02
-2.537465989589691162e-01
1.727899014949798584e-01
-3.607973456382751465e-01
6.312793493270874023e-02
5.115272998809814453e-01
-9.946130216121673584e-02
-2.279850542545318604e-01
6.316234916448593140e-02
-2.529417276382446289e-01
3.234782442450523376e-02
3.779558837413787842e-01
3.769913688302040100e-02
-3.531884402036666870e-02
-3.149443864822387695e-01
2.707952260971069336e-02
1.044747382402420044e-01
2.919045984745025635e-01
-1.914762556552886963e-01
3.971055746078491211e-01
-2.350675761699676514e-01
2.242428436875343323e-02
-7.745252549648284912e-02
1.100985854864120483e-01
-6.137527525424957275e-02
-6.230612471699714661e-02
2.597188949584960938e-01
5.347368717193603516e-01
3.133767247200012207e-01
2.668256759643554688e-01
2.779781222343444824e-01
2.038706541061401367e-01
4.193532466888427734e-01
4.658145904541015625e-01
6.398606300354003906e-02
-4.422122836112976074e-01
-2.131690084934234619e-01
-1.437905430793762207e-01
4.546004533767700195e-01
-4.623521864414215088e-02
3.348186239600181580e-02
-1.551363915205001831e-01
2.321682274341583252e-01
2.563851475715637207e-01
-5.511993169784545898e-02
2.393237352371215820e-01
2.210537940263748169e-01
-3.946300745010375977e-01
2.287389636039733887e-01
-1.064493507146835327e-01
-4.139285087585449219e-01
1.347352564334869385e-02
1.089497953653335571e-01
-1.302934158593416214e-02
4.283808171749114990e-01
3.053390383720397949e-01
4.927549883723258972e-02
-1.383072584867477417e-01
4.244905710220336914e-01
-3.831371665000915527e-01
1.091929227113723755e-01
7.663249224424362183e-02
2.073566913604736328e-01
1.044083684682846069e-01
-3.151876106858253479e-02
1.820094585418701172e-01
-3.031542301177978516e-01
-6.880195438861846924e-02
-1.549457609653472900e-01
-3.474852442741394043e-01
1.854155659675598145e-01
1.419903337955474854e-01
-4.238586872816085815e-02
1.767379939556121826e-01
9.752134978771209717e-02
-4.047592282295227051e-01
-4.664289951324462891e-02
-1.313983052968978882e-01
1.052833534777164459e-02
2.070391476154327393e-01
-3.728035092353820801e-01
1.864286959171295166e-01
1.950123459100723267e-01
4.185868054628372192e-02
1.056788712739944458e-01
-1.279166936874389648e-01
3.796990215778350830e-01
-9.254186600446701050e-02
3.286822438240051270e-01
-1.588175594806671143e-01
-5.111221224069595337e-02
-4.669111222028732300e-03
-2.547220289707183838e-01
1.822284609079360962e-02
-1.231405884027481079e-01
-1.388033032417297363e-01
9.487292915582656860e-02
-1.526487171649932861e-01
-6.110323965549468994e-02
-2.021523714065551758e-01
-1.143678557127714157e-02
3.045118413865566254e-02
1.438452675938606262e-02
9.392498433589935303e-02
-2.123855501413345337e-01
4.798740446567535400e-01
9.499745443463325500e-03
-5.131163075566291809e-02
6.361502408981323242e-02
-4.924633502960205078e-01
-9.052746742963790894e-02
-2.131982743740081787e-01
2.600990533828735352e-01
-3.656213879585266113e-01
1.695446074008941650e-01
1.485696434974670410e-01
2.674956321716308594e-01
-2.364527285099029541e-01
2.391928285360336304e-01
2.823027037084102631e-02
2.784717977046966553e-01
-8.482709527015686035e-04
-3.028564751148223877e-01
-2.347964793443679810e-02
1.731225252151489258e-01
-3.519467413425445557e-01
-3.554467558860778809e-01
-1.220669895410537720e-01
-1.659302562475204468e-01
2.309942841529846191e-01
-5.623184144496917725e-02
1.334396302700042725e-01
3.297933340072631836e-01
1.739938855171203613e-01
4.958699047565460205e-01
2.119661681354045868e-02
1.386871337890625000e-01
4.856804385781288147e-02
-1.629395931959152222e-01
-9.978486597537994385e-02
-5.494698882102966309e-01
-6.726800203323364258e-01
-1.696021854877471924e-01
2.725059688091278076e-01
-7.776196300983428955e-02
2.972466312348842621e-02
-4.449025094509124756e-01
2.178879827260971069e-01
8.443759381771087646e-02
3.745528459548950195e-01
-3.448516130447387695e-02
-1.332817077636718750e-01
4.246481508016586304e-02
-2.990387380123138428e-03
-3.396874368190765381e-01
2.285247594118118286e-01
-5.377873033285140991e-02
-1.087654232978820801e-01
-2.128643244504928589e-01
2.273600101470947266e-01
1.087734550237655640e-01
8.128727674484252930e-01
-5.607733875513076782e-02
6.232160702347755432e-02
-8.398302644491195679e-02
-3.657374978065490723e-01
-4.316229522228240967e-01
-4.918844103813171387e-01
-2.326982170343399048e-01
-2.487325817346572876e-01
-8.155735582113265991e-02
-1.401625424623489380e-01
-5.535029992461204529e-02
-2.628482580184936523e-01
-1.276248693466186523e-02
3.317074775695800781e-01
-1.899829506874084473e-01
4.825712740421295166e-01
-4.262445569038391113e-01
-3.473435640335083008e-01
-2.694737911224365234e-01
1.189601421356201172e-01
3.409830927848815918e-01
-1.111683100461959839e-01
1.461749672889709473e-01
-4.480027854442596436e-01
3.837429285049438477e-01
1.777110993862152100e-01
2.518282532691955566e-01
1.082362085580825806e-01
-1.539393514394760132e-01
6.937584280967712402e-02
2.298936992883682251e-01
3.412553668022155762e-01
-2.208613008260726929e-01
-4.700991511344909668e-02
-2.546704113483428955e-01
-7.795984297990798950e-02
-1.096173524856567383e-01
2.184110581874847412e-01
2.127377539873123169e-01
-4.084202647209167480e-01
-8.835583925247192383e-02
-1.199611350893974304e-01
1.010507717728614807e-01
-5.587306991219520569e-02
4.361513257026672363e-01
-2.612550854682922363e-01
4.874446094036102295e-01
2.449424564838409424e-01
1.655252277851104736e-01
-2.679990530014038086e-01
1.163818687200546265e-02
-8.568453788757324219e-02
-5.131100863218307495e-02
1.923763453960418701e-01
1.194272339344024658e-01
-1.465665549039840698e-01
-4.445157051086425781e-01
-1.908437311649322510e-01
4.592281877994537354e-01
1.200162917375564575e-01
-2.523866891860961914e-01
-4.567732810974121094e-01
2.401167601346969604e-01
9.971451014280319214e-02
-2.568002417683601379e-02
-3.284881711006164551e-01
-7.521691173315048218e-02
1.444622576236724854e-01
-3.411735892295837402e-01
-4.126412272453308105e-01
1.334708929061889648e-01
-2.204499393701553345e-01
-1.367972493171691895e-01
-1.091108098626136780e-01
2.884405851364135742e-02
1.321838796138763428e-01
1.502673029899597168e-01
-2.576490044593811035e-01
7.511714845895767212e-02
5.174560938030481339e-03
-1.348145306110382080e-01
1.516012549400329590e-01
-2.625342085957527161e-02
2.360787391662597656e-01
2.601320855319499969e-02
-5.352108478546142578e-01
1.592031121253967285e-01
6.286575645208358765e-02
-4.920477792620658875e-02
3.338082730770111084e-01
-3.569134511053562164e-03
