-2.768000364303588867e-01
1.477541327476501465e-01
-3.360722959041595459e-02
-2.059163004159927368e-01
-1.702151298522949219e-01
-2.218014150857925415e-01
1.515576541423797607e-01
-4.454366862773895264e-02
9.041427820920944214e-02
3.248335421085357666e-01
3.962666690349578857e-01
-2.507468461990356445e-01
-2.287211641669273376e-02
-6.432697921991348267e-02
5.857856199145317078e-02
-1.761013269424438477e-01
-5.728235468268394470e-03
5.775898098945617676e-01
-1.335269212722778320e-01
2.568950057029724121e-01
5.150720477104187012e-01
5.418251827359199524e-02
-1.039448976516723633e-01
8.999598026275634766e-02
2.655226737260818481e-02
5.286781787872314453e-01
2.312525361776351929e-02
-1.967615783214569092e-01
1.754644662141799927e-01
-2.123193144798278809e-01
2.685200870037078857e-01
1.503952145576477051e-01
2.848202884197235107e-01
8.935096114873886108e-02
1.188781484961509705e-02
2.784035503864288330e-01
-1.485337615013122559e-01
-1.822280585765838623e-01
2.338619530200958252e-01
-2.708939835429191589e-02
-1.313002854585647583e-01
-1.948389708995819092e-01
3.099681437015533447e-02
-1.051587760448455811e-01
2.327925860881805420e-01
-3.105522394180297852e-01
1.464458741247653961e-02
-1.347212642431259155e-01
-4.868882149457931519e-02
-3.724547028541564941e-01
-4.688239395618438721e-01
7.792369276285171509e-02
-2.762901186943054199e-01
-2.458637654781341553e-01
-9.515210986137390137e-02
-1.827550828456878662e-01
2.702241241931915283e-01
2.720538973808288574e-01
-9.341794252395629883e-02
-1.881167739629745483e-01
-3.373534604907035828e-02
8.389453589916229248e-02
-4.419673085212707520e-01
1.251112073659896851e-01
-1.571397483348846436e-01
-1.248655095696449280e-01
-7.081452012062072754e-02
-2.744140923023223877e-01
2.609814703464508057e-01
4.362095892429351807e-02
3.448036015033721924e-01
-7.775951921939849854e-02
2.975333668291568756e-02
-3.806999027729034424e-01
2.226172685623168945e-01
8.630282431840896606e-02
-1.758521795272827148e-01
2.664814591407775879e-01
-2.053019702434539795e-01
-5.970208644866943359e-01
4.673046469688415527e-01
2.674810588359832764e-01
-6.642214953899383545e-02
1.311968863010406494e-01
-4.937536083161830902e-03
2.160762846469879150e-01
1.934088021516799927e-01
-2.244189679622650146e-01
4.270245507359504700e-02
4.210295155644416809e-02
2.169269472360610962e-01
7.205181568861007690e-02
4.562453031539916992e-01
-2.514679133892059326e-01
4.301255941390991211e-01
-1.916287690401077271e-01
-1.051534339785575867e-02
-2.871282100677490234e-01
3.939080238342285156e-01
1.846018582582473755e-01
-1.753680780529975891e-02
1.499440073966979980e-01
-1.228235438466072083e-01
2.251480519771575928e-01
-3.071010708808898926e-01
-1.753020435571670532e-01
2.367926239967346191e-01
2.510796859860420227e-02
-4.698922857642173767e-03
2.128762006759643555e-01
-1.364475786685943604e-01
-7.410728931427001953e-02
-4.725271463394165039e-01
-3.182987570762634277e-01
1.847275495529174805e-01
-1.528254747390747070e-01
1.431278437376022339e-01
-1.516295373439788818e-01
-1.694534420967102051e-01
2.484605088829994202e-02
1.686681807041168213e-01
-2.182479202747344971e-01
-2.172776460647583008e-01
-4.751344025135040283e-02
-1.014088280498981476e-03
-9.137231111526489258e-02
9.735470265150070190e-02
-8.767399191856384277e-02
-9.743423014879226685e-02
6.620112061500549316e-02
-2.334018498659133911e-01
1.516261100769042969e-01
-4.138662666082382202e-02
2.555606886744499207e-03
8.002153038978576660e-02
2.937218733131885529e-02
1.725768446922302246e-01
-7.403477430343627930e-01
-2.447183281183242798e-01
1.814772933721542358e-01
-2.509863674640655518e-01
7.557765394449234009e-02
3.583614528179168701e-02
-8.621516637504100800e-03
3.683921098709106445e-01
2.983976900577545166e-02
3.135963380336761475e-01
-6.828615441918373108e-04
2.468924820423126221e-01
-1.315934807062149048e-01
9.609310328960418701e-02
-3.815897107124328613e-01
1.733389198780059814e-01
7.130506634712219238e-02
3.082512915134429932e-01
-2.488596588373184204e-01
-3.863349556922912598e-01
8.398754149675369263e-02
4.541990160942077637e-01
5.528988689184188843e-02
-1.154370382428169250e-01
2.704658210277557373e-01
8.220890164375305176e-02
3.900469839572906494e-01
1.633447706699371338e-01
4.090972244739532471e-03
-1.598863005638122559e-01
-3.899910151958465576e-01
-3.565168976783752441e-01
4.091627001762390137e-01
-3.400463461875915527e-01
1.225928217172622681e-02
1.627706438302993774e-01
2.860797047615051270e-01
-1.122991591691970825e-01
-8.291023969650268555e-02
2.026991248130798340e-01
6.902765948325395584e-03
-1.977161318063735962e-01
3.140005469322204590e-01
-3.378139138221740723e-01
1.378576178103685379e-02
2.757354453206062317e-02
-1.974005997180938721e-01
-3.521819412708282471e-02
1.740941405296325684e-01
-5.049954727292060852e-02
-2.936105988919734955e-02
-9.340103715658187866e-04
5.320169925689697266e-01
-4.579368829727172852e-01
3.667874932289123535e-01
-8.964715898036956787e-02
1.014131009578704834e-01
-9.336326271295547485e-02
2.415452525019645691e-02
3.158693909645080566e-01
-2.221038937568664551e-01
-2.994149327278137207e-01
4.481794312596321106e-02
-6.044062376022338867e-01
1.111387759447097778e-01
-2.130796313285827637e-01
-1.917180418968200684e-01
1.180999502539634705e-01
2.138033658266067505e-01
-2.395874112844467163e-01
1.581327766180038452e-01
-5.306209623813629150e-02
7.660394161939620972e-02
-1.099910587072372437e-01
-1.067329049110412598e-01
5.691319331526756287e-02
2.650854736566543579e-02
1.791655719280242920e-01
2.778920829296112061e-01
-8.373063057661056519e-03
4.260818958282470703e-01
-2.924220263957977295e-01
-1.894700527191162109e-02
5.801345407962799072e-02
-3.713211417198181152e-01
9.426484256982803345e-02
-6.991645693778991699e-02
2.571735903620719910e-02
1.997142732143402100e-01
-4.759225249290466309e-01
6.066346168518066406e-01
-2.637196481227874756e-01
1.883078217506408691e-01
-3.337471783161163330e-01
-1.496378481388092041e-01
3.604543805122375488e-01
-6.026686728000640869e-02
-1.486808955669403076e-01
-8.736731857061386108e-02
4.721143245697021484e-01
-6.704746931791305542e-02
-2.867007255554199219e-01
5.475756525993347168e-02
-6.576260924339294434e-02
7.256215810775756836e-02
-2.500100731849670410e-01
1.767451763153076172e-01
-3.272438943386077881e-01
1.050100550055503845e-01
-1.613635122776031494e-01
-5.197557434439659119e-02
-1.823786795139312744e-01
1.048293262720108032e-01
-1.737788766622543335e-01
2.898307703435420990e-02
-1.105818003416061401e-01
-1.127258166670799255e-01
8.032239228487014771e-02
-6.503048352897167206e-03
-6.982559561729431152e-01
-4.716556072235107422e-01
-2.344566434621810913e-01
5.826329439878463745e-02
1.244267672300338745e-01
1.226919591426849365e-01
-3.301537036895751953e-01
4.934141933917999268e-01
2.554217875003814697e-01
2.564989328384399414e-01
-2.061832137405872345e-02
-9.315089136362075806e-02
-2.482549697160720825e-01
-2.038035094738006592e-01
-1.594833433628082275e-01
-6.372739076614379883e-01
-2.565063238143920898e-01
-2.898422628641128540e-02
1.954000890254974365e-01
-2.072231620550155640e-01
-8.951593190431594849e-03
-3.988596796989440918e-01
9.914384782314300537e-02
1.337211132049560547e-01
2.148458957672119141e-01
1.734161078929901123e-01
-3.667110204696655273e-01
-8.174474537372589111e-02
2.421476393938064575e-01
-1.336322128772735596e-01
6.477685645222663879e-03
1.388622075319290161e-02
-1.026952117681503296e-01
-7.641495019197463989e-02
2.070123553276062012e-01
2.160461843013763428e-01
4.919243156909942627e-01
-1.931660175323486328e-01
-4.189040884375572205e-02
-4.410568177700042725e-01
1.365995109081268311e-01
1.751290857791900635e-01
-4.960180819034576416e-02
-3.283301591873168945e-01
-2.831783890724182129e-01
-2.247930169105529785e-01
1.082770898938179016e-01
1.597148627042770386e-01
5.767125263810157776e-02
-1.621093302965164185e-01
1.756312884390354156e-02
-1.871540248394012451e-01
3.907209038734436035e-01
-1.512068510055541992e-01
2.120073288679122925e-01
-2.258353680372238159e-01
3.692865744233131409e-02
9.953938424587249756e-02
7.313188910484313965e-02
2.982402741909027100e-01
-6.224914640188217163e-02
1.020550131797790527e-01
2.239110767841339111e-01
1.558139026165008545e-01
1.730355806648731232e-02
-1.089437380433082581e-01
-1.218911707401275635e-01
3.643622994422912598e-01
1.458861529827117920e-01
-3.180551826953887939e-01
-2.463465332984924316e-01
-1.626782119274139404e-01
-1.623030602931976318e-01
9.794211387634277344e-02
1.941735483705997467e-02
6.397800147533416748e-02
-1.343346089124679565e-01
-2.359979897737503052e-01
8.222618699073791504e-02
2.893170118331909180e-01
2.517001628875732422e-01
2.912378907203674316e-01
-1.001956313848495483e-01
-1.227746158838272095e-01
1.268663406372070312e-01
2.457096576690673828e-01
1.065799146890640259e-01
-1.691455096006393433e-01
-2.739934325218200684e-01
-5.512294918298721313e-02
9.495687484741210938e-02
1.684897243976593018e-01
-9.458397328853607178e-02
-4.923455789685249329e-02
1.087465584278106689e-01
4.378065466880798340e-01
-5.519929155707359314e-02
-3.085953891277313232e-01
3.798922896385192871e-02
-1.255397051572799683e-01
-8.939253538846969604e-02
-2.283012680709362030e-02
8.175760507583618164e-02
2.891235351562500000e-01
-1.738014444708824158e-02
1.498559489846229553e-02
2.905203402042388916e-02
2.439194470643997192e-01
-8.216204494237899780e-02
6.450574100017547607e-02
1.784508377313613892e-01
-6.307421624660491943e-02
2.646842598915100098e-01
1.679236739873886108e-01
-1.134209781885147095e-01
2.395531684160232544e-01
1.184719428420066833e-01
6.275078654289245605e-02
1.326790899038314819e-01
3.088409900665283203e-01
3.342797756195068359e-01
-7.074572890996932983e-02
4.660181701183319092e-02
8.541160821914672852e-02
-1.492224335670471191e-01
8.987233042716979980e-03
1.960431784391403198e-02
-6.182980909943580627e-02
