-5.629651546478271484e-01
3.280544579029083252e-01
7.736156135797500610e-02
1.494455933570861816e-01
1.106422245502471924e-01
-2.244877815246582031e-01
4.940106868743896484e-01
2.855921089649200439e-01
-2.019960433244705200e-01
5.615052580833435059e-02
6.035041213035583496e-01
-3.685683906078338623e-01
-6.957171112298965454e-02
-1.395798623561859131e-01
-1.848234683275222778e-01
2.045261859893798828e-02
2.466419190168380737e-01
8.594395220279693604e-02
3.414500653743743896e-01
-2.466104924678802490e-04
6.865026950836181641e-01
-1.560035645961761475e-01
-1.078864485025405884e-01
-1.558567285537719727e-01
-2.254750430583953857e-01
1.779830902814865112e-01
9.131301939487457275e-02
-1.076156049966812134e-01
1.094380989670753479e-01
-8.718986809253692627e-02
1.723736971616744995e-01
-2.194482833147048950e-02
4.109248220920562744e-01
1.370742544531822205e-02
4.642617329955101013e-02
-1.365136802196502686e-01
7.873857766389846802e-02
-2.132348418235778809e-01
-9.534914791584014893e-02
2.788067795336246490e-02
-3.283672034740447998e-01
-6.670296192169189453e-01
-1.390976309776306152e-01
-5.150402784347534180e-01
3.226060867309570312e-01
-1.749357134103775024e-01
2.408670932054519653e-01
-1.986031979322433472e-02
-2.633359283208847046e-02
-6.381161808967590332e-01
-1.676771193742752075e-01
6.852626800537109375e-02
2.608333230018615723e-01
-1.793368756771087646e-01
2.570545673370361328e-01
-7.304999977350234985e-02
1.840317994356155396e-01
-7.328311353921890259e-02
8.647058904170989990e-02
-1.152560338377952576e-01
5.293983221054077148e-02
-1.422928571701049805e-01
-6.123346090316772461e-01
-1.935011446475982666e-01
1.172523647546768188e-01
-2.538032084703445435e-02
-7.661108672618865967e-02
-1.729183495044708252e-01
4.259501397609710693e-02
3.388736844062805176e-01
2.495294362306594849e-01
-3.766854405403137207e-01
-3.803798556327819824e-01
-7.337026298046112061e-02
2.471096813678741455e-01
8.492986857891082764e-02
-1.192137226462364197e-01
1.752239167690277100e-01
-2.553006410598754883e-01
-4.082282483577728271e-01
1.998180150985717773e-01
3.035060688853263855e-02
-4.184865951538085938e-01
2.473059110343456268e-02
-3.018466569483280182e-02
4.532134532928466797e-01
8.384227752685546875e-03
-9.248062968254089355e-03
-3.688526153564453125e-02
-2.584399282932281494e-02
3.822601437568664551e-01
1.606125384569168091e-01
6.726399064064025879e-02
-3.564198315143585205e-01
5.655666589736938477e-01
1.442223787307739258e-01
2.780919708311557770e-02
-2.546628713607788086e-01
5.563172101974487305e-01
1.565978378057479858e-01
1.353713274002075195e-01
4.120388031005859375e-01
-2.310708016157150269e-01
3.834261000156402588e-01
-2.534908652305603027e-01
6.198664754629135132e-02
2.869082093238830566e-01
1.491693407297134399e-01
-1.197512298822402954e-01
-4.874143749475479126e-02
8.535678684711456299e-02
-5.483155250549316406e-01
-3.352838456630706787e-01
-6.577973067760467529e-02
2.352765947580337524e-01
-1.806849837303161621e-01
1.029308736324310303e-01
1.452226042747497559e-01
4.950774908065795898e-01
-2.079790979623794556e-01
2.447416633367538452e-02
-3.681796044111251831e-02
-1.521652787923812866e-01
2.282576076686382294e-02
3.130914270877838135e-01
-1.872847080230712891e-01
4.146818220615386963e-01
1.038075760006904602e-01
-3.636640310287475586e-01
2.884683199226856232e-02
8.735669404268264771e-02
-2.127693295478820801e-01
-1.786715388298034668e-01
1.393694579601287842e-01
-3.914564251899719238e-01
1.619694679975509644e-01
6.927173137664794922e-01
5.227864533662796021e-02
-2.607033848762512207e-01
8.754976838827133179e-02
-2.421808540821075439e-01
-2.698050811886787415e-02
2.437435835599899292e-01
-1.649356484413146973e-01
-1.107976436614990234e-01
-4.009303450584411621e-01
5.211502686142921448e-02
9.110845625400543213e-03
2.720251977443695068e-01
-6.118731573224067688e-02
2.747343182563781738e-01
-3.489968180656433105e-01
1.258073151111602783e-01
-9.978418052196502686e-02
1.604177951812744141e-01
-1.958619505167007446e-01
-1.151177380234003067e-02
1.738506555557250977e-01
4.977886080741882324e-01
4.249365925788879395e-01
3.483788967132568359e-01
4.065214395523071289e-01
2.034507691860198975e-01
3.799266219139099121e-01
3.681061267852783203e-01
6.240813434123992920e-02
-4.538626372814178467e-01
-2.091335952281951904e-01
-1.860043033957481384e-02
3.554777503013610840e-01
-1.429528649896383286e-02
1.585208475589752197e-01
-8.039230108261108398e-02
1.650139689445495605e-01
4.254939556121826172e-01
1.072735264897346497e-01
3.925153315067291260e-01
2.186897993087768555e-01
-3.408897519111633301e-01
2.182431668043136597e-01
-1.966862231492996216e-01
-4.205289483070373535e-01
1.949736475944519043e-01
-4.776374436914920807e-03
1.205457374453544617e-02
4.572946429252624512e-01
3.429838418960571289e-01
-3.727640956640243530e-02
-1.600837409496307373e-01
3.712606728076934814e-01
-2.695866525173187256e-01
-5.716935545206069946e-02
1.030875444412231445e-01
2.256067544221878052e-01
5.741706863045692444e-02
6.807647645473480225e-02
1.278272867202758789e-01
-2.651333510875701904e-01
-2.858421504497528076e-01
-1.576197743415832520e-01
-4.774935841560363770e-01
2.404009699821472168e-01
2.942135334014892578e-01
-1.098064240068197250e-03
2.789852023124694824e-01
3.674263507127761841e-02
-2.399516403675079346e-01
-1.072155907750129700e-01
-4.482659995555877686e-01
-9.391579031944274902e-02
2.609268128871917725e-01
-2.957556247711181641e-01
3.308972120285034180e-01
1.659405827522277832e-01
-1.618905514478683472e-01
3.576389253139495850e-01
3.914124146103858948e-02
9.244135022163391113e-02
2.877259999513626099e-02
1.940027475357055664e-01
-1.747580468654632568e-01
6.392236799001693726e-03
2.150595933198928833e-02
-2.860395908355712891e-01
4.551212489604949951e-02
-5.814295262098312378e-02
-6.886408478021621704e-02
3.101515769958496094e-02
-5.325947701930999756e-02
-2.085154503583908081e-01
-2.944552302360534668e-01
-1.896500736474990845e-01
2.052153497934341431e-01
-2.541970461606979370e-04
1.275264844298362732e-02
-2.841999530792236328e-01
3.381389975547790527e-01
1.055896282196044922e-03
2.377504948526620865e-03
5.381761491298675537e-02
-4.213823676109313965e-01
-4.056099057197570801e-01
-1.796723455190658569e-01
2.475056946277618408e-01
-4.171009957790374756e-01
1.414633989334106445e-01
2.942659258842468262e-01
9.638073295354843140e-02
-9.905468672513961792e-02
3.687426447868347168e-01
9.407043457031250000e-02
1.527362763881683350e-01
-7.481113821268081665e-02
-8.054125308990478516e-02
-1.884082108736038208e-01
1.072378307580947876e-01
-3.136471807956695557e-01
-1.355503201484680176e-01
-2.388331592082977295e-01
-2.621464431285858154e-01
3.356133103370666504e-01
1.167743727564811707e-01
2.047630026936531067e-02
2.171251624822616577e-01
1.973132789134979248e-01
4.701289534568786621e-01
4.157132282853126526e-02
1.020719856023788452e-01
-5.934327468276023865e-02
-3.025314509868621826e-01
-2.048673033714294434e-01
-5.178541541099548340e-01
-6.633322238922119141e-01
-3.129549026489257812e-01
2.232220172882080078e-01
-4.848334938287734985e-02
6.424964964389801025e-02
-3.682872653007507324e-01
1.984653323888778687e-01
5.541310086846351624e-02
2.784857451915740967e-01
-1.157257407903671265e-01
-1.889441348612308502e-02
-8.990188688039779663e-02
5.362477153539657593e-02
-2.759159803390502930e-01
3.296612501144409180e-01
1.460551563650369644e-02
-6.704151630401611328e-02
-2.851442396640777588e-01
8.261843025684356689e-02
2.310854345560073853e-01
5.648421049118041992e-01
-4.280347377061843872e-03
1.515356898307800293e-01
6.660320796072483063e-03
-3.151026964187622070e-01
-4.529002606868743896e-01
-5.664353966712951660e-01
-1.051349341869354248e-01
-1.040710061788558960e-01
-1.321389079093933105e-01
-2.784340381622314453e-01
-1.528944522142410278e-01
-3.089678883552551270e-01
8.486379683017730713e-02
3.073894977569580078e-01
-6.669148802757263184e-02
3.380096852779388428e-01
-4.751064181327819824e-01
-3.420987129211425781e-01
-2.146064788103103638e-01
3.121886849403381348e-01
3.631488382816314697e-01
2.310606278479099274e-02
1.884420365095138550e-01
-3.715234696865081787e-01
5.604733228683471680e-01
8.440063148736953735e-02
1.293311566114425659e-01
1.450548022985458374e-01
-1.262916773557662964e-01
1.587502211332321167e-01
1.301710307598114014e-01
5.905055999755859375e-01
-2.681078016757965088e-01
-2.668303847312927246e-01
-4.783022999763488770e-01
-9.508276358246803284e-03
-2.158251404762268066e-01
3.191174268722534180e-01
2.537194266915321350e-02
-2.123892009258270264e-01
-1.055969297885894775e-01
3.525052592158317566e-02
2.131922245025634766e-01
5.144615098834037781e-02
3.758990466594696045e-01
-3.362245261669158936e-01
4.280092716217041016e-01
2.170828878879547119e-01
9.955488145351409912e-02
-3.129579424858093262e-01
-1.231700554490089417e-02
-1.700389385223388672e-02
3.557975590229034424e-02
7.407504320144653320e-02
2.341967523097991943e-01
-3.793539702892303467e-01
-5.364001989364624023e-01
-2.474063485860824585e-01
4.339507818222045898e-01
9.126564115285873413e-02
-1.214543133974075317e-01
-2.442153394222259521e-01
2.564633488655090332e-01
9.825129061937332153e-02
-1.394394338130950928e-01
-6.019092798233032227e-01
-1.413490027189254761e-01
6.003864854574203491e-02
-1.556836813688278198e-01
-4.100877642631530762e-01
1.140586882829666138e-01
-3.417994827032089233e-02
-1.015562936663627625e-01
-7.602423429489135742e-03
8.513305336236953735e-03
4.401414096355438232e-02
2.670304477214813232e-01
-2.550456225872039795e-01
1.467367112636566162e-01
2.535963058471679688e-02
-9.477932006120681763e-03
1.991993933916091919e-01
6.854885257780551910e-03
2.263275980949401855e-01
1.167214289307594299e-01
-6.695418953895568848e-01
2.424276918172836304e-01
-1.695055663585662842e-01
4.037601500749588013e-02
3.725059032440185547e-01
1.513729244470596313e-01
