-2.663010954856872559e-01
1.869017779827117920e-01
-3.101649582386016846e-01
1.461141109466552734e-01
-4.303007423877716064e-01
-1.294421963393688202e-02
8.072265982627868652e-02
-1.672499030828475952e-01
-1.541040837764739990e-04
7.756230235099792480e-02
4.403465390205383301e-01
-1.606900542974472046e-01
-1.092043444514274597e-01
-1.489424798637628555e-02
-3.918934464454650879e-01
-3.881204128265380859e-02
4.770386964082717896e-02
2.777152955532073975e-01
-1.092331111431121826e-01
7.785341143608093262e-02
4.712063968181610107e-01
-1.059922426939010620e-01
-3.482371568679809570e-01
1.602588891983032227e-01
-1.422459185123443604e-01
1.255335807800292969e-01
-5.083781480789184570e-01
-3.536536991596221924e-01
2.343115508556365967e-01
-5.128629505634307861e-03
6.278994679450988770e-02
1.305064857006072998e-01
4.242795109748840332e-01
1.575578898191452026e-01
1.308705359697341919e-01
-8.451445400714874268e-02
-2.152122855186462402e-01
-5.022832378745079041e-02
2.076378464698791504e-01
1.117608100175857544e-01
-2.005902081727981567e-01
-2.724444568157196045e-01
-4.132320880889892578e-01
-2.601759880781173706e-02
5.917886644601821899e-02
-8.946543931961059570e-02
-1.172844506800174713e-02
2.828053832054138184e-01
-1.548001468181610107e-01
1.403497159481048584e-01
-2.964582145214080811e-01
1.136239711195230484e-02
-3.664306998252868652e-01
-4.320809245109558105e-01
2.115869969129562378e-01
-3.470070362091064453e-01
-2.940861880779266357e-02
5.573923140764236450e-02
-1.328003406524658203e-01
5.284689366817474365e-02
4.046441912651062012e-01
1.410993188619613647e-01
-5.138636827468872070e-01
1.129182502627372742e-01
-8.526276051998138428e-02
2.685194276273250580e-02
-6.166489794850349426e-02
-1.981716752052307129e-01
2.526576817035675049e-01
8.673419803380966187e-02
4.948216974735260010e-01
-7.768001407384872437e-02
-1.336173415184020996e-01
1.733971536159515381e-01
9.791827201843261719e-02
2.028269171714782715e-01
1.013265624642372131e-01
2.311974167823791504e-01
-5.720477178692817688e-02
-4.123623371124267578e-01
5.701031684875488281e-01
3.000350594520568848e-01
-1.734220981597900391e-01
3.231640905141830444e-02
2.089575231075286865e-01
2.790602445602416992e-01
5.747226253151893616e-02
1.303689628839492798e-01
1.370294988155364990e-01
-1.840296983718872070e-01
1.867725700139999390e-01
-9.335780888795852661e-02
1.787140034139156342e-02
-1.552545428276062012e-01
2.919317483901977539e-01
1.428564041852951050e-01
-1.715913414955139160e-01
-2.677410840988159180e-01
3.240931034088134766e-01
9.407338500022888184e-02
2.919571846723556519e-02
-1.683788895606994629e-01
6.980985403060913086e-03
3.649932146072387695e-01
-3.448407351970672607e-01
-1.644454449415206909e-01
4.496625810861587524e-02
-9.088093787431716919e-02
4.367867857217788696e-02
4.443544149398803711e-01
-2.380582690238952637e-01
-4.266056418418884277e-01
-2.321575880050659180e-01
4.264155775308609009e-02
2.239917777478694916e-02
2.763992249965667725e-01
1.801174283027648926e-01
-6.933948397636413574e-02
1.862556189298629761e-01
1.379901468753814697e-01
1.555193960666656494e-02
6.114710122346878052e-02
-2.591781318187713623e-02
-1.006014831364154816e-02
4.502612352371215820e-01
-7.732889056205749512e-02
1.536428928375244141e-01
1.238877028226852417e-01
-1.656900160014629364e-02
-1.696008443832397461e-01
4.031517207622528076e-01
2.311199158430099487e-01
-5.960477516055107117e-02
7.740322500467300415e-03
-7.063785195350646973e-02
-5.106981471180915833e-02
1.434427797794342041e-01
-1.945482492446899414e-01
-2.532261908054351807e-01
-1.883645355701446533e-01
-1.227774471044540405e-01
-1.968073658645153046e-03
1.565592139959335327e-01
-8.499401807785034180e-02
1.643632650375366211e-01
-6.103187799453735352e-03
4.972629249095916748e-02
-7.820354402065277100e-02
6.687235832214355469e-02
4.893279075622558594e-02
5.001180991530418396e-02
-2.494381666183471680e-01
2.127510607242584229e-01
6.411075592041015625e-03
-1.860969662666320801e-01
-8.252116292715072632e-02
-1.188205778598785400e-01
-5.613787099719047546e-02
3.803513348102569580e-01
-1.137812659144401550e-01
-1.308141797780990601e-01
9.547631442546844482e-02
2.276023179292678833e-01
1.929535865783691406e-01
4.154484272003173828e-01
-4.070280119776725769e-03
-4.195361733436584473e-01
-1.839879751205444336e-01
4.700535908341407776e-03
3.369624316692352295e-01
-1.465307623147964478e-01
2.781635336577892303e-02
3.747144341468811035e-01
3.405291587114334106e-02
1.820963323116302490e-01
1.183285266160964966e-01
1.384659409523010254e-01
-1.702266335487365723e-01
-1.802050620317459106e-01
4.656190276145935059e-01
-2.033522576093673706e-01
-2.123720943927764893e-03
9.913195669651031494e-02
-1.162046939134597778e-01
-2.020293921232223511e-01
3.266884684562683105e-01
-8.808109909296035767e-02
-1.896133720874786377e-01
-4.332904517650604248e-02
1.500312685966491699e-01
-3.223764896392822266e-01
8.194333314895629883e-02
-1.153257489204406738e-01
-8.558165282011032104e-04
-2.835066616535186768e-01
5.710960552096366882e-02
4.449856877326965332e-01
-1.126485764980316162e-01
2.747338265180587769e-03
6.563590466976165771e-02
-5.243204236030578613e-01
1.186418756842613220e-01
3.580140694975852966e-02
-1.531721204519271851e-01
1.573458313941955566e-01
3.325334191322326660e-01
1.228227652609348297e-02
-3.240704908967018127e-02
2.908412925899028778e-02
1.999106109142303467e-01
-8.250790089368820190e-02
-2.188455015420913696e-01
2.956820093095302582e-02
4.520655050873756409e-02
1.020352393388748169e-01
2.180180549621582031e-01
7.079856097698211670e-02
3.855196237564086914e-01
-7.755053043365478516e-02
7.556644827127456665e-02
-3.552958369255065918e-02
-3.677023053169250488e-01
1.268814504146575928e-01
-8.869743347167968750e-02
-1.115468889474868774e-01
-2.419947274029254913e-02
-3.437200188636779785e-01
1.891435086727142334e-01
-2.314901649951934814e-01
3.875098004937171936e-02
-1.825255602598190308e-01
1.265542581677436829e-03
6.718913465738296509e-02
3.545542061328887939e-01
1.079593300819396973e-01
-3.102118372917175293e-01
5.672239065170288086e-01
-7.302938401699066162e-02
-2.770888060331344604e-02
2.408281862735748291e-01
-4.939708709716796875e-01
1.679894328117370605e-01
2.512456476688385010e-02
1.366094499826431274e-01
-2.966260910034179688e-01
2.665652334690093994e-01
4.724351316690444946e-02
4.321613162755966187e-02
-4.491835832595825195e-01
-1.171532496809959412e-01
-1.148258000612258911e-01
-5.701400339603424072e-02
9.807929396629333496e-02
-5.822035670280456543e-02
-7.839062064886093140e-02
4.211484640836715698e-02
-5.000699162483215332e-01
-3.695505857467651367e-01
-1.904127299785614014e-01
9.539367258548736572e-02
1.259589642286300659e-01
5.792260169982910156e-02
-2.462773397564888000e-02
2.297191619873046875e-01
2.410154044628143311e-01
4.210105836391448975e-01
-1.323731988668441772e-02
2.875891327857971191e-01
1.915549784898757935e-01
-3.258301019668579102e-01
-4.295615106821060181e-02
-5.253030061721801758e-01
-1.968237571418285370e-02
-5.179914832115173340e-01
1.987625956535339355e-01
-4.316713809967041016e-01
-3.298616409301757812e-02
-5.167267918586730957e-01
4.419501125812530518e-01
1.127956435084342957e-03
-5.737961828708648682e-02
-3.940487205982208252e-01
-4.328056573867797852e-01
3.585115075111389160e-02
2.405580431222915649e-01
-1.361840665340423584e-01
-9.937739372253417969e-02
1.214207261800765991e-01
-9.296294301748275757e-02
-4.786005616188049316e-02
-8.432280272245407104e-02
3.634700179100036621e-01
2.036106288433074951e-01
-1.392838656902313232e-01
-4.248866811394691467e-02
-4.036203622817993164e-01
-3.896622657775878906e-01
2.036864310503005981e-02
-2.759111523628234863e-01
-4.438375830650329590e-01
-1.796096265316009521e-01
5.423661321401596069e-02
1.298322081565856934e-01
2.426971793174743652e-01
-3.633974194526672363e-01
-6.133478879928588867e-01
2.169479578733444214e-01
1.247536111623048782e-02
3.609104454517364502e-01
-1.695926785469055176e-01
-1.063957810401916504e-01
1.292908191680908203e-02
1.609911620616912842e-01
4.604181349277496338e-01
1.029256135225296021e-01
2.194979488849639893e-01
-3.171080946922302246e-01
-1.860648691654205322e-01
2.095104753971099854e-01
4.094595909118652344e-01
3.233357667922973633e-01
-4.539092630147933960e-02
2.176861464977264404e-02
4.468858242034912109e-01
3.642211854457855225e-02
-3.628876805305480957e-01
-9.098607301712036133e-02
-2.484225779771804810e-01
3.265189751982688904e-02
1.311627328395843506e-01
-3.771238327026367188e-01
1.769156754016876221e-01
-4.569911956787109375e-02
-2.510491013526916504e-01
2.218332886695861816e-01
1.056209728121757507e-01
-1.347309499979019165e-01
2.632834315299987793e-01
-4.142137989401817322e-02
-5.615208670496940613e-02
-4.836218431591987610e-03
-4.420801997184753418e-05
-7.766261696815490723e-02
-1.484808921813964844e-01
-2.260483205318450928e-01
-4.020056128501892090e-01
6.756173074245452881e-02
1.804536730051040649e-01
-2.782170176506042480e-01
7.818475365638732910e-02
6.262363493442535400e-02
3.457189798355102539e-01
-1.385321468114852905e-02
-3.154959082603454590e-01
-2.171641588211059570e-01
-5.211808159947395325e-02
2.485126405954360962e-01
-1.984217017889022827e-01
-7.420816272497177124e-02
2.255911380052566528e-01
1.996189653873443604e-01
3.251920342445373535e-01
-1.166784837841987610e-01
2.334988117218017578e-01
2.751126587390899658e-01
-1.148267090320587158e-01
1.019288897514343262e-01
8.954198658466339111e-02
8.616214990615844727e-02
-1.916402578353881836e-01
-1.331361234188079834e-01
1.449550092220306396e-01
1.389602273702621460e-01
-2.034771144390106201e-01
-3.572326526045799255e-02
-8.487519621849060059e-02
7.065773010253906250e-02
8.437611162662506104e-02
-5.865456908941268921e-02
1.742598712444305420e-01
-2.498562484979629517e-01
-8.442351967096328735e-02
3.285470604896545410e-01
1.379692703485488892e-01
