-5.370994806289672852e-01
4.699678421020507812e-01
8.419114165008068085e-04
1.526564359664916992e-02
-1.443572938442230225e-01
-1.424976289272308350e-01
2.464715987443923950e-01
9.485399350523948669e-03
-4.547982476651668549e-03
4.311653599143028259e-02
5.097453594207763672e-01
-3.230183124542236328e-01
-8.940591476857662201e-03
-2.215935289859771729e-01
-2.472174614667892456e-01
-5.148897320032119751e-02
-1.255946755409240723e-01
3.927223384380340576e-01
-1.874120235443115234e-01
9.328562021255493164e-02
3.289425969123840332e-01
-2.451345026493072510e-01
-2.283431291580200195e-01
-6.821219623088836670e-02
7.474088110029697418e-03
3.130684494972229004e-01
-3.423126637935638428e-01
-2.441205531358718872e-01
4.481008052825927734e-01
-6.380166113376617432e-02
2.839393615722656250e-01
2.452395409345626831e-01
3.340036869049072266e-01
2.201649993658065796e-01
5.720504373311996460e-02
-3.997039049863815308e-02
-1.730997264385223389e-01
-1.220304705202579498e-02
1.829693168401718140e-01
3.025750070810317993e-02
-1.770270466804504395e-01
-1.846063882112503052e-01
-2.531910836696624756e-01
-5.812024325132369995e-02
1.975225210189819336e-01
5.203931778669357300e-02
2.423007413744926453e-02
1.740598529577255249e-01
-1.559008955955505371e-01
2.353975921869277954e-02
-7.334204018115997314e-02
-6.955675780773162842e-02
-1.458551585674285889e-01
-1.011286973953247070e-01
3.405984044075012207e-01
-2.666161656379699707e-01
5.411169305443763733e-02
2.110594213008880615e-01
1.434445753693580627e-02
1.111947149038314819e-01
2.717897295951843262e-01
4.463304951786994934e-02
-6.411294341087341309e-01
8.196442574262619019e-02
9.280885756015777588e-02
-2.631521224975585938e-02
-9.007859230041503906e-02
-9.384078904986381531e-03
-1.800703443586826324e-02
-5.110862851142883301e-02
5.851646661758422852e-01
-3.352208435535430908e-02
-1.531507521867752075e-01
1.964641809463500977e-01
2.523833513259887695e-01
1.809303462505340576e-01
2.687909081578254700e-02
2.485857307910919189e-01
-3.819705918431282043e-03
-2.534667849540710449e-01
4.654431939125061035e-01
4.468270242214202881e-01
-4.878834635019302368e-02
9.479337930679321289e-02
2.598487138748168945e-01
1.942397803068161011e-01
-3.684461489319801331e-02
-1.402433123439550400e-02
3.239783942699432373e-01
-9.472547471523284912e-02
-4.544508457183837891e-02
2.010307610034942627e-01
1.926162093877792358e-02
-2.809012830257415771e-01
5.248966217041015625e-01
3.084548115730285645e-01
-3.909286111593246460e-02
-2.706779241561889648e-01
3.746903240680694580e-01
3.118281960487365723e-01
-2.813698723912239075e-02
4.109502211213111877e-02
-1.964727491140365601e-01
4.633461534976959229e-01
-3.786287307739257812e-01
-2.507803440093994141e-01
-1.775527372956275940e-02
1.306599974632263184e-01
9.455423802137374878e-02
3.943619728088378906e-01
-8.697278797626495361e-02
-5.205920338630676270e-01
-4.536778032779693604e-01
-8.464080840349197388e-02
1.491000950336456299e-01
-9.112682938575744629e-02
3.257056176662445068e-01
-2.127610445022583008e-01
9.241227060556411743e-02
1.352524161338806152e-01
-9.319148212671279907e-02
-4.688521474599838257e-02
-2.501490116119384766e-01
-2.722134441137313843e-02
2.272091358900070190e-01
-3.170992434024810791e-02
2.581925392150878906e-01
4.709966480731964111e-02
-2.454015761613845825e-01
1.691420376300811768e-01
2.643145322799682617e-01
2.688101828098297119e-01
-1.437151152640581131e-02
-6.124850362539291382e-02
-1.406494379043579102e-01
5.589637905359268188e-02
1.227789074182510376e-01
-3.155112266540527344e-01
-4.291796982288360596e-01
-1.055057570338249207e-01
-3.043503761291503906e-01
-5.556448921561241150e-02
7.806985080242156982e-02
-7.125695049762725830e-02
2.206448614597320557e-01
-1.201840192079544067e-01
-1.606366410851478577e-02
5.310372263193130493e-02
1.695821881294250488e-01
-3.437540531158447266e-01
2.681206911802291870e-02
-2.222143113613128662e-01
1.898800730705261230e-01
5.993876978754997253e-02
-5.461818724870681763e-02
-1.904703676700592041e-01
-3.335487842559814453e-02
6.384892761707305908e-02
3.214395642280578613e-01
-1.163405627012252808e-01
3.643752634525299072e-02
-2.114505693316459656e-02
5.378454178571701050e-02
1.022969633340835571e-01
3.613624870777130127e-01
5.332178622484207153e-02
-2.865082025527954102e-01
-7.145916670560836792e-02
-1.511961128562688828e-02
3.730472326278686523e-01
-1.529185622930526733e-01
-5.903432890772819519e-02
3.420155346393585205e-01
1.784647852182388306e-01
2.584456205368041992e-01
4.515150189399719238e-02
8.783955872058868408e-02
9.899836778640747070e-02
-2.368168234825134277e-01
3.735102117061614990e-01
-2.513959407806396484e-01
-1.356711834669113159e-01
1.038876324892044067e-01
1.401674747467041016e-02
-2.069523930549621582e-01
4.442260861396789551e-01
-5.378806591033935547e-02
8.479614742100238800e-03
-2.594662308692932129e-01
2.771666944026947021e-01
-3.391144275665283203e-01
2.149855941534042358e-01
-9.785618633031845093e-02
1.097621116787195206e-02
-2.700602412223815918e-01
-1.119909211993217468e-01
2.338455915451049805e-01
-5.641519278287887573e-02
-9.643958508968353271e-02
-1.617654860019683838e-01
-5.030848383903503418e-01
1.478536278009414673e-01
-2.228234559297561646e-01
9.543206542730331421e-04
2.515105009078979492e-01
3.791500926017761230e-01
-2.186607196927070618e-02
-3.966482728719711304e-02
-7.437693327665328979e-02
1.721246987581253052e-01
-8.087122440338134766e-02
-2.269631326198577881e-01
1.293048411607742310e-01
-1.860835403203964233e-02
1.666005700826644897e-01
-1.699907779693603516e-01
-4.591012001037597656e-02
4.393701553344726562e-01
4.023324325680732727e-02
3.212160468101501465e-01
-7.425870001316070557e-02
-4.358556866645812988e-01
-8.685821294784545898e-02
-4.255963861942291260e-02
-1.301037818193435669e-01
3.492988646030426025e-02
-4.835724830627441406e-01
1.861698552966117859e-02
-1.938208192586898804e-01
1.080042123794555664e-01
-2.835646271705627441e-01
1.208459734916687012e-01
5.499243363738059998e-02
3.493667840957641602e-01
2.857644259929656982e-01
-4.832254946231842041e-01
2.502316236495971680e-01
1.866997778415679932e-02
-2.167637497186660767e-01
7.107116281986236572e-02
-1.673421859741210938e-01
2.477707564830780029e-01
-1.308935880661010742e-01
2.312640249729156494e-01
-3.862787187099456787e-01
2.632777094841003418e-01
6.179204583168029785e-02
1.660333573818206787e-01
-3.630897998809814453e-01
3.969182074069976807e-02
-2.883209474384784698e-02
-2.547554671764373779e-03
1.358998417854309082e-01
-1.014046370983123779e-01
-1.479459106922149658e-01
-1.253062039613723755e-01
-4.194366335868835449e-01
-3.450680077075958252e-01
5.212869495153427124e-02
-7.207579910755157471e-03
1.741821467876434326e-01
7.442456483840942383e-02
-6.057851016521453857e-02
1.659432053565979004e-01
2.082631587982177734e-01
3.736758232116699219e-01
-1.165469214320182800e-01
2.119384407997131348e-01
-1.104269176721572876e-02
-3.356120884418487549e-01
8.001236617565155029e-02
-4.273578524589538574e-01
-1.904923841357231140e-02
-3.381794691085815430e-01
2.862485647201538086e-01
-4.340363442897796631e-01
5.612131208181381226e-03
-3.633207976818084717e-01
2.885591983795166016e-01
-1.906875073909759521e-01
1.206883043050765991e-01
-4.060003161430358887e-01
-5.784760713577270508e-01
-4.059404134750366211e-03
7.884066551923751831e-02
-3.280102610588073730e-01
-1.305288448929786682e-02
-2.031117118895053864e-02
-2.529461383819580078e-01
-1.306977272033691406e-01
-6.235934421420097351e-02
3.398579359054565430e-01
2.685841321945190430e-01
-1.449520736932754517e-01
4.194596409797668457e-02
-3.510442972183227539e-01
-1.981537789106369019e-01
-2.636904716491699219e-01
-2.844656705856323242e-01
-5.641809105873107910e-01
1.106504052877426147e-01
1.348730027675628662e-01
3.048220872879028320e-01
1.254624724388122559e-01
-4.563278257846832275e-01
-2.572132945060729980e-01
7.014863938093185425e-02
-1.962838172912597656e-01
5.182363986968994141e-01
-3.032339215278625488e-01
-1.787501573562622070e-01
-5.860838294029235840e-02
2.498352974653244019e-01
3.286173641681671143e-01
-1.203529685735702515e-01
1.941580474376678467e-01
-4.535508453845977783e-01
1.622372493147850037e-02
1.719342768192291260e-01
3.415592610836029053e-01
3.155533969402313232e-01
-2.004170715808868408e-01
5.620093643665313721e-02
2.047187089920043945e-01
1.358462423086166382e-01
-2.706798911094665527e-01
-1.968698799610137939e-01
-6.122366189956665039e-01
-3.578792884945869446e-02
3.396334648132324219e-01
-2.194721102714538574e-01
3.069235682487487793e-01
2.923567406833171844e-02
-2.053610533475875854e-01
2.203973829746246338e-01
5.199830979108810425e-03
-3.474337235093116760e-02
1.243027970194816589e-01
-1.720960140228271484e-01
-8.633632212877273560e-02
-3.065037541091442108e-02
8.148799836635589600e-02
-3.790182620286941528e-02
-9.870105981826782227e-02
-1.872419118881225586e-01
-3.380538225173950195e-01
9.546738117933273315e-03
-1.830080747604370117e-01
-2.101709246635437012e-01
1.287998631596565247e-02
-6.801158934831619263e-02
5.278415679931640625e-01
3.469643741846084595e-02
-3.587684333324432373e-01
-1.403786540031433105e-01
6.289304792881011963e-02
1.224387586116790771e-01
-7.212819159030914307e-02
-1.212570741772651672e-01
2.773169279098510742e-01
-6.132475286722183228e-02
2.797313034534454346e-01
-9.648650884628295898e-02
2.431909143924713135e-01
2.680967152118682861e-01
-2.632816508412361145e-02
2.653248310089111328e-01
1.282376497983932495e-01
6.655368953943252563e-03
-1.799648404121398926e-01
-2.049699723720550537e-01
4.207599908113479614e-02
1.773984432220458984e-01
-1.227711811661720276e-01
-2.143920511007308960e-01
-1.934469938278198242e-01
2.148724198341369629e-01
1.137895435094833374e-01
-1.324872672557830811e-01
2.481251768767833710e-02
-2.753589302301406860e-02
-1.790165305137634277e-01
2.625967860221862793e-01
9.017015248537063599e-02
