-3.803729414939880371e-01
3.240583539009094238e-01
-1.638344824314117432e-01
-1.491569913923740387e-02
1.106008440256118774e-01
-2.664677202701568604e-01
2.430545091629028320e-01
-6.745643913745880127e-04
9.595360606908798218e-02
1.621383428573608398e-01
3.416750729084014893e-01
-1.405518874526023865e-02
-1.762404143810272217e-01
-8.042155206203460693e-02
-3.422892093658447266e-01
-2.082891464233398438e-01
1.299857199192047119e-01
4.805655032396316528e-02
1.371181160211563110e-01
2.285249233245849609e-01
1.546450853347778320e-01
1.534114181995391846e-01
-3.361343145370483398e-01
-1.168762240558862686e-02
-1.996485143899917603e-01
1.060382872819900513e-01
-2.579409778118133545e-01
-1.728368401527404785e-01
2.954143583774566650e-01
-1.503629833459854126e-01
9.712643921375274658e-02
6.486512720584869385e-02
1.599347591400146484e-01
5.923934653401374817e-02
2.963311970233917236e-01
-2.362098991870880127e-01
-4.812908172607421875e-02
-4.471935331821441650e-02
2.365005761384963989e-01
3.935180976986885071e-02
-5.664429813623428345e-02
-1.754156053066253662e-01
-2.627630829811096191e-01
-1.378666162490844727e-01
5.960869044065475464e-02
2.193896844983100891e-02
-3.886555507779121399e-02
2.285031676292419434e-01
-1.170071884989738464e-01
-2.579245865345001221e-01
-3.181765377521514893e-01
4.959607869386672974e-02
-1.415647007524967194e-02
-2.182749211788177490e-01
9.686062484979629517e-02
-3.472840487957000732e-01
1.334978938102722168e-01
1.641187220811843872e-01
-1.471226103603839874e-03
-3.804043680429458618e-02
1.991468369960784912e-01
1.148882955312728882e-01
-6.088749766349792480e-01
8.367914706468582153e-02
2.432791292667388916e-01
7.476352155208587646e-02
-2.434629350900650024e-01
-8.920601755380630493e-02
2.066002339124679565e-01
1.800459325313568115e-01
4.534355998039245605e-01
-2.328721284866333008e-01
-2.371997088193893433e-01
-2.165613509714603424e-02
3.354768455028533936e-02
-9.815057367086410522e-02
5.864553898572921753e-02
3.610017299652099609e-01
-9.213507175445556641e-02
-3.397396206855773926e-01
2.623766660690307617e-03
1.029541194438934326e-01
-8.201731741428375244e-02
7.528857886791229248e-02
-1.307766735553741455e-01
7.842116057872772217e-02
1.157690137624740601e-01
2.442356497049331665e-01
2.826092839241027832e-01
-1.192222684621810913e-01
4.547926783561706543e-01
-5.652539059519767761e-02
3.851873278617858887e-01
-1.003020852804183960e-01
1.523900032043457031e-01
2.656098306179046631e-01
1.101161539554595947e-01
-1.527233719825744629e-01
2.870374321937561035e-01
-8.357442915439605713e-03
1.013423576951026917e-01
-8.419421315193176270e-02
-3.056566417217254639e-01
7.710390537977218628e-02
-3.489392399787902832e-01
1.041063014417886734e-02
1.946631222963333130e-01
-7.903105020523071289e-02
1.625556349754333496e-01
1.900010704994201660e-01
-1.150657832622528076e-01
-9.388506412506103516e-02
-2.476539611816406250e-01
-1.075153648853302002e-01
-5.687684938311576843e-02
-1.325895339250564575e-01
-6.083053722977638245e-02
-2.356371283531188965e-01
1.987647414207458496e-01
-2.357930839061737061e-01
8.622857928276062012e-02
2.438271604478359222e-02
-1.165407747030258179e-01
-1.554310619831085205e-01
4.821176826953887939e-01
-4.363099485635757446e-02
1.064030677080154419e-01
2.268655896186828613e-01
-2.553023099899291992e-01
-1.290793418884277344e-01
6.143543869256973267e-02
-1.314673572778701782e-01
-1.151727810502052307e-01
-1.233024224638938904e-01
-6.869829446077346802e-02
-2.419194206595420837e-02
2.439344525337219238e-01
-2.926171422004699707e-01
-1.727045625448226929e-01
-2.290711998939514160e-01
-5.272917747497558594e-01
-3.985127434134483337e-02
1.949716359376907349e-01
1.452149897813796997e-01
-1.664780452847480774e-02
-8.915110677480697632e-02
-3.144053369760513306e-02
8.689781650900840759e-03
1.912401020526885986e-01
2.963234204798936844e-03
3.453844785690307617e-02
-1.583615690469741821e-01
3.729910254478454590e-01
5.333954095840454102e-01
1.115944981575012207e-01
-1.361846774816513062e-01
-5.295503512024879456e-02
1.574772894382476807e-01
4.205057024955749512e-01
9.967688471078872681e-03
-2.724860310554504395e-01
2.886825203895568848e-01
-8.175584487617015839e-03
3.224697411060333252e-01
2.804807573556900024e-02
6.060215830802917480e-02
-3.633861541748046875e-01
-2.214361727237701416e-01
2.222839742898941040e-03
3.877567350864410400e-01
8.872152864933013916e-02
1.400510221719741821e-02
1.003010869026184082e-01
-1.816532313823699951e-01
1.697864681482315063e-01
2.960437163710594177e-02
2.612195611000061035e-01
2.176765650510787964e-01
-2.404985129833221436e-01
2.002307474613189697e-01
-2.097560465335845947e-01
-1.120545789599418640e-01
8.319637179374694824e-02
1.034585162997245789e-01
8.489687740802764893e-02
2.630664706230163574e-01
5.837134085595607758e-03
-1.107344254851341248e-01
-8.515205234289169312e-02
1.920554488897323608e-01
7.067786902189254761e-02
1.300154328346252441e-01
-5.752832442522048950e-02
4.607907682657241821e-02
-2.886236310005187988e-01
4.890427738428115845e-02
2.361067235469818115e-01
-1.546975672245025635e-01
-1.695600599050521851e-01
-1.219822168350219727e-01
2.105385065078735352e-04
8.899041265249252319e-02
-7.511227577924728394e-02
-1.535826772451400757e-01
1.755117624998092651e-01
2.496317028999328613e-01
-8.439187705516815186e-02
-1.299859881401062012e-01
-1.711174547672271729e-01
1.609586626291275024e-01
1.683076024055480957e-01
-1.189313158392906189e-01
2.687711268663406372e-03
-1.489029675722122192e-01
-2.905044704675674438e-02
2.979569435119628906e-01
9.185646474361419678e-02
8.731914311647415161e-02
-8.861515671014785767e-03
1.324145123362541199e-04
-3.072309494018554688e-01
-5.633118003606796265e-02
6.905667483806610107e-02
-2.780017554759979248e-01
1.152636781334877014e-01
-1.207038536667823792e-01
3.871604427695274353e-02
-4.729740321636199951e-03
-3.575729429721832275e-01
-1.783997714519500732e-01
-2.007506787776947021e-01
-1.304863989353179932e-01
2.853807508945465088e-01
1.770865321159362793e-01
1.039016842842102051e-01
3.873482346534729004e-02
1.108189374208450317e-01
5.351070314645767212e-02
-8.051140233874320984e-03
3.347904086112976074e-01
-2.026656270027160645e-02
-1.361482292413711548e-01
-2.283256351947784424e-01
-4.146985709667205811e-02
-3.180134296417236328e-01
-5.957105010747909546e-02
2.677858471870422363e-01
-4.439571499824523926e-02
-2.535358369350433350e-01
8.812128752470016479e-02
-9.467875957489013672e-02
-1.484618335962295532e-01
1.938898563385009766e-01
-9.028327465057373047e-02
1.126135215163230896e-01
-7.712476700544357300e-02
-3.457945585250854492e-01
7.721361517906188965e-02
-2.532638311386108398e-01
-2.029931247234344482e-01
3.108991980552673340e-01
7.636011391878128052e-02
-1.516981273889541626e-01
2.623059153556823730e-01
4.308176338672637939e-01
4.026145935058593750e-01
-1.770623773336410522e-01
7.000817358493804932e-02
-1.371856778860092163e-01
-2.988531589508056641e-01
9.374950081110000610e-02
-3.473193347454071045e-01
7.637576758861541748e-02
-1.722729206085205078e-01
3.344537317752838135e-02
-3.052238225936889648e-01
2.581228613853454590e-01
-2.261546254158020020e-01
2.516936510801315308e-03
-1.621107570827007294e-02
3.013682067394256592e-01
5.160294473171234131e-03
-1.733840703964233398e-01
8.409786224365234375e-02
6.007419824600219727e-01
-1.284421682357788086e-01
-4.960188269615173340e-02
-1.547524929046630859e-01
-2.681358754634857178e-01
8.153051882982254028e-02
-1.116946190595626831e-01
3.957503437995910645e-01
5.415957570075988770e-01
-3.325951397418975830e-01
2.426847964525222778e-01
-4.331737160682678223e-01
1.031793728470802307e-01
-1.306480467319488525e-01
-2.041049674153327942e-02
-3.803165629506111145e-03
-1.698424369096755981e-01
-2.556498050689697266e-01
2.436814606189727783e-01
-4.477087780833244324e-02
-1.806477904319763184e-01
-1.177153587341308594e-01
1.821446046233177185e-02
1.477975696325302124e-01
2.188229113817214966e-01
-2.469862848520278931e-01
-1.979310512542724609e-01
-1.816900521516799927e-01
7.465030532330274582e-03
2.038430422544479370e-01
-8.917523920536041260e-02
2.590365707874298096e-01
-8.622340112924575806e-02
4.090448915958404541e-01
1.490212380886077881e-01
1.000900641083717346e-01
8.110566437244415283e-02
-2.471328377723693848e-01
6.369940191507339478e-02
1.339728087186813354e-01
6.494832038879394531e-02
-3.109352588653564453e-01
-4.609560668468475342e-01
-1.588085144758224487e-01
-1.500266492366790771e-01
9.731808304786682129e-02
-4.904967173933982849e-02
-1.778007671236991882e-02
-2.688541077077388763e-02
3.767777234315872192e-02
-5.744118988513946533e-02
9.642583131790161133e-02
1.180552616715431213e-01
2.648267149925231934e-01
-2.119607925415039062e-01
-1.366186738014221191e-01
-1.224110275506973267e-01
-5.296779423952102661e-02
3.551144599914550781e-01
-4.109252616763114929e-02
-2.985330224037170410e-01
8.824983239173889160e-02
-1.018990948796272278e-01
2.350873872637748718e-02
1.527175009250640869e-01
1.214464157819747925e-01
-6.002036482095718384e-02
4.840285181999206543e-01
-1.756590977311134338e-02
-6.779193878173828125e-02
-1.665873639285564423e-02
9.799727052450180054e-02
-4.830890148878097534e-02
1.851753592491149902e-01
9.029189497232437134e-02
3.874507546424865723e-02
1.059576123952865601e-01
6.169222295284271240e-03
-4.275116324424743652e-01
2.440861761569976807e-01
1.490702629089355469e-01
-9.148782491683959961e-02
-2.041855454444885254e-01
5.942346528172492981e-03
1.265434641391038895e-02
-1.066136658191680908e-01
-2.556224726140499115e-02
6.468775868415832520e-02
2.247168123722076416e-01
-7.908199727535247803e-02
-4.987447708845138550e-02
-7.123211771249771118e-02
3.544661998748779297e-01
-1.146567016839981079e-01
-1.605859845876693726e-01
3.354632109403610229e-02
-6.460177898406982422e-02
-8.573854714632034302e-02
2.583971023559570312e-01
2.026410400867462158e-01
