-8.562423288822174072e-02
3.976818919181823730e-01
-1.348328292369842529e-01
-1.319670975208282471e-01
-3.757934570312500000e-01
-2.549168765544891357e-01
4.004930853843688965e-01
6.258179992437362671e-02
1.446162611246109009e-01
-4.537386074662208557e-02
3.665982782840728760e-01
-1.869667917490005493e-01
-7.645732164382934570e-02
1.492040976881980896e-02
-5.100913047790527344e-01
-1.702313870191574097e-01
1.742294430732727051e-01
1.685971766710281372e-01
1.667782068252563477e-01
2.036045938730239868e-01
1.002821698784828186e-01
-1.034573540091514587e-01
-3.396723791956901550e-02
-1.759544014930725098e-01
-5.287847667932510376e-02
1.906491219997406006e-01
-2.365463376045227051e-01
1.238830015063285828e-02
1.362277418375015259e-01
1.925850659608840942e-01
3.327547609806060791e-01
2.020064294338226318e-01
3.984570205211639404e-01
1.432595700025558472e-01
1.176621094346046448e-01
-3.350110724568367004e-02
-2.629950046539306641e-01
7.397092878818511963e-02
4.814977571368217468e-02
4.390633702278137207e-01
-2.318638116121292114e-01
-1.264719013124704361e-02
-5.026613548398017883e-02
-1.351372599601745605e-01
4.401167109608650208e-02
5.494423955678939819e-02
-2.341734431684017181e-02
-9.539940953254699707e-02
2.849347703158855438e-02
3.311762586236000061e-02
-5.568062663078308105e-01
-5.223531648516654968e-02
-2.494757622480392456e-01
-1.646389216184616089e-01
2.429695129394531250e-01
-1.851998865604400635e-01
-1.101447194814682007e-01
1.021662577986717224e-01
-2.554449141025543213e-01
8.170469850301742554e-02
2.548897564411163330e-01
7.287271320819854736e-02
-2.251159399747848511e-01
1.031368076801300049e-01
-1.182619184255599976e-01
-7.185765355825424194e-02
3.232934176921844482e-01
3.695402666926383972e-02
1.300919502973556519e-01
-9.507571160793304443e-02
2.743835449218750000e-01
-1.778801977634429932e-01
-4.372825622558593750e-01
2.881319075822830200e-02
7.834051735699176788e-03
2.628926932811737061e-01
2.585072219371795654e-01
-2.775043621659278870e-02
-5.939288809895515442e-02
-5.937106609344482422e-01
2.764174938201904297e-01
7.431145012378692627e-02
4.837606847286224365e-02
-1.450703144073486328e-01
5.522179231047630310e-02
2.023074775934219360e-01
7.025015354156494141e-02
7.428133487701416016e-02
2.704557478427886963e-01
1.778512746095657349e-01
2.879867553710937500e-01
3.015566766262054443e-01
-2.765835262835025787e-02
-1.347698271274566650e-01
5.977888107299804688e-01
7.409240305423736572e-02
1.057167816907167435e-02
-2.965749204158782959e-01
-4.505484551191329956e-02
1.078783944249153137e-01
-1.379816234111785889e-01
-2.605400383472442627e-01
-1.520974338054656982e-01
3.450506925582885742e-01
-2.349920719861984253e-01
-1.387783288955688477e-01
2.224076837301254272e-01
-9.379731863737106323e-02
-1.586509943008422852e-01
1.606321632862091064e-01
-1.429100632667541504e-01
-2.068310976028442383e-01
-4.481292366981506348e-01
-1.285057067871093750e-01
1.061130017042160034e-01
-6.736717373132705688e-02
2.553853690624237061e-01
-9.705265611410140991e-02
-2.151259183883666992e-01
1.036057993769645691e-01
-7.578735053539276123e-02
-3.684180229902267456e-02
-2.675684988498687744e-01
2.857483923435211182e-01
-1.105273589491844177e-01
3.022996187210083008e-01
1.812537312507629395e-01
7.618051767349243164e-02
-2.685856819152832031e-01
1.090307459235191345e-01
5.206666514277458191e-02
-6.018571555614471436e-02
-2.017983943223953247e-01
3.243351280689239502e-01
-2.438479959964752197e-01
2.968423999845981598e-02
1.765380986034870148e-02
-3.894810080528259277e-01
-4.594403803348541260e-01
-1.467389315366744995e-01
-1.838448792695999146e-01
1.081639248877763748e-02
2.143852859735488892e-01
-1.121274977922439575e-01
2.620175480842590332e-01
-9.176772832870483398e-02
-1.364979892969131470e-02
1.075928583741188049e-01
1.024358943104743958e-01
-5.174008756875991821e-02
7.988427579402923584e-02
-3.505928516387939453e-01
8.390706777572631836e-02
2.332529574632644653e-01
-8.152368664741516113e-02
-4.195960760116577148e-01
-3.024612553417682648e-02
1.438048779964447021e-01
1.225326210260391235e-01
-8.937140554189682007e-02
-3.575993776321411133e-01
-8.447491563856601715e-03
2.449968457221984863e-01
3.189592063426971436e-01
2.711707949638366699e-01
1.019784715026617050e-02
-4.721021950244903564e-01
-2.560991942882537842e-01
-1.948151737451553345e-01
3.462199866771697998e-01
-1.881742328405380249e-01
2.809863388538360596e-01
3.346555829048156738e-01
6.213838979601860046e-02
4.697177931666374207e-02
-2.157814949750900269e-01
-7.218002341687679291e-03
2.026453763246536255e-01
-1.603790819644927979e-01
2.224634885787963867e-01
-1.769206672906875610e-01
-1.877654157578945160e-02
-1.088547520339488983e-02
1.443500220775604248e-01
2.239555269479751587e-01
1.867241710424423218e-01
-1.802832335233688354e-01
8.997825533151626587e-02
-1.121094916015863419e-02
7.519290596246719360e-02
-5.622699260711669922e-01
-5.902497842907905579e-02
-3.183263912796974182e-02
1.726248860359191895e-01
8.468341082334518433e-02
-9.477911889553070068e-02
1.653849184513092041e-01
-2.074765712022781372e-01
3.032639920711517334e-01
-1.488679200410842896e-01
-2.306948155164718628e-01
3.414290845394134521e-01
-7.930729538202285767e-02
-4.915584996342658997e-02
1.426685601472854614e-01
-1.198789700865745544e-01
4.348597675561904907e-02
-1.846345365047454834e-01
2.105056792497634888e-01
3.407186567783355713e-01
-2.079684101045131683e-02
-6.628019362688064575e-02
-4.009336978197097778e-02
2.251397967338562012e-01
3.029635846614837646e-01
1.126054703490808606e-04
3.405847847461700439e-01
2.836408317089080811e-01
-1.579881459474563599e-01
9.664719551801681519e-02
-9.187819063663482666e-02
-2.813194394111633301e-01
2.554419338703155518e-01
-6.887019425630569458e-02
1.406949311494827271e-01
-1.220403537154197693e-01
-3.561101853847503662e-01
1.940503530204296112e-02
-2.318163067102432251e-01
-4.131691902875900269e-02
-3.096570074558258057e-01
3.151110708713531494e-01
2.123136967420578003e-01
-8.834049105644226074e-02
6.379466503858566284e-02
-4.731899201869964600e-01
3.215111494064331055e-01
-1.409231573343276978e-01
-6.976485997438430786e-02
1.043503656983375549e-01
-4.870651662349700928e-02
3.663358390331268311e-01
-2.400825172662734985e-01
7.355210371315479279e-03
-3.638338744640350342e-01
2.952215075492858887e-01
1.814589798450469971e-01
1.149450019001960754e-01
-3.358314633369445801e-01
2.005291581153869629e-01
3.979228064417839050e-02
1.887664198875427246e-01
-5.487074255943298340e-01
-8.444495499134063721e-02
-2.045594453811645508e-01
-1.551499515771865845e-01
-3.027741611003875732e-01
-1.681573092937469482e-01
3.647047653794288635e-02
-4.601144045591354370e-02
3.764785230159759521e-01
6.254139542579650879e-02
-3.337532877922058105e-01
8.751995861530303955e-02
8.507183939218521118e-02
3.397740721702575684e-01
-1.228051856160163879e-01
4.099034368991851807e-01
-3.764662519097328186e-02
2.450365871191024780e-01
-2.431482821702957153e-01
-1.905832290649414062e-01
3.669734001159667969e-01
-1.433089971542358398e-01
1.129476726055145264e-01
-2.644449174404144287e-01
2.231553792953491211e-01
-2.953198254108428955e-01
1.148403882980346680e-01
-9.681127965450286865e-02
5.575999990105628967e-02
-2.033047527074813843e-01
-3.113894462585449219e-01
5.922090262174606323e-03
2.516212165355682373e-01
-3.288079500198364258e-01
-2.006509900093078613e-01
-1.234420165419578552e-01
-2.013165205717086792e-01
1.132566407322883606e-01
-5.453018844127655029e-02
1.139106303453445435e-01
1.768838763236999512e-01
-1.706668436527252197e-01
2.016404718160629272e-01
-1.959587186574935913e-01
-2.489658892154693604e-01
-1.090508252382278442e-01
-2.275068461894989014e-01
-5.527536869049072266e-01
-2.612994015216827393e-01
1.337291747331619263e-01
7.139302790164947510e-02
-8.412280678749084473e-02
1.273247748613357544e-01
-3.605781793594360352e-01
5.076016113162040710e-02
1.826384291052818298e-02
1.098644435405731201e-01
-3.106074631214141846e-01
2.070818990468978882e-01
-2.519359588623046875e-01
-2.769490331411361694e-02
2.938759326934814453e-01
-1.245745271444320679e-01
1.692041903734207153e-01
-2.961283028125762939e-01
-1.785579919815063477e-01
7.373728603124618530e-02
2.890688180923461914e-01
2.712786495685577393e-01
-3.177077174186706543e-01
3.665359318256378174e-02
1.158595308661460876e-01
5.667215585708618164e-02
-1.301503628492355347e-01
-3.836781978607177734e-01
-1.874491125345230103e-01
2.430510818958282471e-01
2.482194751501083374e-01
-2.112459689378738403e-01
2.706324458122253418e-01
1.565845310688018799e-01
-2.396872937679290771e-01
-2.410157211124897003e-02
2.044887244701385498e-01
2.420547008514404297e-01
5.302843824028968811e-02
-8.647675067186355591e-02
-9.499561041593551636e-03
-1.567216962575912476e-01
-1.205793116241693497e-02
1.620730757713317871e-01
8.229762315750122070e-02
-2.475525736808776855e-01
-2.109244167804718018e-01
2.094916105270385742e-01
1.455112099647521973e-01
-1.742200702428817749e-01
-1.528688818216323853e-01
9.220079332590103149e-02
3.724279999732971191e-01
2.160873711109161377e-01
1.136511862277984619e-01
-2.338787168264389038e-01
1.183419004082679749e-01
-4.152482002973556519e-02
1.651474833488464355e-01
2.237704116851091385e-03
2.462400346994400024e-01
-5.198737606406211853e-02
3.727660700678825378e-02
-2.998372614383697510e-01
1.763878911733627319e-01
1.950823813676834106e-01
-1.030562743544578552e-01
8.936751633882522583e-02
-1.180600449442863464e-01
2.517539560794830322e-01
-1.339240670204162598e-01
-1.664657890796661377e-01
1.945306807756423950e-01
1.548593938350677490e-01
-3.128058314323425293e-01
-8.163445442914962769e-02
-9.024205803871154785e-02
2.137959301471710205e-01
2.729004621505737305e-01
-7.834852486848831177e-02
1.776527464389801025e-01
2.209868133068084717e-01
-3.901544213294982910e-01
-1.776374876499176025e-01
8.523107320070266724e-02
