-2.115088850259780884e-01
2.600057721138000488e-01
-8.547836542129516602e-02
-2.642399072647094727e-01
-1.064187735319137573e-01
-1.152874380350112915e-01
2.578698396682739258e-01
2.996719628572463989e-02
1.516716033220291138e-01
2.220567911863327026e-01
3.547981381416320801e-01
-3.094609677791595459e-01
-2.781643271446228027e-01
4.631041362881660461e-02
-1.112578362226486206e-01
-8.050020039081573486e-02
-3.927584737539291382e-02
4.490264952182769775e-01
-1.207119822502136230e-01
3.615568876266479492e-01
5.476480722427368164e-01
2.073644101619720459e-01
-5.007348023355007172e-03
-7.210675626993179321e-02
4.175986349582672119e-02
9.611081331968307495e-02
-1.097822040319442749e-01
-2.152854353189468384e-01
2.328092455863952637e-01
8.153603971004486084e-02
1.679216623306274414e-01
-1.697997450828552246e-01
2.204944193363189697e-01
5.501080676913261414e-02
2.648136615753173828e-01
-4.748723283410072327e-02
-1.754494160413742065e-01
-6.378854811191558838e-02
1.876969337463378906e-01
2.700407207012176514e-01
-1.151024829596281052e-02
-1.367986202239990234e-01
-1.744761765003204346e-01
-1.334763169288635254e-01
-1.164812520146369934e-01
-2.169650793075561523e-01
-1.833488941192626953e-01
-1.080877631902694702e-01
2.860407903790473938e-02
1.485797166824340820e-01
-5.750162601470947266e-01
-4.310179501771926880e-02
-8.973950147628784180e-02
-3.104950189590454102e-01
2.554742693901062012e-01
-5.470491647720336914e-01
-6.225406005978584290e-02
2.942498922348022461e-01
-1.339748948812484741e-01
-1.779362857341766357e-01
1.480607092380523682e-01
3.052444756031036377e-02
-4.012373983860015869e-01
-1.396802067756652832e-02
2.276103496551513672e-01
-6.119304895401000977e-02
-1.756998896598815918e-01
-2.334860712289810181e-01
-1.765546016395092010e-02
-2.512548565864562988e-01
3.422173559665679932e-01
-1.094923913478851318e-01
-4.631624743342399597e-02
-5.347029119729995728e-02
-1.437924653291702271e-01
-7.689745724201202393e-02
-1.729511767625808716e-01
1.943660229444503784e-01
-1.380743682384490967e-01
-9.994151443243026733e-02
2.042773663997650146e-01
3.463574051856994629e-01
-1.577145755290985107e-01
3.235632777214050293e-01
-1.969502307474613190e-02
1.480430960655212402e-01
-8.191468194127082825e-03
1.107955425977706909e-01
4.365395307540893555e-01
2.564263716340065002e-02
2.674928307533264160e-01
6.373175233602523804e-02
1.547391116619110107e-01
-1.561858057975769043e-01
5.273700952529907227e-01
2.460882440209388733e-02
1.455130279064178467e-01
-8.700732886791229248e-02
-2.473644763231277466e-01
2.914367914199829102e-01
7.193762809038162231e-03
-3.500444442033767700e-02
-2.231859564781188965e-01
2.529909908771514893e-01
-1.352676600217819214e-01
1.118305325508117676e-01
-3.202064335346221924e-02
-2.584287524223327637e-01
-6.122430786490440369e-02
7.044780999422073364e-02
-1.455876380205154419e-01
-2.612709626555442810e-02
-3.977895677089691162e-01
-2.248346805572509766e-01
-5.835008248686790466e-02
-1.246134713292121887e-01
7.453712821006774902e-02
-4.414906352758407593e-02
-7.497586309909820557e-02
-4.360639750957489014e-01
-6.074628233909606934e-02
-3.362268209457397461e-01
-9.417654573917388916e-02
1.010411977767944336e-01
1.795407533645629883e-01
1.141463294625282288e-01
3.408946096897125244e-03
9.757234156131744385e-02
-3.148847818374633789e-01
-1.239981800317764282e-01
7.357935607433319092e-02
1.088599413633346558e-01
2.393500134348869324e-02
-1.347858458757400513e-01
-2.049962580204010010e-01
-1.724091731011867523e-02
1.300993263721466064e-01
-6.239122152328491211e-01
-4.197228550910949707e-01
-2.497487962245941162e-01
-2.108801752328872681e-01
-1.862187087535858154e-01
1.380569636821746826e-01
3.222735226154327393e-02
5.388772487640380859e-01
1.340325921773910522e-03
1.794242560863494873e-01
2.496218867599964142e-02
3.184200823307037354e-02
-1.238019391894340515e-01
1.014672219753265381e-01
-2.455118298530578613e-01
8.671970665454864502e-02
1.255614310503005981e-01
1.859390735626220703e-01
-3.208487629890441895e-01
2.893800660967826843e-02
3.910275101661682129e-01
4.938812851905822754e-01
6.613861024379730225e-02
-1.093077659606933594e-01
2.771960794925689697e-01
2.445027530193328857e-01
5.334226489067077637e-01
1.037402749061584473e-01
1.686494424939155579e-02
-4.249407649040222168e-01
-3.187063634395599365e-01
-3.385149687528610229e-02
2.463822662830352783e-01
5.338315665721893311e-02
1.461937464773654938e-02
1.424895673990249634e-01
-6.454892456531524658e-02
1.525629311800003052e-03
-5.024131014943122864e-02
2.862720191478729248e-01
2.295456379652023315e-01
2.577857375144958496e-01
1.964443325996398926e-01
-3.136684894561767578e-01
1.022358052432537079e-02
1.434985995292663574e-01
-2.195641957223415375e-02
-2.330131828784942627e-03
2.681545913219451904e-01
-2.078284025192260742e-01
7.321725040674209595e-02
-1.406881809234619141e-01
1.157822906970977783e-01
-1.249305456876754761e-01
5.858697369694709778e-02
5.631095916032791138e-02
1.514366827905178070e-03
-1.106785312294960022e-01
4.105477593839168549e-03
3.874660730361938477e-01
-8.797209709882736206e-02
1.037688273936510086e-02
9.722084552049636841e-02
-3.287078738212585449e-01
3.580773770809173584e-01
-4.626619070768356323e-02
-1.132528185844421387e-01
1.572577208280563354e-01
1.834307909011840820e-01
1.549657881259918213e-01
-7.521329820156097412e-02
6.550720334053039551e-02
3.221405744552612305e-01
-1.078202016651630402e-02
-7.507389038801193237e-02
-2.108762413263320923e-01
-9.745499491691589355e-02
7.782728970050811768e-02
2.242933064699172974e-01
2.406409829854965210e-01
3.140699267387390137e-01
-6.644830852746963501e-02
9.838131070137023926e-02
-2.710147798061370850e-01
-1.737467795610427856e-01
3.215267881751060486e-02
-1.345660239458084106e-01
5.369361490011215210e-02
-9.082327038049697876e-02
-3.806337118148803711e-01
-1.631290316581726074e-01
-5.297803282737731934e-01
-8.634438365697860718e-02
-5.636483803391456604e-02
-3.347027599811553955e-01
3.179922103881835938e-01
8.541677147150039673e-02
-7.730872929096221924e-02
-2.358727902173995972e-01
3.368664383888244629e-01
1.141602732241153717e-02
1.981342583894729614e-02
1.425012350082397461e-01
-3.021590113639831543e-01
1.793124675750732422e-01
-1.942459642887115479e-01
-2.089724838733673096e-01
-3.033366799354553223e-01
9.886218234896659851e-03
1.776667833328247070e-01
6.620769202709197998e-02
-2.431093454360961914e-01
1.610789299011230469e-01
9.903044998645782471e-02
2.374976873397827148e-01
-1.468828320503234863e-01
-2.582476437091827393e-01
1.582881808280944824e-01
8.565903455018997192e-02
-5.700019598007202148e-01
-2.064712047576904297e-01
-4.320256710052490234e-01
1.151288077235221863e-01
2.134965062141418457e-01
9.379031509160995483e-02
-1.003612279891967773e-01
1.032192185521125793e-01
2.733759880065917969e-01
2.697824239730834961e-01
5.158236622810363770e-02
6.632260978221893311e-02
-2.486484646797180176e-01
-1.710908412933349609e-01
2.039327174425125122e-01
-4.481192231178283691e-01
2.079485170543193817e-02
-3.375492691993713379e-01
1.775431036949157715e-01
-3.838624060153961182e-02
2.376218885183334351e-01
-2.477813065052032471e-01
1.651098430156707764e-01
2.054787576198577881e-01
8.594345301389694214e-03
-4.326909780502319336e-02
-1.958751827478408813e-01
5.161567404866218567e-02
2.831621468067169189e-01
-6.883867830038070679e-02
-1.425941735506057739e-01
-6.432383507490158081e-02
-1.221139580011367798e-01
2.717678844928741455e-01
6.544863805174827576e-03
1.943356916308403015e-02
1.713017076253890991e-01
-1.837476789951324463e-01
2.061323225498199463e-01
-3.978320658206939697e-01
-1.354147195816040039e-01
-2.234592474997043610e-02
-6.349816918373107910e-02
-3.132888376712799072e-01
-1.626925170421600342e-01
4.570215195417404175e-02
2.008793950080871582e-01
-7.913473993539810181e-02
-6.531284749507904053e-02
-3.428450822830200195e-01
2.714780904352664948e-02
3.637724369764328003e-02
3.242322206497192383e-01
-1.819261014461517334e-01
2.652763128280639648e-01
-7.006417214870452881e-02
-8.142055571079254150e-02
2.071255445480346680e-01
6.853137165307998657e-04
2.619695365428924561e-01
-2.553586959838867188e-01
1.358261257410049438e-01
3.302025198936462402e-01
1.208366081118583679e-01
1.291379630565643311e-01
-2.044387608766555786e-01
-3.615039587020874023e-01
1.079884171485900879e-01
1.332338154315948486e-01
-1.966339051723480225e-01
-2.830029726028442383e-01
-1.298878043889999390e-01
-3.810315206646919250e-02
8.301462233066558838e-02
-1.207664981484413147e-01
2.328872382640838623e-01
-1.587408781051635742e-01
9.367296099662780762e-02
-8.170343935489654541e-02
1.599733978509902954e-01
-2.856958284974098206e-02
-4.308363795280456543e-02
-2.393130660057067871e-01
-1.802976727485656738e-01
4.864920675754547119e-02
-9.640414267778396606e-03
7.901418209075927734e-02
-7.957302033901214600e-03
-3.588941395282745361e-01
-2.498695254325866699e-01
1.430280506610870361e-01
2.534536123275756836e-01
3.047894239425659180e-01
4.607916623353958130e-02
1.134471893310546875e-01
4.766637980937957764e-01
-1.093306317925453186e-01
-2.021927386522293091e-01
-5.427799373865127563e-02
1.822407096624374390e-01
-3.866978734731674194e-02
-1.616182327270507812e-01
1.438518464565277100e-01
2.055463343858718872e-01
4.444215819239616394e-02
1.668841540813446045e-01
-2.586632668972015381e-01
1.272580027580261230e-01
3.944715559482574463e-01
2.386968396604061127e-02
6.634359806776046753e-02
9.325473010540008545e-02
2.869730591773986816e-01
6.165265291929244995e-02
-2.509078979492187500e-01
1.360899806022644043e-01
1.299584507942199707e-01
-8.467990905046463013e-02
-2.124558091163635254e-01
-1.406561210751533508e-02
2.827446758747100830e-01
-8.536148071289062500e-02
-1.627008318901062012e-01
7.403525710105895996e-02
2.025552093982696533e-03
-9.198208898305892944e-02
1.609997451305389404e-01
1.846564561128616333e-01
