-3.112299367785453796e-02
3.486273288726806641e-01
4.884118586778640747e-02
3.315797448158264160e-02
1.767422556877136230e-01
-1.106544286012649536e-01
9.687533974647521973e-02
1.120690330862998962e-01
8.058390021324157715e-02
1.502817869186401367e-01
3.672870695590972900e-01
-2.970065772533416748e-01
-4.414818882942199707e-01
2.520545013248920441e-02
-1.010508313775062561e-01
-1.143250614404678345e-02
9.109400957822799683e-02
3.731132447719573975e-01
-9.141653031110763550e-02
3.221089839935302734e-01
4.147564768791198730e-01
-2.647844329476356506e-02
-2.911655306816101074e-01
2.192239835858345032e-02
3.087511062622070312e-01
8.436891250312328339e-03
-1.602285206317901611e-01
-2.089494466781616211e-01
1.286424398422241211e-01
1.075096949934959412e-01
5.030188709497451782e-02
-2.929210066795349121e-01
1.979145705699920654e-01
1.449960172176361084e-01
1.854200363159179688e-01
1.070553213357925415e-01
-3.149209022521972656e-01
-1.234748214483261108e-02
2.230424433946609497e-01
4.574341773986816406e-01
-1.175756454467773438e-01
-4.076957106590270996e-01
-3.633413016796112061e-01
-2.372158169746398926e-01
1.362975686788558960e-02
-1.034003645181655884e-01
1.232790574431419373e-02
1.833149939775466919e-01
7.941506803035736084e-02
1.366298645734786987e-01
-4.631909132003784180e-01
-1.951647698879241943e-01
-1.205655634403228760e-01
9.745191782712936401e-02
9.808087348937988281e-02
-4.891516566276550293e-01
8.523846417665481567e-02
2.896255850791931152e-01
-6.334815919399261475e-02
-2.473464794456958771e-02
5.867241322994232178e-02
1.657695174217224121e-01
-5.920355319976806641e-01
-8.130803704261779785e-03
-8.204212784767150879e-02
-9.206749498844146729e-02
-1.784360408782958984e-01
-9.242388606071472168e-02
5.190541595220565796e-02
1.896874979138374329e-02
4.861316084861755371e-01
-1.423060894012451172e-01
6.983004510402679443e-02
-2.067020833492279053e-01
-1.899883449077606201e-01
-6.903625279664993286e-02
5.070294439792633057e-02
4.306707978248596191e-01
-1.268099248409271240e-01
-1.127766072750091553e-01
7.272721081972122192e-02
2.962569594383239746e-01
-1.692532598972320557e-01
3.937197104096412659e-02
-6.751236319541931152e-02
1.636650562286376953e-01
4.346888512372970581e-02
3.075141906738281250e-01
4.909695982933044434e-01
-3.405296206474304199e-01
3.070430159568786621e-01
1.947973370552062988e-01
2.122404873371124268e-01
-1.204411610960960388e-01
5.093810558319091797e-01
2.358599901199340820e-01
-4.396902769804000854e-02
-1.261878609657287598e-01
-1.609741747379302979e-01
6.404420733451843262e-02
5.138443782925605774e-02
2.267359793186187744e-01
-2.349423468112945557e-01
5.080353021621704102e-01
-2.009594738483428955e-01
-5.701737850904464722e-02
1.634707301855087280e-01
-2.288825511932373047e-01
-1.731497347354888916e-01
2.756949067115783691e-01
-1.903162524104118347e-02
-7.889167964458465576e-02
-3.539925217628479004e-01
-6.593322008848190308e-02
5.632421374320983887e-02
4.873458668589591980e-02
-5.044281482696533203e-03
-2.058558911085128784e-01
-3.069010376930236816e-01
-1.764588356018066406e-01
1.497545279562473297e-02
-2.911513447761535645e-01
2.059035003185272217e-03
-3.096636943519115448e-02
3.337969630956649780e-02
7.170101255178451538e-02
5.307499170303344727e-01
6.382513791322708130e-02
2.279198728501796722e-03
-2.184243202209472656e-01
1.359597891569137573e-01
3.844133764505386353e-02
-2.232739143073558807e-02
-4.975566267967224121e-02
-1.292993873357772827e-01
-1.025779731571674347e-02
4.333177208900451660e-01
-6.108940243721008301e-01
-4.685440957546234131e-01
-3.724872469902038574e-01
-1.092817783355712891e-01
6.355667859315872192e-02
3.080946579575538635e-02
8.826424926519393921e-02
3.828040957450866699e-01
1.477824896574020386e-01
3.353961110115051270e-01
1.489921063184738159e-01
2.725490927696228027e-01
-3.095762729644775391e-01
-1.497420370578765869e-01
-2.299178391695022583e-01
4.889815673232078552e-02
2.662868499755859375e-01
2.822656631469726562e-01
-2.295335680246353149e-01
-2.068024575710296631e-01
1.322357654571533203e-01
3.047787845134735107e-01
-1.248275339603424072e-01
3.870140761137008667e-02
1.920788884162902832e-01
1.386162042617797852e-01
2.600623071193695068e-01
1.028697639703750610e-01
2.070255726575851440e-01
-5.491901636123657227e-01
-5.499614402651786804e-02
9.035672992467880249e-02
4.977000951766967773e-01
8.576823025941848755e-02
-2.541507966816425323e-02
2.004744708538055420e-01
-5.020404979586601257e-02
1.679970324039459229e-01
9.888118132948875427e-03
3.578890562057495117e-01
4.806229844689369202e-04
-2.097181230783462524e-02
1.361537426710128784e-01
-2.623677253723144531e-01
1.311951875686645508e-02
1.767900288105010986e-01
1.049370411783456802e-02
-9.258571267127990723e-02
2.236901968717575073e-01
-1.357545703649520874e-01
1.035111024975776672e-02
-3.091545030474662781e-02
1.075709704309701920e-02
2.329900860786437988e-03
1.284333765506744385e-01
6.092646345496177673e-02
-7.127594947814941406e-02
-2.356942147016525269e-01
2.937124967575073242e-01
2.283847332000732422e-01
-1.528706550598144531e-01
-7.263739407062530518e-02
-1.504316367208957672e-02
-4.378479123115539551e-01
2.655087113380432129e-01
-7.388891279697418213e-02
-1.895483434200286865e-01
4.244324862957000732e-01
8.732201904058456421e-02
8.516538888216018677e-02
-2.236107140779495239e-01
-1.793364435434341431e-01
1.346243172883987427e-01
2.797261476516723633e-01
1.579018533229827881e-01
1.239582970738410950e-01
1.348541527986526489e-01
1.097963601350784302e-01
2.460542023181915283e-01
2.154198884963989258e-01
2.218019515275955200e-01
-2.644552290439605713e-01
2.142945975065231323e-01
-1.818027347326278687e-01
-3.703676760196685791e-01
1.087182164192199707e-01
-1.217183917760848999e-01
1.019020155072212219e-01
-3.782736882567405701e-02
-4.007213711738586426e-01
-1.085597276687622070e-01
-9.170820564031600952e-02
2.140206545591354370e-01
-3.150856494903564453e-01
2.626354396343231201e-01
8.789779245853424072e-02
1.426629424095153809e-01
-3.731314837932586670e-02
-2.390905618667602539e-01
2.720053195953369141e-01
4.497423395514488220e-02
-2.008929699659347534e-01
1.980415880680084229e-01
5.314557999372482300e-02
1.634958386421203613e-01
-2.415346950292587280e-01
1.688202470541000366e-02
-3.442642092704772949e-01
6.871823966503143311e-02
2.278220355510711670e-01
1.698459498584270477e-03
-3.488809466361999512e-01
3.832373768091201782e-02
2.015590965747833252e-01
-1.259994953870773315e-01
-1.978909671306610107e-01
-1.353782713413238525e-01
1.362524181604385376e-02
9.416465461254119873e-02
-7.047773003578186035e-01
-9.526786208152770996e-02
-9.258290380239486694e-02
-1.040686964988708496e-01
2.748059630393981934e-01
1.639889478683471680e-01
-9.164339303970336914e-02
2.632185816764831543e-01
3.574696481227874756e-01
2.601066827774047852e-01
9.892697632312774658e-02
-1.025886759161949158e-01
-2.177185416221618652e-01
-2.110999673604965210e-01
1.967575028538703918e-02
-4.274081587791442871e-01
-1.570674031972885132e-01
-3.956059217453002930e-01
2.926463782787322998e-01
-3.433376252651214600e-01
5.329750105738639832e-02
-5.492667853832244873e-02
1.514026075601577759e-01
-2.574063539505004883e-01
9.491653740406036377e-02
-3.800042867660522461e-01
-2.192358970642089844e-01
-7.130981981754302979e-02
-4.097068309783935547e-02
-1.332217752933502197e-01
-8.683560043573379517e-02
-7.772853970527648926e-02
-1.630050539970397949e-01
1.525516211986541748e-01
-5.156719312071800232e-02
1.915014237165451050e-01
1.693969815969467163e-01
-2.762067019939422607e-01
1.918495297431945801e-01
-4.895775318145751953e-01
-2.330149114131927490e-01
2.092996835708618164e-01
-3.028182387351989746e-01
-4.697668552398681641e-01
-2.201964706182479858e-01
-1.555858552455902100e-01
2.075897157192230225e-01
-2.310655266046524048e-01
-3.283846974372863770e-01
-2.103993892669677734e-01
-1.296455711126327515e-01
-2.307864427566528320e-01
2.377973347902297974e-01
-1.504919975996017456e-01
1.288803108036518097e-02
-4.321289658546447754e-01
-6.325905025005340576e-02
2.334530353546142578e-01
3.132416307926177979e-02
9.850423038005828857e-02
-2.802622616291046143e-01
1.035548523068428040e-01
3.656264543533325195e-01
1.634390056133270264e-01
7.244619727134704590e-02
-6.329078227281570435e-02
-2.932798862457275391e-01
1.449543833732604980e-01
-3.772167116403579712e-02
-3.180080652236938477e-01
-2.960665225982666016e-01
-2.097864151000976562e-01
-2.657566405832767487e-02
1.841742247343063354e-01
7.212302647531032562e-03
9.660248458385467529e-02
5.187326297163963318e-02
1.111493557691574097e-01
8.671242743730545044e-03
7.549237459897994995e-02
2.720184326171875000e-01
1.633943468332290649e-01
-2.107206284999847412e-01
-1.739049851894378662e-01
6.485293805599212646e-02
-6.401804089546203613e-02
1.655484437942504883e-01
-2.703838348388671875e-01
-1.327442973852157593e-01
-5.919941514730453491e-02
8.893669396638870239e-02
3.345659077167510986e-01
1.527694761753082275e-01
-1.400582343339920044e-01
1.388280652463436127e-02
6.089628934860229492e-01
1.034288108348846436e-01
-2.289705425500869751e-01
2.034428343176841736e-02
1.950357556343078613e-01
1.247713565826416016e-01
-6.723944842815399170e-02
-3.369560465216636658e-02
1.510005444288253784e-01
-8.095975220203399658e-02
1.238884255290031433e-01
-2.055577747523784637e-02
1.042097359895706177e-01
2.946491837501525879e-01
-2.744657993316650391e-01
1.538056880235671997e-03
1.026559621095657349e-02
1.825926899909973145e-01
-1.219884380698204041e-01
-3.756776154041290283e-01
9.284962713718414307e-02
3.322408199310302734e-01
-2.120184153318405151e-01
-9.381107985973358154e-02
-4.553053900599479675e-02
2.033702135086059570e-01
-4.160809330642223358e-03
-5.782414600253105164e-02
-1.691019907593727112e-02
1.229015812277793884e-01
-3.081524372100830078e-01
2.614661678671836853e-02
3.224724829196929932e-01
