-4.703289866447448730e-01
1.919060051441192627e-01
-4.017180204391479492e-02
-5.390173941850662231e-02
-6.136702373623847961e-03
-2.242382168769836426e-01
5.261826515197753906e-01
1.799312680959701538e-01
-1.374759376049041748e-01
1.160222217440605164e-01
5.223046541213989258e-01
-2.393745034933090210e-01
-5.244481936097145081e-02
-9.441684186458587646e-02
-1.961938738822937012e-01
8.456246927380561829e-03
1.999669671058654785e-01
4.681959748268127441e-02
1.628890335559844971e-01
2.683593891561031342e-02
6.511000394821166992e-01
-6.834392249584197998e-02
-1.703937798738479614e-01
-4.185603931546211243e-02
-9.223768115043640137e-02
1.413628756999969482e-01
1.070154607295989990e-01
-2.213477492332458496e-01
1.768942475318908691e-01
-1.250904984772205353e-02
1.320333182811737061e-01
2.663791552186012268e-02
4.251589775085449219e-01
1.625734940171241760e-02
6.476593762636184692e-02
-1.212313473224639893e-01
1.255709771066904068e-02
-9.822495281696319580e-02
-5.607954412698745728e-02
-2.582093141973018646e-02
-2.228258252143859863e-01
-6.041679978370666504e-01
-2.397398799657821655e-01
-3.484720587730407715e-01
1.866534650325775146e-01
-8.673401549458503723e-03
1.381152868270874023e-01
1.064132060855627060e-02
-5.220486223697662354e-02
-3.565631806850433350e-01
-1.379106938838958740e-01
4.595436900854110718e-02
1.718364655971527100e-02
-1.629251092672348022e-01
4.422391057014465332e-01
-1.318327337503433228e-01
-4.175197705626487732e-02
9.351351112127304077e-02
6.721362471580505371e-02
6.739187985658645630e-03
-7.346019148826599121e-03
-2.598283812403678894e-02
-6.558853387832641602e-01
-9.919678419828414917e-02
1.071467772126197815e-01
-1.317746005952358246e-03
-6.240538507699966431e-02
-2.376903295516967773e-01
3.389393538236618042e-02
1.526279151439666748e-01
4.315198659896850586e-01
-3.184022903442382812e-01
-3.349891901016235352e-01
8.124947547912597656e-02
2.006570994853973389e-01
2.080734074115753174e-01
-6.309422850608825684e-02
8.059929311275482178e-02
-1.262370944023132324e-01
-3.338220119476318359e-01
2.515770494937896729e-01
1.318703740835189819e-01
-1.657818555831909180e-01
8.362976461648941040e-02
1.567954719066619873e-01
2.828859090805053711e-01
-3.091773763298988342e-02
8.527272939682006836e-02
-2.320361882448196411e-02
-3.623031079769134521e-03
3.564547896385192871e-01
1.219249367713928223e-01
1.122108697891235352e-01
-1.769806444644927979e-01
6.444599628448486328e-01
1.548673026263713837e-02
-1.051381900906562805e-01
-2.896768450736999512e-01
5.067110061645507812e-01
6.637071818113327026e-02
1.606626361608505249e-01
3.743980526924133301e-01
-3.585778474807739258e-01
3.113135993480682373e-01
-3.166769444942474365e-01
-9.870862960815429688e-02
2.178731262683868408e-01
2.166724801063537598e-01
3.048574551939964294e-02
-2.441964484751224518e-02
6.898137927055358887e-02
-3.124951720237731934e-01
-4.136426150798797607e-01
-1.426054686307907104e-01
1.768517494201660156e-01
-1.100979670882225037e-01
1.384577453136444092e-01
2.707801759243011475e-02
5.397213697433471680e-01
-3.698242604732513428e-01
-5.536036193370819092e-02
-7.822580635547637939e-02
-2.244290858507156372e-01
-4.176793619990348816e-02
2.849076390266418457e-01
-5.535251274704933167e-02
1.754754483699798584e-01
1.827517151832580566e-01
-2.691956162452697754e-01
-1.123452559113502502e-02
5.863753706216812134e-02
-1.121069937944412231e-01
-2.539753913879394531e-01
8.779486268758773804e-02
-3.728263378143310547e-01
-7.767466828227043152e-03
5.697559118270874023e-01
-2.074726819992065430e-01
-2.678382098674774170e-01
-9.708471596240997314e-03
-2.181715220212936401e-01
-1.386652737855911255e-01
3.544207811355590820e-01
6.316329352557659149e-03
-2.589396946132183075e-02
-2.832070589065551758e-01
1.319938600063323975e-01
6.650416553020477295e-02
2.630901932716369629e-01
-1.842892318964004517e-01
3.539128899574279785e-01
-2.421069294214248657e-01
1.033908575773239136e-01
-1.174875348806381226e-01
1.148179918527603149e-01
-1.318110823631286621e-01
-1.272919774055480957e-01
1.799476146697998047e-01
4.477544426918029785e-01
2.866611480712890625e-01
2.471891641616821289e-01
1.987620592117309570e-01
1.977649331092834473e-01
3.283936381340026855e-01
5.351324081420898438e-01
5.701407045125961304e-02
-5.771843791007995605e-01
-2.122858911752700806e-01
-1.009751409292221069e-01
4.228945970535278320e-01
-7.625366747379302979e-02
1.736834049224853516e-01
4.488646984100341797e-02
6.145546585321426392e-02
1.275978386402130127e-01
1.135111302137374878e-01
1.850234270095825195e-01
2.428619563579559326e-01
-3.511344194412231445e-01
2.265612483024597168e-01
-1.613885462284088135e-01
-4.194846153259277344e-01
-8.410100825130939484e-03
1.035785824060440063e-01
1.043031178414821625e-02
3.183917105197906494e-01
2.221350669860839844e-01
-3.698797523975372314e-02
-1.451261937618255615e-01
3.791503310203552246e-01
-3.157255053520202637e-01
-6.902593374252319336e-02
1.212496161460876465e-01
2.229332029819488525e-01
4.687763284891843796e-03
2.310355193912982941e-02
1.053020060062408447e-01
-2.404301166534423828e-01
-1.312299519777297974e-01
-1.801009178161621094e-01
-3.879723548889160156e-01
1.465314030647277832e-01
2.427033483982086182e-01
3.015602380037307739e-02
1.551547944545745850e-01
1.107752621173858643e-01
-3.045983910560607910e-01
-1.636385768651962280e-01
-1.649408340454101562e-01
4.724200814962387085e-02
1.963985562324523926e-01
-2.774403691291809082e-01
2.706293463706970215e-01
5.627367645502090454e-02
-6.646705325692892075e-03
1.754516959190368652e-01
-1.143516302108764648e-01
3.607061505317687988e-01
5.362238362431526184e-02
3.197385072708129883e-01
-2.088682204484939575e-01
-8.552400022745132446e-02
5.113010853528976440e-02
-3.127315342426300049e-01
7.335537672042846680e-02
-3.853241354227066040e-02
-1.667933762073516846e-01
1.436012089252471924e-01
-1.160765066742897034e-01
-6.438413262367248535e-02
-2.591189146041870117e-01
-1.470001339912414551e-01
9.813238680362701416e-02
-1.219712663441896439e-02
6.370843946933746338e-02
-1.959967166185379028e-01
4.413585960865020752e-01
1.814538240432739258e-02
6.173974648118019104e-02
1.004739403724670410e-01
-2.947289049625396729e-01
-1.051704436540603638e-01
-2.011713385581970215e-01
2.217732667922973633e-01
-4.157696366310119629e-01
2.010399699211120605e-01
2.424199283123016357e-01
2.729743421077728271e-01
-2.375345826148986816e-01
2.309710532426834106e-01
-4.890087246894836426e-02
2.279393374919891357e-01
9.681247919797897339e-02
-2.433288395404815674e-01
-6.282260268926620483e-02
1.275185048580169678e-01
-3.044451475143432617e-01
-2.234894931316375732e-01
-2.067939937114715576e-01
-6.432189792394638062e-02
3.650810122489929199e-01
-2.589109353721141815e-02
8.991116285324096680e-02
2.095858305692672729e-01
2.885158658027648926e-01
4.276250898838043213e-01
-1.813513599336147308e-02
5.244326964020729065e-02
-3.129944205284118652e-02
-3.555144965648651123e-01
-1.218315735459327698e-01
-4.871342182159423828e-01
-7.424808740615844727e-01
-2.707854509353637695e-01
3.421972393989562988e-01
-1.167081370949745178e-01
8.471387624740600586e-02
-4.223014116287231445e-01
2.720993459224700928e-01
6.352636963129043579e-02
2.977936863899230957e-01
-7.585959136486053467e-02
-1.574428975582122803e-01
1.235995814204216003e-01
1.266404539346694946e-01
-3.258093595504760742e-01
1.712969839572906494e-01
-5.644388869404792786e-02
-1.351433396339416504e-01
-1.979018449783325195e-01
1.277704834938049316e-01
1.180780902504920959e-01
7.383739948272705078e-01
7.387902587652206421e-03
9.184257686138153076e-02
-3.125787526369094849e-02
-4.248922765254974365e-01
-5.471992492675781250e-01
-5.029165148735046387e-01
-9.749622642993927002e-02
-2.357856631278991699e-01
-1.637947112321853638e-01
-1.331799030303955078e-01
-6.556588411331176758e-02
-2.912641763687133789e-01
-1.676037162542343140e-02
2.941738963127136230e-01
-2.172289937734603882e-01
4.853876829147338867e-01
-4.267997741699218750e-01
-2.742327451705932617e-01
-1.974559724330902100e-01
1.489656269550323486e-01
2.956209182739257812e-01
-6.326889991760253906e-02
1.336961686611175537e-01
-4.339653253555297852e-01
4.784808158874511719e-01
1.040408834815025330e-01
2.310353368520736694e-01
1.047221571207046509e-01
-1.320218145847320557e-01
2.475226670503616333e-02
2.063464224338531494e-01
3.781321644783020020e-01
-1.685148477554321289e-01
9.024243801832199097e-03
-4.010533690452575684e-01
-1.710619032382965088e-02
-1.287306398153305054e-01
1.639666706323623657e-01
9.681147336959838867e-02
-3.150157928466796875e-01
-8.898305892944335938e-02
-3.697006031870841980e-03
2.418247312307357788e-01
5.672845244407653809e-02
2.906628847122192383e-01
-2.685992419719696045e-01
3.752085566520690918e-01
2.504069209098815918e-01
2.046343535184860229e-01
-2.585332393646240234e-01
-4.835518077015876770e-02
-5.353748798370361328e-02
-9.935652464628219604e-02
1.161381453275680542e-01
2.307173907756805420e-01
-1.532196998596191406e-01
-3.802790939807891846e-01
-2.545079290866851807e-01
4.855837225914001465e-01
-5.191001668572425842e-02
-2.431026250123977661e-01
-4.530464112758636475e-01
2.377273440361022949e-01
7.213670015335083008e-02
-7.202510535717010498e-02
-3.694676756858825684e-01
-1.313886791467666626e-01
1.614193171262741089e-01
-2.858933508396148682e-01
-5.259606838226318359e-01
1.479580402374267578e-01
-9.713097661733627319e-02
-1.306937783956527710e-01
3.494552150368690491e-02
6.121171265840530396e-02
-6.718147546052932739e-02
1.624918431043624878e-01
-1.400593519210815430e-01
1.666204929351806641e-01
7.285246998071670532e-02
-1.518491655588150024e-01
1.247186809778213501e-01
1.247672177851200104e-02
2.906227111816406250e-01
6.043545901775360107e-02
-5.381584763526916504e-01
2.125963419675827026e-01
-1.725739613175392151e-02
-7.597127929329872131e-03
3.243576884269714355e-01
9.234935045242309570e-02
