-4.592108130455017090e-01
1.957650929689407349e-01
3.184929117560386658e-02
6.069489289075136185e-03
-1.182506419718265533e-02
-2.246681451797485352e-01
6.095941662788391113e-01
2.208833843469619751e-01
-1.615420281887054443e-01
1.199824959039688110e-01
4.793205857276916504e-01
-3.586032688617706299e-01
-3.051842004060745239e-02
-1.136845052242279053e-01
-2.493252754211425781e-01
7.720819860696792603e-02
1.788664609193801880e-01
1.021740585565567017e-01
2.851633727550506592e-01
-4.541915282607078552e-02
5.752463936805725098e-01
-5.585461854934692383e-02
-1.827845275402069092e-01
9.355048649013042450e-03
-8.482995629310607910e-02
1.601587235927581787e-01
1.332859098911285400e-01
-2.118134200572967529e-01
1.490020751953125000e-01
-5.390540510416030884e-02
1.149195581674575806e-01
2.871016226708889008e-02
4.457306861877441406e-01
1.479871273040771484e-01
5.520024895668029785e-02
-8.251886814832687378e-02
1.124892383813858032e-01
-1.920609325170516968e-01
2.956407889723777771e-02
4.850523918867111206e-02
-3.045742511749267578e-01
-6.377705931663513184e-01
-1.230071485042572021e-01
-3.554528355598449707e-01
2.516713738441467285e-01
-4.041704814881086349e-03
1.829897761344909668e-01
-7.235252857208251953e-02
-3.319501504302024841e-02
-3.974082469940185547e-01
-1.409111320972442627e-01
-9.789378196001052856e-02
5.741868168115615845e-02
-1.577070653438568115e-01
5.184806585311889648e-01
-1.247046738862991333e-01
1.116122901439666748e-01
4.705899953842163086e-02
1.348992437124252319e-01
3.263479843735694885e-02
2.672084607183933258e-02
-3.372576460242271423e-02
-5.994848608970642090e-01
-1.209838464856147766e-01
7.184077799320220947e-02
3.595335641875863075e-03
-7.846480607986450195e-02
-2.683080732822418213e-01
-4.072912782430648804e-02
8.881033211946487427e-02
4.529290795326232910e-01
-3.317620158195495605e-01
-3.848389983177185059e-01
-2.217284217476844788e-02
1.823780238628387451e-01
5.729590356349945068e-02
-1.412493288516998291e-01
1.067140400409698486e-01
-2.465856671333312988e-01
-4.063089191913604736e-01
1.515113115310668945e-01
1.496765017509460449e-01
-2.781345248222351074e-01
1.073277965188026428e-01
1.052896603941917419e-01
2.559064030647277832e-01
-4.117102921009063721e-02
7.656238973140716553e-02
-1.768740639090538025e-02
1.449635028839111328e-01
2.771885395050048828e-01
9.529668092727661133e-02
1.651329994201660156e-01
-1.814990490674972534e-01
6.881996393203735352e-01
5.384283512830734253e-02
2.307579666376113892e-02
-3.273682594299316406e-01
6.490151882171630859e-01
1.209707036614418030e-01
7.343055307865142822e-02
4.225037693977355957e-01
-3.357682228088378906e-01
3.183420896530151367e-01
-3.656718730926513672e-01
-3.549287095665931702e-03
2.478679716587066650e-01
1.090212985873222351e-01
-4.983384162187576294e-02
-2.031591162085533142e-02
5.769989266991615295e-02
-3.159118592739105225e-01
-3.574080467224121094e-01
-1.670263707637786865e-01
1.260638833045959473e-01
-2.144346088171005249e-01
9.431958943605422974e-02
1.401510462164878845e-02
4.668514132499694824e-01
-2.636049389839172363e-01
-8.832623064517974854e-02
2.815620414912700653e-02
-1.280260831117630005e-01
2.325468882918357849e-02
2.603714168071746826e-01
-1.095661818981170654e-01
2.632781863212585449e-01
1.415463238954544067e-01
-4.538701474666595459e-01
-1.155176945030689240e-02
5.778765305876731873e-02
-1.092001646757125854e-01
-1.436212360858917236e-01
-2.182610332965850830e-03
-3.765024542808532715e-01
1.888503320515155792e-03
5.650669336318969727e-01
-1.936853229999542236e-01
-2.156429588794708252e-01
2.113854512572288513e-03
-3.069890141487121582e-01
-1.309941411018371582e-01
3.618731498718261719e-01
6.393217295408248901e-02
-8.807491511106491089e-02
-3.632302582263946533e-01
1.318983733654022217e-01
8.402088284492492676e-02
2.384017854928970337e-01
-1.597340553998947144e-01
3.500372767448425293e-01
-2.512565553188323975e-01
9.785666316747665405e-02
-1.568875014781951904e-01
8.795023709535598755e-02
-5.893418192863464355e-02
-4.785966128110885620e-02
2.257199585437774658e-01
5.005490183830261230e-01
3.850915431976318359e-01
2.453997433185577393e-01
2.568169832229614258e-01
1.550653278827667236e-01
2.692766189575195312e-01
5.165628790855407715e-01
2.792057208716869354e-02
-6.265585422515869141e-01
-2.081378996372222900e-01
-8.319725841283798218e-02
4.286478459835052490e-01
-6.135888397693634033e-02
7.182465493679046631e-02
-7.742360979318618774e-02
1.591750681400299072e-01
2.557338476181030273e-01
1.374168097972869873e-01
2.973190248012542725e-01
2.316646277904510498e-01
-4.221564829349517822e-01
2.501249909400939941e-01
-9.689837694168090820e-02
-4.248531460762023926e-01
5.381647497415542603e-02
1.443038135766983032e-01
-5.264546722173690796e-02
3.945575952529907227e-01
2.053987830877304077e-01
-9.489971213042736053e-03
-1.866754293441772461e-01
4.464933872222900391e-01
-2.824245989322662354e-01
7.416086271405220032e-03
1.040906310081481934e-01
1.997308880090713501e-01
8.131736516952514648e-02
6.363175064325332642e-02
2.641302943229675293e-01
-2.820002436637878418e-01
-1.534888148307800293e-01
-1.109498590230941772e-01
-4.107107818126678467e-01
1.555832028388977051e-01
1.478578448295593262e-01
-5.402064695954322815e-02
1.817226409912109375e-01
1.198590621352195740e-01
-3.489522337913513184e-01
-7.201524078845977783e-02
-1.770740449428558350e-01
3.053094074130058289e-02
2.012710869312286377e-01
-3.003538250923156738e-01
2.894909977912902832e-01
1.706825494766235352e-01
-3.530598804354667664e-02
1.585669070482254028e-01
2.012262120842933655e-02
3.865725398063659668e-01
-9.181106090545654297e-02
2.111711949110031128e-01
-1.661558747291564941e-01
-3.426812589168548584e-03
9.524766355752944946e-04
-3.254171013832092285e-01
1.182395592331886292e-01
-1.485383659601211548e-01
-2.179849147796630859e-01
1.616694629192352295e-01
-1.122990995645523071e-01
-1.287955045700073242e-01
-2.268242239952087402e-01
-1.927206516265869141e-01
3.288512676954269409e-02
-1.142262071371078491e-01
5.934624001383781433e-03
-2.185754179954528809e-01
3.095446527004241943e-01
1.909518055617809296e-02
-1.567726582288742065e-02
9.845964610576629639e-02
-3.265530169010162354e-01
-1.330747902393341064e-01
-2.352882325649261475e-01
3.235048651695251465e-01
-3.436537683010101318e-01
1.735399663448333740e-01
1.764871329069137573e-01
1.801650673151016235e-01
-2.581798732280731201e-01
3.198903501033782959e-01
-8.859908580780029297e-02
2.585018277168273926e-01
-7.941024750471115112e-02
-1.944024115800857544e-01
-5.704625695943832397e-02
1.397243887186050415e-01
-3.312975764274597168e-01
-2.800913453102111816e-01
-3.082414269447326660e-01
-1.087404787540435791e-01
2.477272599935531616e-01
-2.540653571486473083e-02
1.984696649014949799e-02
3.431517481803894043e-01
2.542818784713745117e-01
4.633206427097320557e-01
-5.068856105208396912e-02
8.202923834323883057e-02
-1.441157162189483643e-01
-2.532047331333160400e-01
-1.064016297459602356e-01
-5.493264794349670410e-01
-6.184384822845458984e-01
-3.245335817337036133e-01
3.615124821662902832e-01
-1.702064275741577148e-02
2.312383800745010376e-02
-4.263623952865600586e-01
3.021688461303710938e-01
-3.615458309650421143e-02
3.525837063789367676e-01
-1.478426307439804077e-01
-1.168475896120071411e-01
5.846726149320602417e-02
2.975551038980484009e-02
-2.782936990261077881e-01
2.174280583858489990e-01
2.863029018044471741e-03
-1.658376157283782959e-01
-2.472906559705734253e-01
4.587775468826293945e-02
1.795042604207992554e-01
7.272789478302001953e-01
-8.699434250593185425e-02
1.584163010120391846e-01
-1.218250915408134460e-01
-3.553034365177154541e-01
-4.977061152458190918e-01
-5.974423289299011230e-01
-1.597234904766082764e-01
-1.770316958427429199e-01
-1.816995441913604736e-01
-1.289786398410797119e-01
-7.577352225780487061e-02
-3.488214313983917236e-01
6.887548603117465973e-03
3.189074099063873291e-01
-8.356431126594543457e-02
4.692581295967102051e-01
-4.219879508018493652e-01
-3.818431794643402100e-01
-2.649196386337280273e-01
2.913296520709991455e-01
3.298465609550476074e-01
-4.600993543863296509e-02
1.724117994308471680e-01
-4.417744278907775879e-01
3.940860331058502197e-01
1.844090819358825684e-01
2.124931365251541138e-01
8.911430835723876953e-02
-1.242462545633316040e-01
1.819489710032939911e-02
2.763766646385192871e-01
4.758398532867431641e-01
-3.233531415462493896e-01
-6.811708211898803711e-02
-3.869868516921997070e-01
-1.303492188453674316e-01
-1.729603111743927002e-01
1.576317101716995239e-01
9.782491624355316162e-02
-3.471469283103942871e-01
-1.040241420269012451e-01
-2.819773368537425995e-02
1.767493039369583130e-01
1.028798297047615051e-01
4.150790870189666748e-01
-3.120410442352294922e-01
4.073019027709960938e-01
1.955278962850570679e-01
2.141374200582504272e-01
-2.221833020448684692e-01
-4.920583963394165039e-02
-1.440182328224182129e-01
-2.517098002135753632e-02
9.472189098596572876e-02
1.988603770732879639e-01
-2.457909435033798218e-01
-4.193586111068725586e-01
-1.932391375303268433e-01
5.977137684822082520e-01
-1.559649594128131866e-02
-3.121799230575561523e-01
-2.894924283027648926e-01
3.007142841815948486e-01
1.104975268244743347e-01
-3.391313180327415466e-02
-3.720872402191162109e-01
-9.464062750339508057e-04
7.929773628711700439e-02
-2.878790795803070068e-01
-4.459763169288635254e-01
1.077118813991546631e-01
-1.431865096092224121e-01
-7.135667651891708374e-02
-1.224964298307895660e-02
6.911995261907577515e-02
6.163883954286575317e-02
2.568749189376831055e-01
-1.064113602042198181e-01
1.625251173973083496e-01
9.565079957246780396e-02
-6.272755563259124756e-03
1.529497355222702026e-01
9.349067509174346924e-02
3.686546683311462402e-01
8.022247999906539917e-02
-5.534435510635375977e-01
2.115998119115829468e-01
-5.103372037410736084e-02
3.682208806276321411e-02
3.689309954643249512e-01
4.283558577299118042e-03
