-5.032864809036254883e-01
4.693346619606018066e-01
-1.391748189926147461e-01
-9.478048235177993774e-02
8.975466340780258179e-02
-2.039829492568969727e-01
4.115612506866455078e-01
2.800163924694061279e-01
-4.181733727455139160e-02
2.074610292911529541e-01
2.792491912841796875e-01
-1.652994453907012939e-01
-1.073228567838668823e-01
-1.102915033698081970e-02
2.800439111888408661e-02
1.015533581376075745e-01
2.188589423894882202e-02
2.381607890129089355e-01
1.984761208295822144e-01
-1.823790371417999268e-04
4.114590883255004883e-01
-4.255751147866249084e-03
-2.820996940135955811e-01
1.561377942562103271e-02
6.026806309819221497e-02
-2.271044254302978516e-02
-2.004209458827972412e-01
-1.576577126979827881e-01
-1.321004331111907959e-02
1.266175508499145508e-01
1.034751534461975098e-01
-5.454551428556442261e-02
3.012374937534332275e-01
2.782060392200946808e-02
4.284197986125946045e-01
-1.364142000675201416e-01
7.222703844308853149e-02
-3.404028713703155518e-01
1.693955361843109131e-01
-2.314358204603195190e-02
-1.321385800838470459e-01
-1.984268277883529663e-01
-2.628671526908874512e-01
-2.390629500150680542e-01
5.520796030759811401e-02
-7.671484351158142090e-02
-2.106842026114463806e-02
-2.737965062260627747e-02
6.682526320219039917e-02
-2.383215166628360748e-02
-2.574275434017181396e-01
2.382630296051502228e-02
-5.525597929954528809e-02
-3.124527931213378906e-01
3.316922187805175781e-01
-3.551629185676574707e-01
2.899173274636268616e-02
1.065122932195663452e-01
1.060453578829765320e-01
-5.320448055863380432e-02
-5.262719839811325073e-02
-9.010110050439834595e-03
-4.609946608543395996e-01
-1.231935024261474609e-01
1.164858788251876831e-01
-3.014708682894706726e-02
-1.447833031415939331e-01
-1.958976089954376221e-01
1.831383705139160156e-01
1.425222307443618774e-02
2.006694078445434570e-01
-3.122604191303253174e-01
-1.846264451742172241e-01
3.911954537034034729e-02
5.625420063734054565e-02
2.125402837991714478e-01
6.433879584074020386e-02
3.280155062675476074e-01
-1.575380116701126099e-01
-3.109850287437438965e-01
-2.157337814569473267e-01
5.857940018177032471e-02
-2.331331819295883179e-01
3.958287090063095093e-02
1.243299245834350586e-01
3.339740931987762451e-01
-1.236068550497293472e-02
1.977516412734985352e-01
-2.198740374296903610e-03
-7.940854132175445557e-02
3.077493011951446533e-01
1.001910194754600525e-01
1.624113619327545166e-01
-3.461328148841857910e-01
3.317939341068267822e-01
1.025554835796356201e-01
1.465300023555755615e-01
-3.583694696426391602e-01
-1.242337673902511597e-01
2.749525606632232666e-01
8.209233731031417847e-02
-2.931954264640808105e-01
-3.298338651657104492e-01
2.882272601127624512e-01
-6.413751840591430664e-01
9.260186553001403809e-02
2.114129960536956787e-01
2.204715460538864136e-01
-1.297748237848281860e-01
5.471777915954589844e-02
3.998187836259603500e-03
-2.629067003726959229e-01
-3.538435101509094238e-01
5.350188910961151123e-02
1.232846230268478394e-01
1.110030263662338257e-01
1.699744760990142822e-01
-1.107964813709259033e-01
3.600912690162658691e-01
-3.504893183708190918e-02
-1.514719426631927490e-01
-1.029140055179595947e-01
9.736339747905731201e-02
-6.329588592052459717e-02
-1.350048631429672241e-01
-5.462924391031265259e-02
5.259506106376647949e-01
-3.113557398319244385e-02
-2.745028734207153320e-01
-6.188249960541725159e-02
-6.261885166168212891e-02
1.247599869966506958e-01
-6.289064884185791016e-02
-7.143938541412353516e-02
-9.090967476367950439e-02
1.073559969663619995e-01
3.562889099121093750e-01
-2.983940243721008301e-01
-3.458023369312286377e-01
-1.301947534084320068e-01
-3.027247786521911621e-01
-1.519036591053009033e-01
1.847276985645294189e-01
-2.533431053161621094e-01
3.020629286766052246e-01
-1.197427213191986084e-01
5.235121399164199829e-02
1.332980990409851074e-01
8.992282301187515259e-02
-1.722239255905151367e-01
2.194638848304748535e-01
-1.099777817726135254e-01
2.256524115800857544e-01
4.257630109786987305e-01
7.045881450176239014e-02
-2.166191339492797852e-01
1.932773292064666748e-01
4.036466479301452637e-01
4.732546210289001465e-01
2.451085597276687622e-01
-8.958838880062103271e-02
2.549555003643035889e-01
1.400714367628097534e-01
3.192076683044433594e-01
1.118883937597274780e-01
-1.699503213167190552e-01
-6.242893338203430176e-01
-1.028252989053726196e-01
-1.839563623070716858e-02
4.249706566333770752e-01
-2.575055062770843506e-01
3.680664673447608948e-02
1.872435510158538818e-01
-2.484976686537265778e-02
1.971052289009094238e-01
-4.616301506757736206e-02
4.295817613601684570e-01
1.556249111890792847e-01
-3.149035573005676270e-01
2.591937184333801270e-01
-3.288493454456329346e-01
-6.317818909883499146e-02
1.899240016937255859e-01
-1.142395511269569397e-01
5.952975526452064514e-02
2.191002517938613892e-01
2.678142488002777100e-01
-1.565197296440601349e-02
8.734865486621856689e-02
2.416571080684661865e-01
-1.173286736011505127e-01
8.025311678647994995e-02
-1.660103723406791687e-02
7.613897323608398438e-02
-1.626636981964111328e-01
2.932315468788146973e-01
1.892741322517395020e-01
-6.256530433893203735e-02
3.039872087538242340e-02
-9.848326444625854492e-02
-1.255992949008941650e-01
4.574394226074218750e-01
1.011453419923782349e-01
1.461126506328582764e-01
1.232165768742561340e-01
2.542645037174224854e-01
2.930880710482597351e-02
-1.757957637310028076e-01
3.654357418417930603e-02
-3.898525610566139221e-04
2.119573652744293213e-01
-3.158403933048248291e-01
1.908070147037506104e-01
1.109878644347190857e-01
-9.979944676160812378e-02
2.069282084703445435e-01
7.496823370456695557e-02
1.401484906673431396e-01
-1.666909307241439819e-01
2.672364115715026855e-01
-5.354814603924751282e-02
-6.754122674465179443e-02
-1.526352316141128540e-01
-1.030753105878829956e-01
3.767245113849639893e-01
-1.694135665893554688e-01
-4.253912270069122314e-01
-1.839843094348907471e-01
-2.708589434623718262e-01
-1.244080737233161926e-01
-4.220051765441894531e-01
-1.929570436477661133e-01
1.749430894851684570e-01
3.040874302387237549e-01
4.116738215088844299e-02
-2.741516232490539551e-01
1.864358484745025635e-01
-2.699253149330615997e-02
-3.726162016391754150e-01
-1.634671352803707123e-03
-2.572126090526580811e-01
-1.955789625644683838e-01
-2.843011170625686646e-02
2.242824733257293701e-01
-3.891772925853729248e-01
-2.198440432548522949e-01
3.479226529598236084e-01
8.705167472362518311e-02
-2.688665390014648438e-01
5.240775644779205322e-02
1.547535359859466553e-01
7.909433543682098389e-02
2.609296515583992004e-02
-1.059630811214447021e-01
-2.408722043037414551e-01
7.791592180728912354e-02
-3.609546422958374023e-01
-1.597971618175506592e-01
-2.060399949550628662e-01
-2.278562039136886597e-01
2.706565856933593750e-01
2.541417777538299561e-01
-9.238130599260330200e-02
2.512382268905639648e-01
1.688160002231597900e-01
4.158028364181518555e-01
-7.044479250907897949e-03
2.034622132778167725e-01
8.353156968951225281e-03
-2.067033499479293823e-01
9.707260876893997192e-02
-4.650150239467620850e-01
-2.449433505535125732e-01
-2.553347349166870117e-01
4.471376240253448486e-01
-1.522795557975769043e-01
2.055346965789794922e-01
-5.480479598045349121e-01
8.700731396675109863e-02
-4.121139273047447205e-02
2.038221061229705811e-01
-1.753115095198154449e-02
-2.105576395988464355e-01
3.780376538634300232e-02
-1.539162173867225647e-02
-1.940956413745880127e-01
4.036967456340789795e-02
-2.535694837570190430e-01
-1.141624003648757935e-01
7.079772651195526123e-02
-3.551295399665832520e-02
2.095786333084106445e-01
4.641778767108917236e-02
-2.471283674240112305e-01
1.743783205747604370e-01
-3.338192403316497803e-01
-3.864257037639617920e-02
-1.385857909917831421e-01
-4.197226166725158691e-01
-1.992561072111129761e-01
-8.601258695125579834e-02
-1.582444310188293457e-01
3.382713496685028076e-01
-1.623264998197555542e-01
-3.835425078868865967e-01
-1.012323200702667236e-01
-4.262820631265640259e-02
-3.342515230178833008e-02
3.267880678176879883e-01
-4.453476369380950928e-01
-1.843089312314987183e-01
9.959991089999675751e-03
2.157147377729415894e-01
3.162975609302520752e-01
-7.375471293926239014e-02
2.474787533283233643e-01
-1.490616947412490845e-01
4.385960996150970459e-01
1.769505590200424194e-01
1.759641319513320923e-01
8.051115274429321289e-02
3.957429900765419006e-03
-1.547285318374633789e-01
3.773741126060485840e-01
1.110941320657730103e-01
3.001592308282852173e-02
-2.346622347831726074e-01
-2.571913599967956543e-01
2.925561070442199707e-01
3.257285803556442261e-03
8.545410633087158203e-02
2.072924673557281494e-01
-2.644805908203125000e-01
1.081702951341867447e-02
-1.988697648048400879e-01
2.985695004463195801e-01
5.195621401071548462e-02
1.027140617370605469e-01
-9.341344237327575684e-02
-2.025404386222362518e-02
-1.028592139482498169e-02
-5.396991223096847534e-02
1.605254113674163818e-01
-5.458459630608558655e-02
-3.951857686042785645e-01
-2.457961887121200562e-01
1.044780910015106201e-01
1.644084155559539795e-01
-5.979849956929683685e-03
-2.134350128471851349e-02
-3.555222749710083008e-01
2.785421609878540039e-01
1.780781745910644531e-01
-8.388660848140716553e-02
-2.213773429393768311e-01
1.995679438114166260e-01
-1.731527447700500488e-01
6.513237953186035156e-03
7.437837868928909302e-02
1.251908093690872192e-01
-5.480717867612838745e-02
9.000017493963241577e-02
-3.524070978164672852e-01
-1.219641324132680893e-02
1.645574271678924561e-01
-9.270015358924865723e-02
-4.431284964084625244e-03
1.081908866763114929e-01
-3.053989410400390625e-01
1.192957237362861633e-01
-9.849599003791809082e-02
1.174338012933731079e-01
1.024014875292778015e-01
-4.136825725436210632e-02
-1.294400542974472046e-02
-2.089004218578338623e-02
1.616195440292358398e-01
-9.559115767478942871e-02
-1.394223570823669434e-01
1.931875348091125488e-01
1.175904124975204468e-01
-3.361160755157470703e-01
1.220350861549377441e-01
2.581086158752441406e-01
