-1.791478991508483887e-01
6.453337073326110840e-01
-7.607626914978027344e-02
-3.715110719203948975e-01
-5.179510712623596191e-01
-4.514571726322174072e-01
3.542014062404632568e-01
-3.032800257205963135e-01
2.288297712802886963e-01
-1.519510298967361450e-01
6.775766611099243164e-01
-4.255308508872985840e-01
-1.449289470911026001e-01
-1.288550049066543579e-01
-1.309546977281570435e-01
-4.623009562492370605e-01
-7.723543792963027954e-02
7.531259059906005859e-01
-5.669612064957618713e-02
6.368494778871536255e-02
3.283398151397705078e-01
-4.539563357830047607e-01
6.113171577453613281e-02
-8.563763648271560669e-02
1.657442450523376465e-01
2.571077048778533936e-01
1.866537630558013916e-01
1.833928078413009644e-01
4.439859688282012939e-01
7.353832572698593140e-02
2.110274285078048706e-01
1.180002018809318542e-01
2.483581937849521637e-02
3.056563436985015869e-01
1.426116228103637695e-01
-1.071253418922424316e-01
-8.313989639282226562e-02
-1.617161631584167480e-01
3.507577180862426758e-01
3.565953075885772705e-01
-2.099659740924835205e-01
-1.546158641576766968e-01
-9.466923028230667114e-02
3.621006384491920471e-02
2.512442469596862793e-01
-9.425613284111022949e-02
-1.000408530235290527e-01
1.129009649157524109e-01
-1.578858941793441772e-01
-1.153022944927215576e-01
-3.437099158763885498e-01
-6.744562834501266479e-02
-9.562400728464126587e-02
-4.116744101047515869e-01
3.841532468795776367e-01
-7.834988236427307129e-01
3.546772897243499756e-01
1.343762427568435669e-01
-1.572676599025726318e-01
-2.007692307233810425e-01
1.143443658947944641e-01
7.578624784946441650e-02
-4.208439886569976807e-01
3.116077780723571777e-01
-2.602374553680419922e-01
-2.202291041612625122e-01
-9.494703263044357300e-02
-2.155833095312118530e-01
-2.649749256670475006e-02
2.162405103445053101e-02
3.795927464962005615e-01
2.058925572782754898e-03
-3.577499687671661377e-01
2.114138007164001465e-01
-1.927467882633209229e-01
-3.753051757812500000e-01
3.910825252532958984e-01
4.427649676799774170e-01
-4.813042879104614258e-01
-3.088576197624206543e-01
4.463269412517547607e-01
2.163829803466796875e-01
-9.831763058900833130e-02
1.470978558063507080e-01
1.360518336296081543e-01
1.399496048688888550e-01
-2.084113359451293945e-01
-6.938565522432327271e-02
3.937773108482360840e-01
-1.656838059425354004e-01
-7.260965555906295776e-02
2.357755899429321289e-01
7.295277714729309082e-02
-1.678093373775482178e-01
4.239352047443389893e-01
4.452030360698699951e-02
6.634994596242904663e-02
3.254938498139381409e-02
-8.558245748281478882e-02
1.326666176319122314e-01
2.262661159038543701e-01
-4.824273288249969482e-03
-1.786308139562606812e-01
5.643377304077148438e-01
-8.386121690273284912e-02
-4.520431533455848694e-02
1.057686060667037964e-01
-2.491214424371719360e-01
-5.618496239185333252e-02
-3.926023840904235840e-02
-1.742915213108062744e-01
-3.020590543746948242e-01
-5.546194314956665039e-01
2.763759158551692963e-02
-1.159503534436225891e-01
-3.569975197315216064e-01
2.450122386217117310e-01
-2.168321013450622559e-01
-1.019410640001296997e-01
4.130251407623291016e-01
-2.053207457065582275e-01
-2.011974304914474487e-01
-5.103860497474670410e-01
-4.383316263556480408e-03
1.932157129049301147e-01
3.720817714929580688e-02
1.709843128919601440e-01
1.415133029222488403e-01
-4.448657631874084473e-01
1.349258571863174438e-01
1.658140122890472412e-01
-4.013173282146453857e-02
2.149550467729568481e-01
-5.042614787817001343e-02
-3.751803934574127197e-01
-7.867655903100967407e-02
-1.706181019544601440e-01
-4.513056576251983643e-01
-4.547419846057891846e-01
-5.676217079162597656e-01
-5.497981905937194824e-01
-1.893963813781738281e-01
4.034597277641296387e-01
3.391170501708984375e-01
4.211829900741577148e-01
8.899453282356262207e-02
2.005140185356140137e-01
1.434181034564971924e-01
1.668740063905715942e-01
1.030974648892879486e-02
2.215666174888610840e-01
-1.828968375921249390e-01
3.053842484951019287e-01
-4.540156200528144836e-02
9.410167485475540161e-02
-2.133439034223556519e-01
-1.300682127475738525e-01
3.229206502437591553e-01
-1.118095126003026962e-02
-4.826240614056587219e-02
1.519397050142288208e-01
2.343714833259582520e-01
-2.227539867162704468e-01
3.502943813800811768e-01
3.979199528694152832e-01
1.346636712551116943e-01
-4.843080937862396240e-01
1.093290746212005615e-01
4.690975323319435120e-02
4.159271121025085449e-01
-3.185307979583740234e-02
3.983964025974273682e-01
2.083222717046737671e-01
9.892832487821578979e-02
2.487143129110336304e-02
-3.216474652290344238e-01
2.035550922155380249e-01
1.255185157060623169e-01
-3.333909213542938232e-01
4.607171714305877686e-01
-1.294244378805160522e-01
-5.880330130457878113e-02
8.352825790643692017e-02
2.449822574853897095e-01
9.076941758394241333e-02
3.420161902904510498e-01
-1.787390112876892090e-01
-3.998972475528717041e-02
-3.300789892673492432e-01
-1.968502551317214966e-01
-2.662047147750854492e-01
1.088789477944374084e-02
8.406884968280792236e-02
-2.492787986993789673e-01
-1.271940469741821289e-01
-2.785157859325408936e-01
4.359192550182342529e-01
7.290965318679809570e-02
-2.915539443492889404e-01
-2.048808336257934570e-01
-1.673878431320190430e-01
1.371642574667930603e-02
-1.957209706306457520e-01
1.442670263350009918e-02
1.938977092504501343e-01
-2.561728470027446747e-02
1.529570519924163818e-01
-7.898835092782974243e-02
-2.570293843746185303e-01
4.723368585109710693e-01
2.131006121635437012e-01
1.356235593557357788e-01
-6.527722626924514771e-02
2.602038979530334473e-01
9.206645935773849487e-02
7.495799660682678223e-02
1.639851927757263184e-01
4.173384904861450195e-01
7.835721597075462341e-03
1.800782233476638794e-01
-3.097271919250488281e-01
-4.420681893825531006e-01
1.804223051294684410e-03
-1.493016034364700317e-01
-3.417741656303405762e-01
3.287524282932281494e-01
-2.829158306121826172e-01
3.316877782344818115e-01
-1.623059511184692383e-01
-2.517196834087371826e-01
-4.095506370067596436e-01
-7.172558456659317017e-03
4.618827700614929199e-01
1.664411127567291260e-01
9.771977365016937256e-02
-6.855368018150329590e-01
5.112867355346679688e-01
7.906534522771835327e-02
4.149638116359710693e-02
4.709241390228271484e-01
-1.920796781778335571e-01
3.616814315319061279e-01
-1.831696629524230957e-01
2.852783165872097015e-02
-2.990025281906127930e-01
2.080919593572616577e-01
1.447243541479110718e-01
1.577417403459548950e-01
-3.254297673702239990e-01
2.154763787984848022e-01
3.206285089254379272e-02
4.570600986480712891e-01
-3.410270214080810547e-01
-5.160381272435188293e-02
2.265568375587463379e-01
-3.282304406166076660e-01
-4.104554355144500732e-01
-1.134801879525184631e-01
-1.635432094335556030e-01
1.657707542181015015e-01
3.460681438446044922e-01
1.288152933120727539e-01
-3.441901877522468567e-03
1.759913861751556396e-01
2.215980365872383118e-02
2.809111177921295166e-01
-1.004644855856895447e-01
2.412661164999008179e-01
-1.503942757844924927e-01
-1.530656665563583374e-01
7.707305997610092163e-02
-1.855126321315765381e-01
-2.372974455356597900e-01
-6.682976484298706055e-01
3.984505534172058105e-01
-1.137456595897674561e-01
-1.600998686626553535e-03
-1.760441660881042480e-01
2.701986134052276611e-01
-2.822831273078918457e-01
-1.324242353439331055e-01
-2.249638438224792480e-01
-6.187018752098083496e-01
-1.756169646978378296e-01
2.119850218296051025e-01
-2.921462990343570709e-02
2.084374986588954926e-02
-1.603780686855316162e-01
-1.913564056158065796e-01
-6.798956543207168579e-02
-2.546124719083309174e-02
1.622514724731445312e-01
4.041429758071899414e-01
1.276925206184387207e-01
-2.150391042232513428e-01
-4.266668558120727539e-01
-5.679627060890197754e-01
-4.272582381963729858e-02
-1.996078491210937500e-01
-1.217295676469802856e-01
-3.513470590114593506e-01
1.923594027757644653e-01
2.411846965551376343e-01
2.438394725322723389e-01
-4.429354071617126465e-01
-6.080021858215332031e-01
-6.616506725549697876e-02
5.560994148254394531e-02
6.226666569709777832e-01
-1.212841048836708069e-01
-1.883038580417633057e-01
1.213713437318801880e-01
2.449939399957656860e-01
1.275337785482406616e-01
2.487310469150543213e-01
3.430272042751312256e-01
-1.981872618198394775e-01
1.498229056596755981e-01
-8.326341956853866577e-02
5.998158454895019531e-02
4.483221471309661865e-01
-3.001600205898284912e-01
-4.524498283863067627e-01
-2.094613313674926758e-01
1.809273213148117065e-01
-3.017930090427398682e-01
-1.119267567992210388e-01
-5.759066939353942871e-01
1.937420666217803955e-01
5.237351059913635254e-01
-2.752416133880615234e-01
2.725382447242736816e-01
-3.691785037517547607e-02
-8.676671236753463745e-02
-8.323848992586135864e-02
2.790435552597045898e-01
1.833603978157043457e-01
1.465974301099777222e-01
-6.286596506834030151e-02
-1.330035924911499023e-01
8.933662623167037964e-02
1.924598664045333862e-01
-5.640366673469543457e-02
-8.442659676074981689e-02
-1.757960468530654907e-01
-2.469093352556228638e-01
-1.201795414090156555e-01
1.914072781801223755e-01
-2.686158567667007446e-02
-8.852413296699523926e-02
-2.378924190998077393e-01
5.621051192283630371e-01
-1.656487286090850830e-01
-2.902852892875671387e-01
1.907556951045989990e-01
5.038728192448616028e-02
1.536087840795516968e-01
-1.712289005517959595e-01
3.782314360141754150e-01
4.497796595096588135e-01
1.864935755729675293e-01
1.169465258717536926e-01
1.262488868087530136e-02
2.914853394031524658e-01
1.169423460960388184e-01
1.620553731918334961e-01
2.836690545082092285e-01
-5.238932743668556213e-02
-7.309524714946746826e-02
-4.214219748973846436e-01
-3.650456666946411133e-01
2.989054843783378601e-02
-8.140409737825393677e-02
1.390647441148757935e-01
-1.687511652708053589e-01
-1.119638085365295410e-01
1.769785284996032715e-01
3.748945891857147217e-01
2.136991471052169800e-01
8.532470464706420898e-02
1.120777055621147156e-01
6.984903663396835327e-02
-1.155095100402832031e-01
4.307270348072052002e-01
