-4.758585095405578613e-01
5.570088028907775879e-01
-2.411479204893112183e-01
-1.411722451448440552e-01
-1.019320338964462280e-01
-2.719112038612365723e-01
3.261933326721191406e-01
2.038884907960891724e-01
2.306224107742309570e-01
2.359899729490280151e-01
4.294694066047668457e-01
-3.391297459602355957e-01
-1.348745077848434448e-01
-6.878936290740966797e-02
-4.090384542942047119e-01
-1.399575732648372650e-03
-3.565278276801109314e-02
7.250446826219558716e-02
-9.812454879283905029e-02
3.851865977048873901e-02
2.407199144363403320e-01
-1.075571402907371521e-01
-1.590141355991363525e-01
-1.585336923599243164e-01
1.107123866677284241e-01
1.494221985340118408e-01
-1.698254607617855072e-02
4.733660817146301270e-02
3.599583506584167480e-01
2.999979257583618164e-01
1.838323920965194702e-01
-7.107161730527877808e-02
3.778388798236846924e-01
2.452549487352371216e-01
2.172146886587142944e-01
1.163350641727447510e-01
7.191391289234161377e-02
2.800832502543926239e-02
2.825854420661926270e-01
3.111847043037414551e-01
-2.434407025575637817e-01
-3.379902541637420654e-01
-1.625151783227920532e-01
-1.838738471269607544e-01
1.447224766016006470e-01
2.901045382022857666e-01
-1.558300703763961792e-01
1.363827288150787354e-01
-2.266335040330886841e-01
-1.700180321931838989e-01
-2.418241053819656372e-01
9.732605516910552979e-02
-2.584357559680938721e-01
6.642266642302274704e-03
5.065508484840393066e-01
-2.508808076381683350e-01
1.219572797417640686e-01
2.098460197448730469e-01
-1.118905693292617798e-01
2.463375218212604523e-03
3.373974263668060303e-01
-1.479161251336336136e-02
-8.826295137405395508e-01
2.976769395172595978e-02
1.086679100990295410e-01
-6.257303804159164429e-02
-1.208743751049041748e-01
-2.195208966732025146e-01
5.847908183932304382e-02
2.720895111560821533e-01
4.880649149417877197e-01
-2.104375213384628296e-01
-1.807614117860794067e-01
-1.241655871272087097e-01
1.586762666702270508e-01
-1.436320096254348755e-01
-2.401260137557983398e-01
1.372260004281997681e-01
-1.113003343343734741e-01
-3.804940581321716309e-01
3.047637343406677246e-01
2.758862078189849854e-01
-8.689485490322113037e-02
8.921267837285995483e-02
5.744689702987670898e-02
3.137818276882171631e-01
7.178881019353866577e-02
1.910236179828643799e-01
2.384258955717086792e-01
-7.707670331001281738e-02
4.841969311237335205e-01
-1.765603274106979370e-01
3.051277697086334229e-01
5.951079726219177246e-02
6.310045123100280762e-01
3.886674642562866211e-01
-2.090290561318397522e-02
-7.350123673677444458e-02
2.602593302726745605e-01
-5.956769362092018127e-02
8.867991715669631958e-02
2.017807811498641968e-01
-2.355680614709854126e-01
1.392685472965240479e-01
-3.971879184246063232e-01
-2.243619263172149658e-01
3.065423965454101562e-01
1.406546980142593384e-01
-1.037471368908882141e-01
5.198189988732337952e-02
-3.082873821258544922e-01
-1.582544744014739990e-01
-3.341662287712097168e-01
-1.355827450752258301e-01
1.073240935802459717e-01
-5.954219028353691101e-02
2.738487124443054199e-01
-3.362367451190948486e-01
2.185943573713302612e-01
-1.376764476299285889e-01
-7.714777719229459763e-03
8.221353590488433838e-02
-3.193243741989135742e-01
-1.061637848615646362e-01
1.345795691013336182e-01
3.685428993776440620e-03
2.905905842781066895e-01
1.919406950473785400e-01
-2.595840692520141602e-01
3.501508384943008423e-02
1.638491898775100708e-01
-4.063665121793746948e-02
-1.184894293546676636e-01
1.921968311071395874e-01
-6.552321463823318481e-02
-2.912464439868927002e-01
2.689207196235656738e-01
-8.773244172334671021e-02
-1.071118786931037903e-01
-1.163238808512687683e-01
-3.775096237659454346e-01
-2.931474447250366211e-01
1.181068271398544312e-01
1.061202809214591980e-01
-1.989198662340641022e-02
-3.351508080959320068e-02
-2.450663130730390549e-03
1.927896887063980103e-01
3.047150969505310059e-01
-1.541184037923812866e-01
-6.024622172117233276e-02
-3.784293532371520996e-01
1.333608478307723999e-01
6.297541409730911255e-02
2.541870772838592529e-01
-1.144088730216026306e-01
-8.109850436449050903e-02
2.726703286170959473e-01
4.438851177692413330e-01
9.160836040973663330e-02
-1.009262055158615112e-01
-1.757405325770378113e-02
-1.541040372103452682e-02
3.122579455375671387e-01
2.544974386692047119e-01
1.492336019873619080e-02
-3.803514242172241211e-01
-2.117867916822433472e-01
-8.463386446237564087e-02
5.171183943748474121e-01
1.298829913139343262e-01
-3.242279216647148132e-02
7.342077046632766724e-02
1.724284440279006958e-01
-3.393419086933135986e-03
-1.267559826374053955e-01
2.433885335922241211e-01
2.001785300672054291e-02
-2.543239295482635498e-01
2.534452676773071289e-01
6.262281537055969238e-02
-2.648126184940338135e-01
1.606955975294113159e-01
4.437086172401905060e-03
3.340290486812591553e-01
1.572733223438262939e-01
3.759299218654632568e-02
2.249261587858200073e-01
-3.603203892707824707e-01
1.844827234745025635e-01
-4.987816214561462402e-01
6.240856274962425232e-02
2.826401889324188232e-01
-7.047670334577560425e-02
-3.401207029819488525e-01
-4.374272003769874573e-02
8.943276852369308472e-02
-1.981504708528518677e-01
-2.694058716297149658e-01
-1.157088652253150940e-01
-2.901029288768768311e-01
3.658493757247924805e-01
-2.872138842940330505e-02
-3.534276485443115234e-01
1.703455001115798950e-01
3.268595635890960693e-01
-5.370432734489440918e-01
-1.699278652667999268e-01
-9.031618386507034302e-02
2.704307734966278076e-01
6.898364424705505371e-02
-1.117967590689659119e-01
5.379276722669601440e-02
3.289744630455970764e-02
-9.983171708881855011e-03
1.677905321121215820e-01
-2.764398977160453796e-02
4.230014085769653320e-01
-5.140625312924385071e-02
1.035808995366096497e-01
-1.794808059930801392e-01
-7.617408782243728638e-02
-6.711895763874053955e-02
-2.554963529109954834e-01
-2.521857321262359619e-01
7.712743431329727173e-02
-4.683499336242675781e-01
-9.809840470552444458e-02
1.209099590778350830e-02
2.482071705162525177e-02
-2.914195656776428223e-01
-2.607437074184417725e-01
3.886118903756141663e-02
-1.421145349740982056e-01
2.911759018898010254e-01
-1.473164558410644531e-01
1.869814842939376831e-01
1.374170035123825073e-01
-1.244431138038635254e-01
3.558148443698883057e-01
-3.666625618934631348e-01
-2.331626266241073608e-01
-1.171766594052314758e-01
4.031904041767120361e-01
-2.206980995833873749e-02
9.194052778184413910e-03
7.381488382816314697e-02
2.347799390554428101e-01
-2.723796069622039795e-01
1.836089640855789185e-01
-1.989840865135192871e-01
7.476207613945007324e-02
-4.505248274654150009e-03
-8.898369967937469482e-02
-1.298959255218505859e-01
-1.350585967302322388e-01
-3.797327578067779541e-01
1.951122134923934937e-01
-4.101940095424652100e-01
-2.000459283590316772e-01
3.005979061126708984e-01
-3.578682616353034973e-02
-1.983626484870910645e-01
2.683746516704559326e-01
6.845630407333374023e-01
2.414997071027755737e-01
1.418275386095046997e-01
8.211667090654373169e-02
9.364536404609680176e-02
-1.338166445493698120e-01
-2.531298696994781494e-01
-6.435195803642272949e-01
-2.388146966695785522e-01
-2.799360156059265137e-01
1.859571635723114014e-01
-1.606847643852233887e-01
6.284673511981964111e-02
-3.645272254943847656e-01
1.246829405426979065e-01
1.686471551656723022e-01
2.317864894866943359e-01
-2.711420655250549316e-01
-1.459929347038269043e-01
1.163182184100151062e-01
1.496235281229019165e-01
2.241663075983524323e-02
1.465742290019989014e-02
2.257856279611587524e-01
-2.648061811923980713e-01
-3.761386126279830933e-02
-1.755052059888839722e-01
2.358937114477157593e-01
5.125981569290161133e-01
-3.682651221752166748e-01
-1.145497784018516541e-01
-4.573044180870056152e-02
-1.990236639976501465e-01
-3.989765048027038574e-01
-2.504090964794158936e-01
-4.052503108978271484e-01
-1.900212913751602173e-01
-4.928880371153354645e-04
4.601005837321281433e-02
1.857201606035232544e-01
-6.597615778446197510e-02
-3.632745472714304924e-03
1.285514682531356812e-01
-7.542450726032257080e-02
2.999337315559387207e-01
-3.556895256042480469e-01
2.075126022100448608e-02
-1.405797600746154785e-01
-5.119406431913375854e-02
5.995036289095878601e-02
-3.836129605770111084e-02
2.728419601917266846e-01
-3.020549714565277100e-01
2.221599221229553223e-01
3.269369602203369141e-01
2.743796706199645996e-01
-6.414323300123214722e-02
-3.248283267021179199e-01
-6.381398439407348633e-02
8.971322327852249146e-03
6.806056201457977295e-02
-5.158200263977050781e-01
-3.376961648464202881e-01
-3.138144016265869141e-01
-2.137864083051681519e-01
1.690293252468109131e-01
-4.498074948787689209e-02
1.328466087579727173e-01
-3.959701657295227051e-01
2.173758894205093384e-01
-1.186900511384010315e-01
-3.538460284471511841e-02
1.321983188390731812e-01
2.706743478775024414e-01
-1.366957426071166992e-01
3.186131268739700317e-02
3.051267862319946289e-01
4.915469139814376831e-02
2.073034085333347321e-02
-1.065490469336509705e-01
-2.248119264841079712e-01
2.057173997163772583e-01
-8.952109515666961670e-02
1.002004463225603104e-02
8.728204295039176941e-03
8.817910403013229370e-02
5.626359209418296814e-02
5.113179087638854980e-01
7.257150858640670776e-02
-1.225420460104942322e-01
-2.599688768386840820e-01
9.918364137411117554e-02
-1.929178833961486816e-01
8.172046393156051636e-02
-3.863602876663208008e-01
-8.252482861280441284e-02
1.132353991270065308e-01
1.538023501634597778e-01
-3.570970296859741211e-01
3.773252367973327637e-01
8.624061942100524902e-02
-1.073600202798843384e-01
-7.911201566457748413e-02
-1.274159848690032959e-01
2.749905586242675781e-01
-7.254742830991744995e-02
-1.254292577505111694e-01
-3.362218616530299187e-03
2.972583472728729248e-01
-1.679554134607315063e-01
5.560577288269996643e-02
2.313013672828674316e-01
2.426643967628479004e-01
-6.488611549139022827e-02
-2.948629260063171387e-01
3.711593151092529297e-02
1.497106701135635376e-01
-1.522333174943923950e-01
1.083462163805961609e-01
4.282355308532714844e-01
