-1.040217056870460510e-01
-2.776273153722286224e-02
6.507090479135513306e-02
-1.395970582962036133e-01
-3.126277327537536621e-01
4.134706035256385803e-02
6.496441364288330078e-01
-2.857721745967864990e-01
1.128052920103073120e-01
3.744600415229797363e-01
6.550661325454711914e-01
-3.978615701198577881e-01
9.229911863803863525e-02
3.219785913825035095e-02
-2.617941237986087799e-02
6.576707959175109863e-02
-1.468235701322555542e-01
2.664060592651367188e-01
-2.201633900403976440e-01
4.103534519672393799e-01
2.914910614490509033e-01
-4.880951251834630966e-03
-1.788906455039978027e-01
-6.883894652128219604e-02
5.773001164197921753e-02
1.427485942840576172e-01
-3.070116341114044189e-01
-3.450844585895538330e-01
4.278750345110893250e-02
-7.936943322420120239e-02
3.198558688163757324e-01
2.576894760131835938e-01
4.121943414211273193e-01
1.613924466073513031e-02
5.923031568527221680e-01
2.950558960437774658e-01
6.663046777248382568e-02
1.315703243017196655e-01
3.827632069587707520e-01
3.549009934067726135e-02
-3.139770030975341797e-02
-4.597521126270294189e-01
-7.981903851032257080e-02
-3.969128727912902832e-01
-6.655266135931015015e-02
-1.809034943580627441e-01
7.028246670961380005e-02
-3.826794773340225220e-02
7.257572561502456665e-02
-7.082392275333404541e-02
-6.635104417800903320e-01
-1.697472482919692993e-01
-2.169411778450012207e-01
5.667314305901527405e-02
3.557653427124023438e-01
-3.738988339900970459e-01
2.546778917312622070e-01
4.378908276557922363e-01
-4.173369612544775009e-03
1.619557291269302368e-02
-1.941245496273040771e-01
6.255150586366653442e-02
-6.725651621818542480e-01
-8.755224943161010742e-02
-3.085179487243294716e-03
-1.240726187825202942e-02
-9.755912423133850098e-02
-3.031954765319824219e-01
2.367905974388122559e-01
2.544121146202087402e-01
3.235348761081695557e-01
-5.965911597013473511e-02
-3.696490526199340820e-01
-9.973575919866561890e-02
-1.402203142642974854e-01
7.038651406764984131e-02
1.568484902381896973e-01
5.645397584885358810e-03
-6.725422292947769165e-02
-4.856424331665039062e-01
-9.598009288311004639e-02
3.834883496165275574e-02
-8.409617841243743896e-02
4.743208885192871094e-01
-3.093894124031066895e-01
2.278851717710494995e-01
-1.197125688195228577e-01
2.412272803485393524e-02
2.879921197891235352e-01
5.575367063283920288e-02
-1.176207363605499268e-01
-8.548106066882610321e-03
2.510544955730438232e-01
-2.807963490486145020e-01
2.361338287591934204e-01
-3.180626407265663147e-02
1.096029132604598999e-01
-5.623766183853149414e-01
-8.482289314270019531e-02
2.172686904668807983e-01
-1.853631436824798584e-01
-2.486465126276016235e-02
2.737750299274921417e-02
4.565564095973968506e-01
-2.483920753002166748e-01
-4.579299390316009521e-01
1.717242002487182617e-01
-1.871560364961624146e-01
3.794645424932241440e-03
1.544664055109024048e-01
-2.993411123752593994e-01
-3.730009496212005615e-01
-4.663808345794677734e-01
-1.345647871494293213e-01
-1.917547360062599182e-02
2.189469784498214722e-01
4.909960627555847168e-01
-1.951151937246322632e-01
-1.786440759897232056e-01
-1.198687627911567688e-01
8.021546155214309692e-02
1.318840384483337402e-01
1.664005070924758911e-01
-1.466155797243118286e-02
-2.003646641969680786e-01
-6.538785994052886963e-02
3.661601841449737549e-01
2.526434957981109619e-01
-8.799479156732559204e-02
-8.384009823203086853e-03
1.406698524951934814e-01
6.020051985979080200e-02
-2.640143334865570068e-01
2.760329246520996094e-01
-9.732593595981597900e-02
2.764913737773895264e-01
3.070179820060729980e-01
-6.122902631759643555e-01
-1.750411689281463623e-01
-4.933331365464255214e-05
-1.226961463689804077e-01
1.533370018005371094e-01
-1.557527482509613037e-01
5.425384268164634705e-02
2.897593975067138672e-01
1.607381403446197510e-01
1.982163786888122559e-01
-8.250963687896728516e-02
-4.103804007172584534e-02
4.533364176750183105e-01
-1.212607994675636292e-01
-4.164137840270996094e-01
4.629520177841186523e-01
-1.989606618881225586e-01
2.491338551044464111e-01
-3.129066228866577148e-01
-1.579323261976242065e-01
2.970240414142608643e-01
8.653280138969421387e-01
4.258825257420539856e-02
-2.657360136508941650e-01
-1.765654236078262329e-02
3.102678954601287842e-01
1.524287313222885132e-01
2.571807801723480225e-01
-3.798314034938812256e-01
-3.391423821449279785e-01
-8.695545792579650879e-02
-1.659617722034454346e-01
2.074935883283615112e-01
-1.773623228073120117e-01
1.598055362701416016e-01
1.200337335467338562e-01
-1.942091621458530426e-02
2.800661623477935791e-01
1.119120642542839050e-01
5.996660143136978149e-02
-2.340831421315670013e-02
1.371341105550527573e-02
2.820366621017456055e-01
3.977017104625701904e-01
-7.770175486803054810e-02
-1.779152005910873413e-01
-1.636752337217330933e-01
-1.569847464561462402e-01
1.140744239091873169e-01
-1.567999571561813354e-01
-1.537273824214935303e-01
4.231263697147369385e-01
-2.080717682838439941e-01
-3.687934577465057373e-01
-9.007330238819122314e-02
1.247567534446716309e-01
-1.783102899789810181e-01
4.891924560070037842e-02
2.271144241094589233e-01
2.667617797851562500e-01
-2.718138098716735840e-01
-2.400441616773605347e-01
-8.362521231174468994e-02
-3.318029046058654785e-01
4.459084868431091309e-01
2.626862525939941406e-01
-1.769171208143234253e-01
2.079389803111553192e-02
3.412472084164619446e-02
8.458132296800613403e-02
8.470782637596130371e-02
1.054123044013977051e-01
2.694560289382934570e-01
-1.098209396004676819e-01
-3.302987217903137207e-01
-2.615061700344085693e-01
8.054940029978752136e-03
-1.158305704593658447e-01
-1.912084072828292847e-01
1.489862203598022461e-01
8.634898811578750610e-02
-2.370936125516891479e-01
-9.045258909463882446e-02
-4.135568439960479736e-01
-3.886811435222625732e-02
-8.623044937849044800e-02
-2.250540107488632202e-01
-9.440662711858749390e-02
-7.920215278863906860e-02
-4.920808970928192139e-01
-3.330600634217262268e-02
-9.176680445671081543e-02
4.683838412165641785e-02
-1.810526400804519653e-01
-1.414990276098251343e-01
-9.381348267197608948e-03
3.943756520748138428e-01
1.542739570140838623e-01
-2.514491379261016846e-01
-9.044168144464492798e-02
-1.308358907699584961e-01
-4.184460043907165527e-01
-6.074105575680732727e-02
-1.868387907743453979e-01
-4.484194517135620117e-02
-4.117907956242561340e-02
1.554907411336898804e-01
-3.951902687549591064e-01
6.992153078317642212e-02
1.064823791384696960e-01
-3.589071035385131836e-01
-1.875386238098144531e-01
1.654535830020904541e-01
1.510309427976608276e-01
-8.949023485183715820e-02
-3.658708930015563965e-01
1.240871697664260864e-01
2.647723555564880371e-01
2.879007458686828613e-01
-7.764052748680114746e-01
-3.696428537368774414e-01
-1.136075630784034729e-01
-2.182933501899242401e-02
-3.421857655048370361e-01
-2.090624868869781494e-01
-3.433307409286499023e-01
6.046660244464874268e-02
4.322741553187370300e-02
1.942000836133956909e-01
4.848269522190093994e-01
2.815513312816619873e-01
1.523299962282180786e-01
-1.778281927108764648e-01
5.786783993244171143e-02
-4.788806438446044922e-01
3.226325660943984985e-02
2.303902804851531982e-02
1.143944635987281799e-01
6.501020397990942001e-03
-7.746779918670654297e-02
-2.593256831169128418e-01
3.370113670825958252e-01
1.150023490190505981e-01
5.035588890314102173e-02
-1.831355690956115723e-01
-2.862063646316528320e-01
1.608986407518386841e-02
-5.394529923796653748e-02
-9.539148956537246704e-02
1.653517633676528931e-01
3.743070363998413086e-01
1.997131403186358511e-05
2.728556096553802490e-01
-3.492005169391632080e-02
2.879409193992614746e-01
5.266807675361633301e-01
-6.093623042106628418e-01
6.939701735973358154e-02
-5.051454305648803711e-01
-1.332007199525833130e-01
-1.215846836566925049e-01
-1.926414668560028076e-01
-1.035084351897239685e-01
1.889975816011428833e-01
-3.708796501159667969e-01
3.098125942051410675e-02
1.432887045666575432e-03
2.744603753089904785e-01
-4.292154312133789062e-01
2.489248067140579224e-01
-1.975927054882049561e-01
3.269585967063903809e-02
-3.927762210369110107e-01
1.234704926609992981e-01
-8.638684451580047607e-02
4.783339425921440125e-02
7.570940256118774414e-02
-2.268929034471511841e-01
-8.382054045796394348e-03
-3.219921290874481201e-01
8.615902811288833618e-02
2.375285178422927856e-01
4.632169008255004883e-01
3.091304302215576172e-01
2.456437200307846069e-01
-1.677692234516143799e-01
1.001855805516242981e-01
5.295718088746070862e-02
-3.469567894935607910e-01
-2.880983054637908936e-01
-1.760978810489177704e-02
-1.608002185821533203e-01
-2.795363776385784149e-02
-4.792734682559967041e-01
-8.740614168345928192e-03
-9.047632664442062378e-02
-7.605139911174774170e-02
1.673592627048492432e-01
1.145886778831481934e-01
1.082967519760131836e-01
-2.835802733898162842e-03
-2.894129157066345215e-01
6.826891005039215088e-02
3.800981342792510986e-01
2.497828193008899689e-02
1.611348539590835571e-01
-2.829709276556968689e-02
-4.119181632995605469e-01
-5.956667661666870117e-02
1.696795076131820679e-01
4.837190732359886169e-03
-1.079722419381141663e-01
3.961150348186492920e-01
4.166878461837768555e-01
7.941564321517944336e-01
-3.690088167786598206e-03
-3.243570327758789062e-01
-3.789536654949188232e-01
3.206323385238647461e-01
-2.528750896453857422e-01
-2.263431698083877563e-01
8.815360069274902344e-02
5.021512880921363831e-02
4.220316708087921143e-01
7.814710587263107300e-02
-4.188646376132965088e-02
3.866115510463714600e-01
4.344748556613922119e-01
1.390383541584014893e-01
5.042197182774543762e-02
2.720031738281250000e-01
7.516819983720779419e-02
1.217931658029556274e-01
-7.559226453304290771e-02
3.238888680934906006e-01
3.498728871345520020e-01
-1.412354409694671631e-01
-2.054813504219055176e-01
-1.366294547915458679e-02
5.089133381843566895e-01
-3.252895176410675049e-02
-4.924183189868927002e-01
7.439416646957397461e-02
2.997997403144836426e-01
-4.366092383861541748e-02
4.244322776794433594e-01
1.158534735441207886e-01
