-1.449887361377477646e-02
1.568453311920166016e-01
-5.620391573756933212e-03
-2.762961387634277344e-01
-6.291783601045608521e-02
-1.474610269069671631e-01
1.230937540531158447e-01
4.341731965541839600e-02
-5.762982368469238281e-02
1.820069551467895508e-01
4.902644157409667969e-01
-2.274024784564971924e-01
-4.169099032878875732e-01
-4.577413201332092285e-02
-2.069100141525268555e-01
2.252188976854085922e-03
2.291462868452072144e-01
3.925148844718933105e-01
3.299652040004730225e-01
1.016390398144721985e-01
3.479278683662414551e-01
1.901730149984359741e-01
-2.111937403678894043e-01
-2.147716581821441650e-01
-2.663839980959892273e-02
1.347521245479583740e-01
-1.074256151914596558e-01
-3.006257489323616028e-02
2.692929804325103760e-01
-2.713137269020080566e-01
3.478610515594482422e-01
3.663951754570007324e-01
1.101378910243511200e-02
1.160502508282661438e-01
1.325696408748626709e-01
1.701199561357498169e-01
-1.668926179409027100e-01
-2.674902677536010742e-01
7.453413307666778564e-02
2.711145877838134766e-01
7.538655307143926620e-03
-5.655417963862419128e-02
-2.159134149551391602e-01
-1.276410818099975586e-01
6.417324766516685486e-03
-1.453272998332977295e-01
-1.169331073760986328e-01
-6.111750751733779907e-02
6.557012349367141724e-02
6.674369424581527710e-02
-9.782180935144424438e-02
-5.455220490694046021e-02
1.170515343546867371e-01
-2.375704944133758545e-01
6.945865601301193237e-02
-3.439552485942840576e-01
-1.359214186668395996e-01
2.871217727661132812e-01
-1.596859097480773926e-01
5.037019029259681702e-02
-1.625342071056365967e-01
2.669057063758373260e-02
-4.914430379867553711e-01
-3.249998018145561218e-02
2.156341373920440674e-01
4.356656968593597412e-02
-3.139274716377258301e-01
-4.037163555622100830e-01
1.879583299160003662e-01
1.000391319394111633e-02
2.580986618995666504e-01
-1.066056340932846069e-01
1.632792055606842041e-01
-7.356470823287963867e-02
2.124160975217819214e-01
1.317949444055557251e-01
-7.843860983848571777e-02
4.383386969566345215e-01
-4.411547631025314331e-02
-3.956000506877899170e-01
1.740626990795135498e-01
3.763834536075592041e-01
-2.786846160888671875e-01
-6.133659929037094116e-02
1.410240083932876587e-01
1.447889506816864014e-01
2.172936871647834778e-02
3.343399763107299805e-01
5.310150608420372009e-02
-6.584703922271728516e-02
3.155428171157836914e-01
2.195150256156921387e-01
-3.050047904253005981e-02
-2.468077540397644043e-01
6.385402083396911621e-01
2.256283313035964966e-01
1.784666776657104492e-01
-1.503613293170928955e-01
3.795695677399635315e-02
8.227573335170745850e-02
4.319351539015769958e-02
-9.481227397918701172e-02
-4.212049245834350586e-01
4.115339219570159912e-01
-4.179760217666625977e-01
-1.357169598340988159e-01
-1.575478725135326385e-02
-9.450206905603408813e-02
5.343146249651908875e-02
1.492940932512283325e-01
-1.443773061037063599e-01
2.884139120578765869e-02
-4.602200388908386230e-01
-2.480767965316772461e-01
-1.768952906131744385e-01
-4.551216959953308105e-02
5.208199843764305115e-02
-3.136278986930847168e-01
2.315843850374221802e-01
-2.434161603450775146e-01
-3.402886539697647095e-02
-2.573328316211700439e-01
-1.243849545717239380e-01
5.452016741037368774e-02
7.248805463314056396e-02
7.828451693058013916e-02
1.080028265714645386e-01
4.076305776834487915e-04
-2.651912868022918701e-01
1.113035008311271667e-01
6.065082922577857971e-02
-4.186198487877845764e-02
4.664795100688934326e-02
-2.932419478893280029e-01
-1.544594019651412964e-01
-1.401497721672058105e-01
2.017546892166137695e-01
-5.224841237068176270e-01
-4.836500287055969238e-01
-4.151564538478851318e-01
-2.255593389272689819e-01
-1.402229815721511841e-01
1.527129709720611572e-01
1.677011847496032715e-01
1.329963803291320801e-01
-1.216153576970100403e-01
2.294392883777618408e-01
-1.796347349882125854e-01
3.621419519186019897e-02
1.741077750921249390e-03
-2.504554092884063721e-01
-2.845670580863952637e-01
9.425846487283706665e-02
2.285780906677246094e-01
3.037055432796478271e-01
-1.040065288543701172e-01
-3.889313340187072754e-01
2.336239069700241089e-02
3.594759702682495117e-01
-5.953442305326461792e-02
8.385714888572692871e-02
2.270469367504119873e-01
1.137711033225059509e-01
4.355581104755401611e-01
1.315120328217744827e-02
8.447455614805221558e-02
-4.812472164630889893e-01
-7.785717397928237915e-02
1.182180549949407578e-02
1.649892628192901611e-01
-1.038903966546058655e-01
7.288379967212677002e-02
1.169260963797569275e-01
3.569752722978591919e-02
1.295442283153533936e-01
-3.989210352301597595e-03
5.101208686828613281e-01
1.298747360706329346e-01
-1.092808097600936890e-01
5.881314724683761597e-02
-6.772343069314956665e-02
-3.908486068248748779e-01
7.882164418697357178e-02
1.163059771060943604e-01
-1.365502029657363892e-01
7.855689525604248047e-02
-3.576028347015380859e-01
-3.771525621414184570e-02
-2.029823884367942810e-02
1.998187601566314697e-02
-3.431007862091064453e-01
2.218660712242126465e-01
-1.401653736829757690e-01
-7.560913264751434326e-02
-1.188979297876358032e-01
7.361292373389005661e-03
2.385061681270599365e-01
1.524250060319900513e-01
-2.219579368829727173e-01
-2.684974670410156250e-02
-1.966131329536437988e-01
2.199696451425552368e-01
3.420565649867057800e-02
-6.616222113370895386e-02
1.417495906352996826e-01
3.507640957832336426e-01
-7.497808337211608887e-02
1.116475164890289307e-01
4.104593396186828613e-02
1.944975554943084717e-01
9.453088790178298950e-02
1.570858210325241089e-01
2.980653643608093262e-01
-1.536815315485000610e-01
-7.626333087682723999e-02
3.772720098495483398e-01
-1.999078691005706787e-02
2.863821983337402344e-01
6.721092760562896729e-02
7.501299679279327393e-02
-2.551952600479125977e-01
-1.431578546762466431e-01
1.106797978281974792e-01
-6.401738524436950684e-02
6.310512125492095947e-02
1.711547970771789551e-01
-8.856627345085144043e-02
2.993314266204833984e-01
-2.544144093990325928e-01
1.616559922695159912e-02
-3.965225443243980408e-02
1.453655660152435303e-01
2.449225485324859619e-01
2.304438650608062744e-01
9.996565431356430054e-02
-2.518250346183776855e-01
1.563785076141357422e-01
-1.413780152797698975e-01
-1.602463126182556152e-01
1.368161439895629883e-01
-4.967129826545715332e-01
1.780367344617843628e-01
-8.988896012306213379e-02
4.574500769376754761e-02
-7.883346825838088989e-02
2.797148525714874268e-01
2.791876196861267090e-01
-3.028359264135360718e-02
-3.803718686103820801e-01
-1.148543357849121094e-01
1.469993442296981812e-01
-1.200956292450428009e-02
7.613998651504516602e-02
-3.345420360565185547e-01
1.913127005100250244e-01
-1.247835084795951843e-01
-6.505982279777526855e-01
-1.301351189613342285e-01
-2.171668112277984619e-01
-1.765085011720657349e-01
4.413608610630035400e-01
2.733260989189147949e-01
-3.317368626594543457e-01
5.165166258811950684e-01
1.910157799720764160e-01
2.079536020755767822e-01
-6.701707094907760620e-02
4.460745304822921753e-02
-1.789157837629318237e-01
-4.550110399723052979e-01
2.672025859355926514e-01
-4.309144020080566406e-01
2.065077796578407288e-02
-1.190433800220489502e-01
1.868817210197448730e-01
-1.166123002767562866e-01
1.458695530891418457e-01
-2.943127453327178955e-01
2.727891206741333008e-01
2.629660069942474365e-01
1.303324699401855469e-01
-2.232784032821655273e-01
-3.339826464653015137e-01
2.173547148704528809e-01
3.093901574611663818e-01
-9.617394208908081055e-02
1.329404562711715698e-01
-7.981771230697631836e-02
-2.181240320205688477e-01
2.051956579089164734e-02
5.741941276937723160e-03
2.116173207759857178e-01
5.615925788879394531e-02
1.202183812856674194e-01
2.054227590560913086e-01
-4.504036307334899902e-01
-1.279977709054946899e-01
-1.383780241012573242e-01
5.954283289611339569e-03
-4.714067578315734863e-01
-1.645108610391616821e-01
-3.658595681190490723e-02
1.690432131290435791e-01
-2.857204154133796692e-02
-7.529447972774505615e-02
-4.093103110790252686e-01
-1.508020609617233276e-01
1.359874308109283447e-01
4.029144048690795898e-01
-2.248326689004898071e-01
-2.238287776708602905e-02
-1.780602335929870605e-01
6.906105205416679382e-03
1.144785284996032715e-01
4.291226342320442200e-02
2.784279286861419678e-01
-5.529060363769531250e-01
1.566299200057983398e-01
-1.798134297132492065e-01
2.865280807018280029e-01
8.453391492366790771e-02
-1.243651658296585083e-01
-5.508049130439758301e-01
6.933362782001495361e-02
1.552124321460723877e-01
1.011744439601898193e-01
-1.468311846256256104e-01
-2.280070632696151733e-01
-2.250855267047882080e-01
2.696748375892639160e-01
-1.472510099411010742e-01
3.718419075012207031e-01
-5.153841972351074219e-01
-1.962063610553741455e-01
-2.380720525979995728e-02
-5.277834832668304443e-02
2.510867454111576080e-02
3.034173250198364258e-01
-4.298419877886772156e-02
-8.276712149381637573e-02
-8.769436180591583252e-02
-2.514614537358283997e-02
-4.760796204209327698e-03
2.314465120434761047e-02
-1.388750039041042328e-03
-1.721344292163848877e-01
2.431437373161315918e-01
6.121443510055541992e-01
4.829687476158142090e-01
2.547009848058223724e-02
-2.367178723216056824e-02
2.884191870689392090e-01
-5.923635326325893402e-04
-2.069300115108489990e-01
-2.761917710304260254e-01
9.838731586933135986e-02
-6.690466776490211487e-03
1.073454990983009338e-01
2.475449442863464355e-01
3.846682906150817871e-01
1.308421641588211060e-01
3.560802713036537170e-02
-8.883468061685562134e-02
1.293720155954360962e-01
3.645532950758934021e-02
-2.508388273417949677e-02
-4.936458542943000793e-02
-2.379669807851314545e-02
2.029251158237457275e-01
-4.267610609531402588e-02
-5.732675641775131226e-02
6.678670644760131836e-02
1.133490353822708130e-01
-1.212113648653030396e-01
-2.400556653738021851e-01
9.531275928020477295e-02
2.553826868534088135e-01
-2.050693035125732422e-01
-4.412918537855148315e-02
-3.276471048593521118e-02
-7.812548428773880005e-02
-2.599321901798248291e-01
2.909595966339111328e-01
3.034026324748992920e-01
