-4.349608719348907471e-01
2.581063508987426758e-01
4.060661420226097107e-03
-1.050368603318929672e-02
-1.495567522943019867e-02
-2.720990777015686035e-01
5.677424669265747070e-01
1.359257102012634277e-01
-1.902284175157546997e-01
1.165382564067840576e-01
5.620971322059631348e-01
-2.416527569293975830e-01
-1.170564293861389160e-01
-5.355078727006912231e-02
-1.298989951610565186e-01
6.014528498053550720e-02
2.316995710134506226e-01
1.252071261405944824e-01
1.330660581588745117e-01
8.511590771377086639e-03
6.405448913574218750e-01
-1.197838410735130310e-01
-9.666893631219863892e-02
-9.458064101636409760e-03
-6.109261512756347656e-02
1.132248938083648682e-01
1.286753118038177490e-01
-2.276723980903625488e-01
2.194500416517257690e-01
-2.037624455988407135e-02
9.250578284263610840e-02
-9.926240891218185425e-04
4.095031321048736572e-01
3.793328627943992615e-02
3.764135390520095825e-02
-6.833857297897338867e-02
6.418799608945846558e-02
-9.245249629020690918e-02
-1.605850644409656525e-03
1.575940847396850586e-02
-2.872221767902374268e-01
-6.234601736068725586e-01
-1.852111220359802246e-01
-4.188339710235595703e-01
1.391840875148773193e-01
-1.660778671503067017e-01
1.284533441066741943e-01
1.865755580365657806e-02
-3.496267646551132202e-02
-4.261833429336547852e-01
-1.742751449346542358e-01
-2.629346027970314026e-02
9.304803609848022461e-02
-1.982770860195159912e-01
4.490806460380554199e-01
-1.332041025161743164e-01
2.154336497187614441e-02
1.011394560337066650e-01
1.907257921993732452e-02
-5.545443296432495117e-02
1.467514596879482269e-02
-4.878661036491394043e-02
-6.937711834907531738e-01
-1.335697770118713379e-01
1.173328608274459839e-01
-6.092728301882743835e-02
-5.397281795740127563e-02
-2.481032609939575195e-01
4.002483189105987549e-02
1.671354472637176514e-01
4.750972390174865723e-01
-3.363592028617858887e-01
-4.072987735271453857e-01
8.145134150981903076e-02
2.056475430727005005e-01
3.992910683155059814e-02
4.957698658108711243e-02
8.348841220140457153e-02
-1.484724730253219604e-01
-3.704939782619476318e-01
2.883824706077575684e-01
1.019949391484260559e-01
-2.533553838729858398e-01
2.030776999890804291e-02
9.485012851655483246e-03
2.406479418277740479e-01
-7.328088581562042236e-02
8.157864958047866821e-02
3.758981823921203613e-02
-1.779039017856121063e-02
2.690097093582153320e-01
1.424734592437744141e-01
7.401804625988006592e-02
-2.887201905250549316e-01
6.999504566192626953e-01
1.576925814151763916e-02
-2.499467320740222931e-02
-2.039105892181396484e-01
5.257006287574768066e-01
5.347676947712898254e-02
1.900762021541595459e-01
3.491260409355163574e-01
-3.832401335239410400e-01
3.241473734378814697e-01
-2.566830217838287354e-01
-7.451243698596954346e-02
2.666574120521545410e-01
1.544487923383712769e-01
4.023936763405799866e-02
-3.357332944869995117e-02
8.232000470161437988e-02
-2.593228816986083984e-01
-4.327628016471862793e-01
-1.109825819730758667e-01
1.404385417699813843e-01
-1.676786839962005615e-01
1.714837253093719482e-01
4.608122259378433228e-02
4.704406261444091797e-01
-3.408904671669006348e-01
-4.328889772295951843e-02
-2.356124855577945709e-02
-1.651472598314285278e-01
-1.782702654600143433e-02
2.920494675636291504e-01
-4.443274438381195068e-02
2.181843072175979614e-01
1.716796308755874634e-01
-3.449679315090179443e-01
-3.494525700807571411e-02
6.036697328090667725e-02
-8.386992663145065308e-02
-1.498880237340927124e-01
1.089739799499511719e-01
-3.592904508113861084e-01
5.442030727863311768e-03
5.102922916412353516e-01
-1.879483759403228760e-01
-2.622412443161010742e-01
-2.073748409748077393e-02
-2.919843792915344238e-01
-1.279305964708328247e-01
3.261777758598327637e-01
9.362889081239700317e-02
-6.098048388957977295e-02
-2.711108028888702393e-01
1.416114419698715210e-01
3.706669062376022339e-02
2.921259701251983643e-01
-1.478585749864578247e-01
2.793077528476715088e-01
-2.202048301696777344e-01
3.042562864720821381e-02
-1.495402604341506958e-01
1.426897495985031128e-01
-1.007814109325408936e-01
-9.792648255825042725e-02
1.745628863573074341e-01
3.981477022171020508e-01
3.511155247688293457e-01
2.820479273796081543e-01
2.932041287422180176e-01
1.588928848505020142e-01
3.463457226753234863e-01
5.586377978324890137e-01
5.857143178582191467e-02
-5.768138766288757324e-01
-2.516441047191619873e-01
-1.049530059099197388e-01
4.631277024745941162e-01
-1.849910803139209747e-02
8.469922840595245361e-02
-4.643529281020164490e-02
7.742522656917572021e-02
2.473147958517074585e-01
1.290972083806991577e-01
2.595951259136199951e-01
2.776370048522949219e-01
-3.212220072746276855e-01
2.041272521018981934e-01
-1.222204715013504028e-01
-3.779555857181549072e-01
8.067464828491210938e-02
9.815751761198043823e-02
-1.093830820173025131e-02
3.657895028591156006e-01
2.728330492973327637e-01
-3.935518115758895874e-02
-7.170887291431427002e-02
3.675230145454406738e-01
-2.913162112236022949e-01
-8.915026485919952393e-02
9.258674085140228271e-02
1.711778193712234497e-01
9.081982076168060303e-02
6.250046938657760620e-02
1.708148121833801270e-01
-2.584575414657592773e-01
-1.973986625671386719e-01
-1.997706443071365356e-01
-4.808609485626220703e-01
1.593370735645294189e-01
2.471251487731933594e-01
2.138134092092514038e-02
2.256926596164703369e-01
1.210281327366828918e-01
-2.172723412513732910e-01
-1.768048107624053955e-01
-1.879674494266510010e-01
4.135931283235549927e-02
1.945285946130752563e-01
-2.705073952674865723e-01
1.920994222164154053e-01
1.398224383592605591e-01
-7.581730931997299194e-02
2.015593051910400391e-01
-3.203836083412170410e-02
4.052508473396301270e-01
-1.925092190504074097e-02
2.746389806270599365e-01
-2.254704385995864868e-01
-7.493926584720611572e-02
2.022232487797737122e-02
-3.322924971580505371e-01
9.384134411811828613e-02
-5.625346302986145020e-02
-1.758756637573242188e-01
1.034302935004234314e-01
-8.893315494060516357e-02
-1.628752946853637695e-01
-2.133953869342803955e-01
-1.868948936462402344e-01
1.279394030570983887e-01
-5.042590945959091187e-02
1.964699104428291321e-02
-2.700666785240173340e-01
4.162719547748565674e-01
5.388542637228965759e-02
-7.587831467390060425e-02
7.663907110691070557e-02
-3.142654895782470703e-01
-7.952112704515457153e-02
-1.749767661094665527e-01
2.073804587125778198e-01
-4.252568185329437256e-01
2.937139272689819336e-01
2.249222993850708008e-01
2.440281361341476440e-01
-2.650524973869323730e-01
2.628406882286071777e-01
3.211632370948791504e-03
2.244238853454589844e-01
-2.150017768144607544e-03
-2.470135241746902466e-01
-1.042629033327102661e-01
1.525723040103912354e-01
-2.770263850688934326e-01
-2.825208604335784912e-01
-2.799046933650970459e-01
-9.531998634338378906e-02
3.175196945667266846e-01
6.315307691693305969e-04
1.454895548522472382e-02
2.378738671541213989e-01
1.858006119728088379e-01
4.670335948467254639e-01
-8.580487966537475586e-02
1.760595589876174927e-01
-7.235164195299148560e-02
-3.421654105186462402e-01
-1.241867095232009888e-01
-5.210075974464416504e-01
-6.865494251251220703e-01
-3.053019642829895020e-01
2.578260898590087891e-01
-3.187524527311325073e-02
1.027367189526557922e-01
-4.638962149620056152e-01
2.100131958723068237e-01
2.224921807646751404e-02
3.374899029731750488e-01
-9.395229071378707886e-02
-1.180725693702697754e-01
9.726591408252716064e-02
5.426936969161033630e-02
-2.912585735321044922e-01
2.107920050621032715e-01
-7.049770653247833252e-02
-3.156138211488723755e-02
-1.647429615259170532e-01
3.930002823472023010e-02
1.557694077491760254e-01
6.852355599403381348e-01
-6.761936936527490616e-03
2.093034684658050537e-01
-6.591941416263580322e-02
-4.438328444957733154e-01
-5.316326618194580078e-01
-4.742079973220825195e-01
-5.903723463416099548e-02
-2.621357738971710205e-01
-1.697628498077392578e-01
-1.431935429573059082e-01
-1.078098192811012268e-01
-2.687186896800994873e-01
-6.284116208553314209e-02
2.516893744468688965e-01
-7.254998385906219482e-02
4.071356654167175293e-01
-3.891803026199340820e-01
-3.263233602046966553e-01
-2.545683085918426514e-01
1.682170182466506958e-01
3.776309192180633545e-01
-1.340395398437976837e-02
1.287190318107604980e-01
-4.168511927127838135e-01
4.908095896244049072e-01
9.931558370590209961e-02
2.053954452276229858e-01
8.742243051528930664e-02
-9.075866639614105225e-02
-2.061395905911922455e-02
1.733838468790054321e-01
3.894922733306884766e-01
-1.075151413679122925e-01
-5.127170681953430176e-02
-3.510019183158874512e-01
-6.127159669995307922e-02
-8.927235007286071777e-02
1.185552328824996948e-01
1.446531862020492554e-01
-3.056864142417907715e-01
-9.418382495641708374e-02
7.109134458005428314e-03
2.366592735052108765e-01
5.606826767325401306e-02
3.763070106506347656e-01
-2.972616255283355713e-01
3.974348306655883789e-01
2.908799350261688232e-01
2.332710623741149902e-01
-3.055905103683471680e-01
6.164934486150741577e-03
-5.505049973726272583e-02
-2.393843233585357666e-02
6.049830839037895203e-02
3.457798957824707031e-01
-1.575792431831359863e-01
-4.344875514507293701e-01
-2.716133892536163330e-01
5.108007192611694336e-01
-5.700029432773590088e-02
-2.068286836147308350e-01
-3.319364190101623535e-01
2.793061733245849609e-01
4.837509989738464355e-02
-4.383709281682968140e-02
-3.821255266666412354e-01
-1.018740236759185791e-01
8.120921999216079712e-02
-2.712486684322357178e-01
-4.676705598831176758e-01
1.516822576522827148e-01
-1.155255734920501709e-01
-9.857773780822753906e-02
-9.892461821436882019e-04
6.302081048488616943e-02
1.722373627126216888e-02
2.061852812767028809e-01
-1.589464843273162842e-01
1.174139678478240967e-01
5.916157737374305725e-02
-8.605217933654785156e-02
1.482086330652236938e-01
-3.272454440593719482e-02
2.946173846721649170e-01
8.326286822557449341e-02
-5.214679241180419922e-01
1.864914149045944214e-01
-1.392696425318717957e-02
1.405261643230915070e-02
3.952502608299255371e-01
7.348255068063735962e-02
