-1.741891652345657349e-01
3.378744721412658691e-01
-1.461966633796691895e-01
-2.219067960977554321e-01
-3.159406036138534546e-02
-3.557172417640686035e-02
2.148492634296417236e-01
-2.688451483845710754e-02
5.225594341754913330e-02
2.372724711894989014e-01
1.896277964115142822e-01
-7.918487489223480225e-02
-1.179763674736022949e-01
6.000265851616859436e-02
-7.525588572025299072e-02
-1.776645481586456299e-01
3.521437570452690125e-02
2.900451123714447021e-01
1.212479695677757263e-01
1.731942594051361084e-01
4.514021575450897217e-01
-1.094702780246734619e-01
-1.784777343273162842e-01
-1.964707672595977783e-01
4.389456473290920258e-03
-2.091932296752929688e-01
-4.961685463786125183e-02
-2.896726727485656738e-01
4.613010212779045105e-02
9.898717701435089111e-02
9.090498834848403931e-02
9.073659777641296387e-03
-1.416130363941192627e-02
-3.794563561677932739e-02
3.054890930652618408e-01
-9.214293956756591797e-02
-4.908497631549835205e-02
-2.061772048473358154e-01
2.194050997495651245e-01
2.753740549087524414e-01
2.214394137263298035e-02
-1.242982819676399231e-01
-2.715564966201782227e-01
-9.421106427907943726e-02
-1.241922900080680847e-01
-1.928398609161376953e-01
3.960710018873214722e-02
-1.727630496025085449e-01
-5.988865718245506287e-02
1.793303489685058594e-01
-4.426338672637939453e-01
-4.001372959464788437e-03
7.154811918735504150e-02
-2.622686028480529785e-01
-7.311952859163284302e-02
-5.484545230865478516e-01
5.523006245493888855e-02
2.292553931474685669e-01
-1.648973673582077026e-01
-7.692115753889083862e-02
1.319954842329025269e-01
6.284687668085098267e-02
-3.450542688369750977e-01
5.173365026712417603e-02
1.770762205123901367e-01
-8.471420407295227051e-02
-3.680663928389549255e-02
-2.042874395847320557e-01
1.714369654655456543e-01
-2.709415853023529053e-01
3.480125665664672852e-01
-3.240566849708557129e-01
-1.667327880859375000e-01
4.077306948602199554e-04
-1.311465501785278320e-01
-9.814421832561492920e-02
-2.511875331401824951e-02
4.789134562015533447e-01
3.886396437883377075e-02
-3.666304349899291992e-01
1.985230743885040283e-01
4.350895881652832031e-01
-1.186172887682914734e-01
2.135164141654968262e-01
8.979870378971099854e-02
3.066883683204650879e-01
8.201454579830169678e-02
2.541340589523315430e-01
2.912334799766540527e-01
-1.081958711147308350e-01
3.007946610450744629e-01
7.468000054359436035e-02
4.347767829895019531e-01
-2.202451229095458984e-01
3.797454833984375000e-01
1.608457863330841064e-01
1.328996419906616211e-01
-6.161254271864891052e-02
-1.784575879573822021e-01
1.851311326026916504e-01
-3.745348006486892700e-02
-1.274511590600013733e-02
-3.717614114284515381e-01
2.590369880199432373e-01
-1.907122433185577393e-01
2.018718123435974121e-01
-5.121529102325439453e-05
-3.094650506973266602e-01
-1.758216768503189087e-01
9.347411245107650757e-02
1.296012662351131439e-02
-8.445710688829421997e-02
-3.328756690025329590e-01
-1.493890583515167236e-01
7.209766656160354614e-03
3.688386082649230957e-02
8.300191909074783325e-02
-1.671536266803741455e-02
2.612057328224182129e-01
-1.190107613801956177e-01
-1.872864365577697754e-02
-2.451956570148468018e-01
-8.056842535734176636e-02
6.500779092311859131e-02
5.059707164764404297e-02
2.270157933235168457e-01
1.535794734954833984e-01
1.590331792831420898e-01
-1.978265345096588135e-01
-2.448111027479171753e-02
8.192761242389678955e-02
2.938406169414520264e-02
-2.008719444274902344e-01
3.197309374809265137e-02
-1.369971036911010742e-01
-1.071668639779090881e-01
2.072132974863052368e-01
-3.757304251194000244e-01
-4.193787276744842529e-01
-1.714664399623870850e-01
-8.237723261117935181e-02
-8.357411623001098633e-02
1.603049039840698242e-01
3.280397132039070129e-02
2.669713795185089111e-01
1.106416359543800354e-01
6.944844871759414673e-02
6.971940398216247559e-02
1.251097023487091064e-01
-9.171136468648910522e-02
2.300442606210708618e-01
-1.334693431854248047e-01
3.023067116737365723e-01
2.636277079582214355e-01
-6.976699829101562500e-02
-2.565866708755493164e-01
8.536972850561141968e-02
2.010003328323364258e-01
5.349215269088745117e-01
2.040296420454978943e-02
-5.008749663829803467e-02
4.384455680847167969e-01
1.435933858156204224e-01
3.475183844566345215e-01
2.988047152757644653e-02
1.480975374579429626e-02
-5.559490323066711426e-01
-1.550010293722152710e-01
2.566258236765861511e-02
2.952589392662048340e-01
7.352742552757263184e-02
1.061822772026062012e-01
7.351581752300262451e-02
-1.515038013458251953e-01
-1.093104928731918335e-01
-1.535187363624572754e-01
1.144753620028495789e-01
1.505702137947082520e-01
-6.746990978717803955e-02
2.810192704200744629e-01
-3.728166818618774414e-01
-2.400010079145431519e-02
3.712991019710898399e-03
-1.998729109764099121e-01
-1.676666438579559326e-01
9.243036806583404541e-02
-5.391864851117134094e-02
-1.428198516368865967e-01
1.838287338614463806e-03
5.914210155606269836e-02
-8.980609476566314697e-02
1.762155443429946899e-01
1.244039982557296753e-01
-7.085806690156459808e-03
-2.052027434110641479e-01
1.102808490395545959e-01
5.023872256278991699e-01
-3.022303581237792969e-01
1.020306348800659180e-01
-1.462157666683197021e-01
-3.394785523414611816e-01
3.017532527446746826e-01
-5.557136237621307373e-02
-5.435155704617500305e-02
2.681468129158020020e-01
1.606475114822387695e-01
1.704050898551940918e-01
-2.339991629123687744e-01
1.065972819924354553e-01
1.411091238260269165e-01
1.358475089073181152e-01
-1.306820809841156006e-01
6.103504449129104614e-02
2.018905058503150940e-02
1.037442982196807861e-01
1.903231590986251831e-01
1.209511831402778625e-01
2.112605124711990356e-01
-1.708613708615303040e-02
1.709402650594711304e-01
-1.526666283607482910e-01
-7.186857983469963074e-04
3.623473644256591797e-02
-2.908798865973949432e-03
1.931215077638626099e-01
-1.149391978979110718e-01
-3.631711006164550781e-01
-2.045843005180358887e-01
-3.769520819187164307e-01
-1.105129942297935486e-01
-2.933080792427062988e-01
-3.344887495040893555e-01
1.784233450889587402e-01
9.620637446641921997e-02
-7.081016153097152710e-02
-3.783325552940368652e-01
5.742682218551635742e-01
1.943350285291671753e-01
-6.725843995809555054e-02
1.775319725275039673e-01
-8.947499096393585205e-02
-4.121696576476097107e-02
-1.416797339916229248e-01
4.989118129014968872e-02
-4.613150954246520996e-01
-9.171445667743682861e-02
5.322069674730300903e-02
1.570813804864883423e-01
-4.126902222633361816e-01
-8.675552904605865479e-02
2.471497952938079834e-01
-1.597365140914916992e-01
-1.827243566513061523e-01
-2.013593167066574097e-01
-1.496897339820861816e-01
1.203197687864303589e-01
-6.573700308799743652e-01
7.178273797035217285e-02
-6.117262318730354309e-02
9.986621141433715820e-02
3.853966891765594482e-01
-3.472156077623367310e-02
-1.417289078235626221e-01
1.905410587787628174e-01
4.180508255958557129e-01
2.803102135658264160e-01
-3.531227260828018188e-02
1.088019758462905884e-01
-7.234826683998107910e-02
-3.161684870719909668e-01
-4.235164821147918701e-02
-3.359020054340362549e-01
-1.059133782982826233e-01
-2.493760883808135986e-01
3.213285803794860840e-01
-2.187947034835815430e-01
2.613197267055511475e-01
-3.725055456161499023e-01
1.262362003326416016e-01
-2.326563000679016113e-02
7.791910320520401001e-02
-1.634888648986816406e-01
-1.433662474155426025e-01
1.664712727069854736e-01
2.022584974765777588e-01
-1.204289495944976807e-01
-2.926036715507507324e-01
-2.968689799308776855e-01
-6.133963912725448608e-02
1.266139149665832520e-01
-2.019435167312622070e-01
1.742271333932876587e-01
1.965010166168212891e-01
-2.983179092407226562e-01
4.212594926357269287e-01
-3.942555189132690430e-01
-3.510918617248535156e-01
-9.261318296194076538e-02
-2.750402092933654785e-01
-3.247997164726257324e-01
7.626124471426010132e-02
-7.528994977474212646e-02
3.052585124969482422e-01
-8.729290217161178589e-03
-2.451499104499816895e-01
-2.695179581642150879e-01
2.108786851167678833e-01
3.468771278858184814e-02
2.019624114036560059e-01
1.379400864243507385e-02
4.242773354053497314e-02
-2.301357686519622803e-01
7.392556220293045044e-02
1.434942036867141724e-01
-5.516785383224487305e-02
1.040733754634857178e-01
-3.243635594844818115e-01
8.995489031076431274e-02
3.424468040466308594e-01
3.155750930309295654e-01
3.491251468658447266e-01
-1.510135531425476074e-01
-3.318470120429992676e-01
3.105727732181549072e-01
1.227131709456443787e-01
-3.781234025955200195e-01
-4.129539728164672852e-01
-2.634445428848266602e-01
7.122480124235153198e-02
2.829170785844326019e-03
-8.420042693614959717e-02
1.884139180183410645e-01
1.326203644275665283e-01
-6.388439983129501343e-02
1.313710063695907593e-01
1.997884213924407959e-01
1.192856952548027039e-02
8.601157367229461670e-02
-2.106439471244812012e-01
1.167767569422721863e-01
8.651497960090637207e-02
-2.792608179152011871e-02
2.091729044914245605e-01
-1.111031472682952881e-01
-4.333061873912811279e-01
-2.195834219455718994e-01
3.851669728755950928e-01
1.388926655054092407e-01
-4.502201080322265625e-02
5.391925573348999023e-03
-1.916904896497726440e-01
3.722227811813354492e-01
-1.670919656753540039e-01
-2.144671231508255005e-01
3.615761175751686096e-02
1.456121206283569336e-01
1.457878351211547852e-01
-1.409936845302581787e-01
7.362410426139831543e-02
4.071717336773872375e-02
7.692538201808929443e-03
2.616277933120727539e-01
-1.566070169210433960e-01
9.585672616958618164e-02
4.301899373531341553e-01
-1.373488605022430420e-01
5.774983763694763184e-02
-1.169292777776718140e-01
1.415562331676483154e-01
-1.748036444187164307e-01
-2.288038432598114014e-01
2.150958180427551270e-01
1.999476850032806396e-01
-7.176598906517028809e-02
-1.366864144802093506e-01
3.714437596499919891e-03
2.585109174251556396e-01
1.689348518848419189e-01
-2.496375441551208496e-01
2.897615171968936920e-02
-1.179583370685577393e-01
-2.305284142494201660e-01
6.293029338121414185e-02
2.336598634719848633e-01
