-4.638858437538146973e-01
2.134518474340438843e-01
-1.440632902085781097e-02
8.142736554145812988e-02
4.086541756987571716e-02
-2.169353365898132324e-01
5.687740445137023926e-01
1.861183047294616699e-01
-1.525433957576751709e-01
1.220075637102127075e-01
4.859011173248291016e-01
-3.813990950584411621e-01
-9.997139126062393188e-02
-7.592644542455673218e-02
-2.393993139266967773e-01
2.974969521164894104e-02
1.803889572620391846e-01
5.017051100730895996e-02
2.207712382078170776e-01
5.002864822745323181e-02
6.962040066719055176e-01
-1.282594949007034302e-01
-1.950479745864868164e-01
2.088492549955844879e-02
-6.842833757400512695e-02
2.050259411334991455e-01
1.460189521312713623e-01
-2.313320785760879517e-01
1.780399084091186523e-01
-5.103423073887825012e-02
9.210095554590225220e-02
-4.690864309668540955e-02
4.139516353607177734e-01
1.120175570249557495e-01
2.461245283484458923e-02
-1.325352191925048828e-01
8.611806482076644897e-02
-1.295482516288757324e-01
1.485790032893419266e-02
-3.840861842036247253e-02
-2.684521079063415527e-01
-6.271610260009765625e-01
-1.775454580783843994e-01
-3.317475914955139160e-01
2.611804008483886719e-01
1.463102828711271286e-02
2.109696567058563232e-01
-1.335133425891399384e-02
-3.287101536989212036e-02
-4.104629456996917725e-01
-1.184611618518829346e-01
-7.999968528747558594e-02
5.323292315006256104e-02
-1.707524061203002930e-01
4.470818340778350830e-01
-1.700251996517181396e-01
8.355402201414108276e-02
-3.227721899747848511e-02
1.729196906089782715e-01
1.427336223423480988e-02
1.817300915718078613e-03
-2.013878896832466125e-02
-6.307158470153808594e-01
-1.332140564918518066e-01
2.863931097090244293e-02
-6.370031088590621948e-02
-6.649014353752136230e-02
-2.117725014686584473e-01
-1.254061236977577209e-02
1.176977530121803284e-01
5.072586536407470703e-01
-3.291801214218139648e-01
-3.603313565254211426e-01
3.109959140419960022e-02
1.840966194868087769e-01
1.943308711051940918e-01
-5.522510409355163574e-02
1.296449303627014160e-01
-1.942990571260452271e-01
-3.408133685588836670e-01
2.367152273654937744e-01
2.066953331232070923e-01
-2.248970121145248413e-01
6.484828889369964600e-02
1.665665507316589355e-01
2.944103777408599854e-01
-4.560948908329010010e-02
6.311957538127899170e-02
-2.213813737034797668e-02
1.270797289907932281e-02
2.998448014259338379e-01
1.060373932123184204e-01
1.790496855974197388e-01
-1.866906285285949707e-01
5.973010063171386719e-01
2.360348775982856750e-02
-5.273561924695968628e-02
-3.118115067481994629e-01
6.666923761367797852e-01
1.196136772632598877e-01
1.209296882152557373e-01
4.032083153724670410e-01
-3.884813785552978516e-01
3.502360284328460693e-01
-3.181606531143188477e-01
2.769527956843376160e-02
2.375228106975555420e-01
1.328290998935699463e-01
-9.028834104537963867e-02
-2.244784310460090637e-02
8.173130452632904053e-02
-3.550472855567932129e-01
-4.626182019710540771e-01
-1.097804158926010132e-01
2.023979723453521729e-01
-1.584617793560028076e-01
1.133359223604202271e-01
8.943581581115722656e-02
4.635630846023559570e-01
-2.646564543247222900e-01
-1.383682191371917725e-01
-9.728089906275272369e-03
-1.607721149921417236e-01
-4.544518515467643738e-02
3.258877992630004883e-01
-8.723780512809753418e-02
3.356230854988098145e-01
1.383051276206970215e-01
-4.033059477806091309e-01
-7.721044123172760010e-02
1.862332597374916077e-02
-6.124288588762283325e-02
-1.791928112506866455e-01
7.224282622337341309e-02
-3.807543516159057617e-01
3.351121023297309875e-02
5.783338546752929688e-01
-1.553184092044830322e-01
-2.423653006553649902e-01
4.896385222673416138e-02
-2.353900521993637085e-01
-7.281883060932159424e-02
3.268856406211853027e-01
2.496531605720520020e-02
-4.197926074266433716e-02
-3.554060459136962891e-01
1.360166072845458984e-01
5.559989064931869507e-02
3.050231337547302246e-01
-1.914561688899993896e-01
4.414703249931335449e-01
-2.592585086822509766e-01
7.409481704235076904e-02
-9.641964733600616455e-02
4.315518215298652649e-02
-1.248960420489311218e-01
-9.505191445350646973e-02
1.813634335994720459e-01
4.239122867584228516e-01
3.981834053993225098e-01
3.114810585975646973e-01
2.665472626686096191e-01
2.073833048343658447e-01
3.424008488655090332e-01
5.656949877738952637e-01
4.728419333696365356e-02
-6.678014993667602539e-01
-2.120966613292694092e-01
-1.002085208892822266e-01
4.397810697555541992e-01
-2.986123785376548767e-02
1.357815563678741455e-01
-4.032232612371444702e-02
1.738208383321762085e-01
1.995020359754562378e-01
1.211437061429023743e-01
2.636242508888244629e-01
2.252940684556961060e-01
-4.487759768962860107e-01
2.499832212924957275e-01
-2.517656683921813965e-01
-4.574035406112670898e-01
-2.560669556260108948e-02
1.098450496792793274e-01
-3.000151179730892181e-02
4.255472421646118164e-01
2.738204896450042725e-01
-7.327282428741455078e-02
-2.081188410520553589e-01
4.422709941864013672e-01
-2.222643345594406128e-01
-1.569055020809173584e-02
8.713716268539428711e-02
2.366001009941101074e-01
6.651417911052703857e-02
1.200155913829803467e-01
1.916751563549041748e-01
-2.988724708557128906e-01
-1.864783763885498047e-01
-1.653135716915130615e-01
-4.551394581794738770e-01
1.746578365564346313e-01
1.795226335525512695e-01
4.309742525219917297e-02
1.937671303749084473e-01
8.381618559360504150e-02
-3.157883882522583008e-01
-1.710301190614700317e-01
-3.402907252311706543e-01
1.301242783665657043e-02
2.692144513130187988e-01
-2.553133368492126465e-01
2.705757319927215576e-01
1.368854343891143799e-01
-3.909738734364509583e-02
1.965425014495849609e-01
4.118118435144424438e-02
3.976920545101165771e-01
-5.834207683801651001e-02
2.923160493373870850e-01
-1.613192260265350342e-01
-6.363952159881591797e-02
4.851232096552848816e-02
-3.090281486511230469e-01
1.477430909872055054e-01
-9.615568816661834717e-02
-1.506639719009399414e-01
9.755842387676239014e-02
-9.254060685634613037e-02
-1.275717914104461670e-01
-3.144139349460601807e-01
-1.349074542522430420e-01
5.490895360708236694e-02
-6.830073893070220947e-02
-5.684764683246612549e-02
-2.538651227951049805e-01
4.064139127731323242e-01
5.951524525880813599e-02
2.178029716014862061e-02
8.627986162900924683e-02
-2.795363068580627441e-01
-1.965823173522949219e-01
-1.520616412162780762e-01
3.420321345329284668e-01
-4.143773019313812256e-01
1.975640803575515747e-01
2.094039469957351685e-01
2.037019431591033936e-01
-2.455523014068603516e-01
2.721732258796691895e-01
-7.473254203796386719e-02
2.316863536834716797e-01
-2.930835075676441193e-02
-1.863553375005722046e-01
-1.217707097530364990e-01
1.340490728616714478e-01
-2.929947674274444580e-01
-2.531375885009765625e-01
-2.510043382644653320e-01
-1.326774954795837402e-01
3.233018517494201660e-01
4.579922184348106384e-03
8.646737039089202881e-02
2.974933385848999023e-01
2.469637989997863770e-01
4.868988990783691406e-01
-8.873292803764343262e-02
1.343721747398376465e-01
-1.026538461446762085e-01
-2.992946803569793701e-01
-1.156206727027893066e-01
-4.871471524238586426e-01
-6.888891458511352539e-01
-3.622834980487823486e-01
3.134082555770874023e-01
-1.032676249742507935e-01
-1.594465784728527069e-02
-4.421548247337341309e-01
2.608208656311035156e-01
-9.240312874317169189e-02
3.612765073776245117e-01
-1.731305867433547974e-01
-1.556173563003540039e-01
1.086562797427177429e-01
4.098746180534362793e-02
-3.186641335487365723e-01
1.916904747486114502e-01
-6.927943229675292969e-02
-1.452001929283142090e-01
-2.460362762212753296e-01
2.989524975419044495e-02
1.777826547622680664e-01
7.100250720977783203e-01
-3.531884402036666870e-02
1.840041726827621460e-01
-1.242847591638565063e-01
-4.338175058364868164e-01
-5.372442603111267090e-01
-5.537081956863403320e-01
-9.663082659244537354e-02
-2.041938900947570801e-01
-1.570380181074142456e-01
-1.477013528347015381e-01
-8.691710233688354492e-02
-3.479461073875427246e-01
-4.806433990597724915e-02
2.809999585151672363e-01
-8.712770044803619385e-02
4.820787310600280762e-01
-3.617179393768310547e-01
-3.884092569351196289e-01
-2.910445332527160645e-01
2.768831849098205566e-01
3.672109544277191162e-01
-2.219498716294765472e-02
1.657817959785461426e-01
-3.900566101074218750e-01
3.476984798908233643e-01
1.346791684627532959e-01
2.556037306785583496e-01
1.304033547639846802e-01
-4.856381937861442566e-02
1.107250750064849854e-01
2.877823710441589355e-01
3.594997525215148926e-01
-2.701582014560699463e-01
-8.186653256416320801e-02
-3.416330218315124512e-01
-6.393401324748992920e-02
-9.935647994279861450e-02
1.621837913990020752e-01
8.782130479812622070e-02
-2.972793579101562500e-01
-1.466919332742691040e-01
-5.859561264514923096e-03
2.430487126111984253e-01
7.900394499301910400e-02
4.053024351596832275e-01
-2.934637069702148438e-01
4.215229749679565430e-01
2.287760078907012939e-01
1.569118201732635498e-01
-2.124471068382263184e-01
-1.039335131645202637e-01
-1.024848222732543945e-01
-1.104726046323776245e-01
1.164080649614334106e-01
2.274155616760253906e-01
-2.907516956329345703e-01
-4.263839721679687500e-01
-3.179876506328582764e-01
5.165265798568725586e-01
-3.229810856282711029e-03
-2.245100587606430054e-01
-3.604335188865661621e-01
2.694321870803833008e-01
1.508401930332183838e-01
-4.846119135618209839e-02
-3.832329511642456055e-01
-9.623470902442932129e-02
4.630301892757415771e-02
-3.193118572235107422e-01
-4.424192905426025391e-01
8.528502285480499268e-02
-1.244060620665550232e-01
-6.519772112369537354e-02
8.256321772933006287e-03
1.385584771633148193e-01
-3.440196067094802856e-02
1.760180443525314331e-01
-1.511090695858001709e-01
9.829699993133544922e-02
8.324431627988815308e-02
-4.046004265546798706e-02
1.873859018087387085e-01
4.515478760004043579e-02
2.687266767024993896e-01
9.017769992351531982e-02
-5.853562355041503906e-01
2.070551216602325439e-01
-3.822419792413711548e-02
-6.397021561861038208e-02
3.662996590137481689e-01
4.328945279121398926e-02
