-4.903467297554016113e-01
1.559783518314361572e-01
-5.184714496135711670e-02
-9.931464679539203644e-03
6.224343180656433105e-02
-2.031696885824203491e-01
5.402253866195678711e-01
1.551781594753265381e-01
-1.381262540817260742e-01
7.994663715362548828e-02
4.169717133045196533e-01
-3.379253447055816650e-01
-1.184536293148994446e-01
-1.561049222946166992e-01
-2.683385014533996582e-01
-2.334496006369590759e-02
1.855714023113250732e-01
2.418686822056770325e-02
1.874011158943176270e-01
-5.313986912369728088e-03
5.997809171676635742e-01
-6.871985644102096558e-02
-1.872606873512268066e-01
6.304068490862846375e-03
-1.169098615646362305e-01
1.560045033693313599e-01
1.358908712863922119e-01
-1.352598667144775391e-01
1.679688394069671631e-01
-8.768574893474578857e-02
1.860935091972351074e-01
3.087554872035980225e-02
3.675075173377990723e-01
7.439208775758743286e-02
8.073429763317108154e-02
-1.046195626258850098e-01
5.871803686022758484e-02
-9.497528523206710815e-02
-1.566835120320320129e-02
-4.307247698307037354e-02
-2.850137948989868164e-01
-6.239860653877258301e-01
-2.150394022464752197e-01
-4.002580344676971436e-01
3.001397252082824707e-01
-1.958001405000686646e-03
1.249365657567977905e-01
-2.653430029749870300e-02
-3.932273387908935547e-02
-4.490232467651367188e-01
-1.749103069305419922e-01
-1.903720200061798096e-02
1.263990104198455811e-01
-8.379809558391571045e-02
4.112316071987152100e-01
-1.186266392469406128e-01
6.540806591510772705e-02
-9.595614671707153320e-02
5.904510989785194397e-02
4.076002165675163269e-02
3.223593160510063171e-02
-2.635699883103370667e-02
-6.093879938125610352e-01
-1.987191438674926758e-01
1.440449804067611694e-01
-8.360044658184051514e-02
5.921816453337669373e-03
-1.786665171384811401e-01
1.720538362860679626e-02
1.987318992614746094e-01
4.381109774112701416e-01
-3.790436983108520508e-01
-3.757647275924682617e-01
2.111103385686874390e-02
2.376259267330169678e-01
2.077901959419250488e-01
-2.906761318445205688e-02
6.247140467166900635e-02
-1.528743207454681396e-01
-4.417735636234283447e-01
1.971273720264434814e-01
1.866315305233001709e-01
-1.709971278905868530e-01
5.482502281665802002e-02
1.724588572978973389e-01
3.172402977943420410e-01
-8.561605215072631836e-02
4.246722906827926636e-02
-2.801878005266189575e-02
7.167923450469970703e-02
2.843039035797119141e-01
9.356746822595596313e-02
2.508794665336608887e-01
-1.329217255115509033e-01
6.262812614440917969e-01
1.562080532312393188e-02
-7.742717117071151733e-02
-3.489270210266113281e-01
6.148155331611633301e-01
1.347390264272689819e-01
1.334377229213714600e-01
4.048042893409729004e-01
-3.371534943580627441e-01
3.586035370826721191e-01
-2.827242314815521240e-01
-2.230334095656871796e-03
2.669664025306701660e-01
2.568990290164947510e-01
-6.222166866064071655e-02
-1.912468113005161285e-02
7.021097838878631592e-02
-2.915363907814025879e-01
-4.229359626770019531e-01
-8.867710828781127930e-02
2.272065728902816772e-01
-2.532324492931365967e-01
1.057457923889160156e-01
1.801375299692153931e-02
4.484180510044097900e-01
-2.632662057876586914e-01
-1.576400399208068848e-01
-1.802846044301986694e-02
-2.184384316205978394e-01
-4.584569483995437622e-02
2.565501928329467773e-01
-1.771157607436180115e-03
2.422071844339370728e-01
1.438231617212295532e-01
-3.252823948860168457e-01
-5.029465258121490479e-02
3.276449441909790039e-02
-6.726430356502532959e-02
-2.022210955619812012e-01
1.057635396718978882e-01
-3.170465528964996338e-01
5.348363518714904785e-02
5.416064858436584473e-01
-1.131544411182403564e-01
-2.461524754762649536e-01
-8.666515350341796875e-03
-1.900405883789062500e-01
-6.334165483713150024e-02
3.433929085731506348e-01
-1.811983063817024231e-02
-3.427943587303161621e-02
-3.888720870018005371e-01
1.147569268941879272e-01
6.731157004833221436e-02
3.018629550933837891e-01
-2.053912132978439331e-01
4.021056890487670898e-01
-2.660151124000549316e-01
6.626954674720764160e-02
-1.016992405056953430e-01
8.154635131359100342e-02
-1.141359210014343262e-01
-1.156571060419082642e-01
1.882756650447845459e-01
4.844778180122375488e-01
4.035995304584503174e-01
2.514882087707519531e-01
2.345404326915740967e-01
2.093630582094192505e-01
2.841311991214752197e-01
5.548354387283325195e-01
5.062070488929748535e-02
-5.626901388168334961e-01
-2.411837130784988403e-01
-8.737170696258544922e-02
4.517543315887451172e-01
-9.816046804189682007e-02
7.086727023124694824e-02
-1.275064144283533096e-02
1.504204571247100830e-01
2.193188816308975220e-01
9.156265854835510254e-02
2.293204367160797119e-01
2.557570338249206543e-01
-4.124611020088195801e-01
2.696343064308166504e-01
-1.335917711257934570e-01
-4.436983764171600342e-01
-3.319068253040313721e-02
7.909952849149703979e-02
2.087933197617530823e-02
3.836631774902343750e-01
2.923094034194946289e-01
-5.693843960762023926e-02
-1.954535096883773804e-01
4.745833873748779297e-01
-3.041956424713134766e-01
-1.653975434601306915e-02
1.068582832813262939e-01
2.640101313591003418e-01
1.035178825259208679e-01
2.969693392515182495e-03
1.109149307012557983e-01
-2.420389950275421143e-01
-2.080579996109008789e-01
-3.050672411918640137e-01
-4.371008872985839844e-01
2.343839406967163086e-01
1.566110253334045410e-01
-1.767307706177234650e-02
1.302832365036010742e-01
7.639613747596740723e-02
-2.717037498950958252e-01
-1.236568242311477661e-01
-1.961492002010345459e-01
4.306967556476593018e-02
1.558279991149902344e-01
-2.730123400688171387e-01
2.897793054580688477e-01
1.017220765352249146e-01
-2.724014222621917725e-02
1.023987680673599243e-01
-4.139720275998115540e-02
3.600032925605773926e-01
-4.478740971535444260e-03
2.894256114959716797e-01
-1.594724059104919434e-01
-9.483794122934341431e-02
6.765581667423248291e-02
-2.463808804750442505e-01
9.302620589733123779e-02
-4.868225753307342529e-02
-2.320976853370666504e-01
1.528012454509735107e-01
-8.382262289524078369e-02
-1.541106253862380981e-01
-1.702959239482879639e-01
-1.682402938604354858e-01
4.061585664749145508e-02
-3.963311016559600830e-02
5.479467101395130157e-03
-2.090366482734680176e-01
4.367963671684265137e-01
5.779825150966644287e-02
-3.468811884522438049e-02
1.010849922895431519e-01
-4.079433083534240723e-01
-1.605883687734603882e-01
-1.845785975456237793e-01
2.595670819282531738e-01
-3.768109679222106934e-01
2.275698482990264893e-01
2.711516022682189941e-01
2.533521652221679688e-01
-2.130265831947326660e-01
2.213998734951019287e-01
-9.658716619014739990e-02
2.800317406654357910e-01
5.861915275454521179e-02
-2.783086895942687988e-01
-7.508209347724914551e-02
1.348509639501571655e-01
-3.417497873306274414e-01
-2.381545603275299072e-01
-2.361897528171539307e-01
-2.388157546520233154e-01
3.215148150920867920e-01
9.101943112909793854e-03
6.849908083677291870e-02
2.504351735115051270e-01
2.336219996213912964e-01
4.784042239189147949e-01
-3.319254145026206970e-02
1.522518098354339600e-01
-9.459118545055389404e-02
-2.463126182556152344e-01
-1.303907185792922974e-01
-4.761550724506378174e-01
-7.226452231407165527e-01
-2.219272553920745850e-01
3.209848999977111816e-01
-6.578435003757476807e-02
2.484619244933128357e-02
-2.655839323997497559e-01
3.443529009819030762e-01
-8.802372030913829803e-04
4.043706059455871582e-01
-1.270597726106643677e-01
-1.746291071176528931e-01
1.218701079487800598e-01
1.057938486337661743e-01
-3.100244402885437012e-01
2.137714922428131104e-01
3.455684706568717957e-02
1.943377777934074402e-03
-2.098753899335861206e-01
1.310715079307556152e-01
1.155056804418563843e-01
6.384734511375427246e-01
-8.112353086471557617e-02
1.566503643989562988e-01
-5.200859904289245605e-02
-3.582731485366821289e-01
-4.644501209259033203e-01
-5.544614195823669434e-01
-1.159921512007713318e-01
-2.122997492551803589e-01
-1.919212341308593750e-01
-8.606547862291336060e-02
-9.392382949590682983e-02
-3.427774310111999512e-01
-9.991244971752166748e-02
3.821088075637817383e-01
-1.060196459293365479e-01
3.948388099670410156e-01
-4.254229366779327393e-01
-2.899420261383056641e-01
-2.398254722356796265e-01
2.063081562519073486e-01
2.706634104251861572e-01
-6.042765080928802490e-02
1.325040757656097412e-01
-4.131388664245605469e-01
3.171534836292266846e-01
1.354138702154159546e-01
2.581576704978942871e-01
1.850749552249908447e-01
-8.041100203990936279e-02
8.758495002985000610e-02
1.743649244308471680e-01
3.449521064758300781e-01
-2.529910206794738770e-01
-8.262642472982406616e-02
-3.406021595001220703e-01
-5.669210106134414673e-02
-1.477950215339660645e-01
2.455598264932632446e-01
1.193260699510574341e-01
-2.607529163360595703e-01
-1.018522232770919800e-01
9.350153617560863495e-03
1.731610596179962158e-01
1.224050819873809814e-01
4.065703153610229492e-01
-3.143459856510162354e-01
4.305845201015472412e-01
1.912258118391036987e-01
2.088144123554229736e-01
-2.413937449455261230e-01
3.957512974739074707e-02
-6.669508665800094604e-02
-1.213877648115158081e-01
1.186392828822135925e-01
2.530013918876647949e-01
-2.321868538856506348e-01
-4.959443211555480957e-01
-2.574451565742492676e-01
4.647190570831298828e-01
3.678147681057453156e-03
-2.526560425758361816e-01
-3.456268906593322754e-01
2.985851764678955078e-01
3.996710106730461121e-02
-6.193015724420547485e-02
-4.134829044342041016e-01
-1.287452578544616699e-01
6.269171833992004395e-02
-3.825116157531738281e-01
-4.344706535339355469e-01
5.251567065715789795e-02
-1.763087809085845947e-01
-1.358951628208160400e-01
-2.182289958000183105e-03
6.368122994899749756e-02
-1.896757446229457855e-02
1.722147613763809204e-01
-1.453287750482559204e-01
1.359299868345260620e-01
5.639374256134033203e-02
-7.385665923357009888e-02
1.376557797193527222e-01
-9.120080620050430298e-03
2.029493749141693115e-01
3.097852505743503571e-02
-5.772007107734680176e-01
1.708472818136215210e-01
2.842061035335063934e-02
-4.527471959590911865e-02
3.427367210388183594e-01
-9.163662791252136230e-03
