-4.264436662197113037e-02
3.134471178054809570e-01
3.527564555406570435e-02
-1.327653229236602783e-01
1.301096826791763306e-01
-3.630897961556911469e-03
2.781050205230712891e-01
4.766090214252471924e-02
1.534245908260345459e-01
2.776301801204681396e-01
2.594168782234191895e-01
-2.049008011817932129e-01
-5.391951799392700195e-01
-2.382510900497436523e-02
-2.589131332933902740e-02
5.687997862696647644e-02
5.157651752233505249e-02
3.004295825958251953e-01
1.309397220611572266e-01
1.266529858112335205e-01
4.746297597885131836e-01
1.016962081193923950e-01
-1.474712193012237549e-01
-2.005057334899902344e-01
3.779677748680114746e-01
-1.855362653732299805e-01
-9.883506596088409424e-02
-1.296980381011962891e-01
9.602921456098556519e-02
-1.008629947900772095e-01
7.011271268129348755e-02
-1.704816371202468872e-01
8.411714434623718262e-02
1.830355525016784668e-01
2.210357934236526489e-01
1.253989934921264648e-01
-3.460989892482757568e-01
-1.552102714776992798e-01
2.482031881809234619e-01
5.032068490982055664e-01
7.234165817499160767e-02
-2.632886171340942383e-01
-4.443229138851165771e-01
-4.379189014434814453e-01
-1.493060290813446045e-01
-2.131630182266235352e-01
-8.043759316205978394e-02
8.211956173181533813e-02
8.621425926685333252e-02
1.614842265844345093e-01
-4.863907694816589355e-01
-1.615904867649078369e-01
6.315726786851882935e-02
-3.172542899847030640e-03
2.261043936014175415e-01
-4.188132882118225098e-01
-7.175150513648986816e-02
2.036802172660827637e-01
1.050546765327453613e-02
-1.488556563854217529e-01
1.759028732776641846e-01
-2.023068629205226898e-02
-6.802524328231811523e-01
-6.102465093135833740e-03
5.307891964912414551e-02
-2.953312993049621582e-01
-3.180443048477172852e-01
-1.874880678951740265e-02
-1.027966439723968506e-01
-1.271318197250366211e-01
4.270892739295959473e-01
-2.709890007972717285e-01
2.729279920458793640e-03
-1.919185817241668701e-01
-1.165785789489746094e-01
2.084134891629219055e-02
6.324578821659088135e-02
3.641465902328491211e-01
2.940256521105766296e-02
-1.488026380538940430e-01
-1.523838043212890625e-01
3.366544246673583984e-01
-1.500714719295501709e-01
-2.064138650894165039e-03
-6.186967343091964722e-02
7.922920584678649902e-02
4.751985520124435425e-02
2.720026373863220215e-01
3.817525506019592285e-01
-2.907563149929046631e-01
3.557918965816497803e-01
1.406435668468475342e-01
3.165252804756164551e-01
-1.220196411013603210e-01
6.618464589118957520e-01
3.283374607563018799e-01
1.177131682634353638e-01
-1.241257973015308380e-02
-1.563223898410797119e-01
8.156771212816238403e-02
1.249665319919586182e-01
1.716748774051666260e-01
-1.604371219873428345e-01
4.305342435836791992e-01
-4.129476547241210938e-01
6.488455459475517273e-03
1.596567481756210327e-01
-3.912514448165893555e-02
-1.793035119771957397e-02
1.184816882014274597e-01
-9.253123402595520020e-02
1.362344473600387573e-01
-4.382519125938415527e-01
1.927649602293968201e-02
-1.275626271963119507e-01
1.962156593799591064e-01
3.724914789199829102e-02
-1.599965095520019531e-01
-3.362029790878295898e-02
-3.147087097167968750e-01
1.040459051728248596e-01
-1.968798935413360596e-01
-7.775951921939849854e-02
1.122761219739913940e-01
-1.792710721492767334e-01
1.238294392824172974e-01
3.691173791885375977e-01
-3.223523497581481934e-03
-5.468988046050071716e-02
6.245192512869834900e-02
9.180054068565368652e-02
-4.978100955486297607e-02
2.601215615868568420e-02
-1.559352129697799683e-01
-2.192998528480529785e-01
-1.010417044162750244e-01
2.593021988868713379e-01
-4.377113580703735352e-01
-6.614003777503967285e-01
-2.858366370201110840e-01
-1.279546469449996948e-01
5.013849586248397827e-04
-8.573150634765625000e-02
1.406385004520416260e-01
3.073835372924804688e-01
1.534889489412307739e-01
3.427980542182922363e-01
-2.040061168372631073e-03
1.477203667163848877e-01
-1.052541285753250122e-01
-1.794279515743255615e-01
-1.136267483234405518e-01
-4.204634949564933777e-02
2.353225052356719971e-01
2.707648277282714844e-01
-3.401340246200561523e-01
-2.576516270637512207e-01
1.657273620367050171e-01
3.819500803947448730e-01
1.226387619972229004e-01
1.669379472732543945e-01
3.415821194648742676e-01
8.172225207090377808e-02
3.739456534385681152e-01
7.014913856983184814e-02
2.602870762348175049e-02
-5.544779896736145020e-01
-8.945799618959426880e-02
2.836741879582405090e-02
3.901981413364410400e-01
-6.474464386701583862e-02
-6.367797404527664185e-02
4.354400932788848877e-02
-6.854784488677978516e-02
1.593427360057830811e-01
5.390699580311775208e-02
3.455609083175659180e-01
1.990004032850265503e-01
-6.503044068813323975e-02
1.290332078933715820e-01
-8.151055872440338135e-02
-3.332475200295448303e-02
3.161769211292266846e-01
-4.891039431095123291e-02
-1.195237636566162109e-01
1.884682476520538330e-01
-6.708422303199768066e-02
-1.246740855276584625e-02
-5.507336556911468506e-02
-1.656779088079929352e-02
-1.156367585062980652e-01
2.476340830326080322e-01
-1.449144165962934494e-02
1.533595323562622070e-01
-1.045901328325271606e-01
1.387880742549896240e-01
1.529790610074996948e-01
-2.246100306510925293e-01
-1.354518234729766846e-01
2.207918278872966766e-02
-1.883197724819183350e-01
3.354555070400238037e-01
4.600040614604949951e-02
-1.274220943450927734e-01
3.863413035869598389e-01
2.043200433254241943e-01
1.972902417182922363e-01
-1.969829499721527100e-01
-9.672153741121292114e-02
1.942527890205383301e-01
2.905608415603637695e-01
-2.812041342258453369e-02
1.155619174242019653e-01
2.969670668244361877e-02
1.080769747495651245e-01
2.364700138568878174e-01
2.210346162319183350e-01
4.797582328319549561e-01
-2.249325662851333618e-01
1.651508361101150513e-01
-3.409990072250366211e-01
-1.601406931877136230e-01
1.825261712074279785e-01
-1.546430736780166626e-01
1.210004836320877075e-01
2.513039857149124146e-03
-4.174148142337799072e-01
-6.899347901344299316e-02
-8.527044951915740967e-02
9.468302130699157715e-03
-1.179494261741638184e-01
1.219613552093505859e-01
1.585792005062103271e-01
1.812095642089843750e-01
5.599260330200195312e-02
-3.331499099731445312e-01
2.356572896242141724e-01
8.098611980676651001e-02
-9.727717936038970947e-02
1.260777283459901810e-02
7.230742275714874268e-02
1.066941395401954651e-01
-1.664263755083084106e-01
-5.046248435974121094e-02
-2.326788902282714844e-01
3.819708153605461121e-02
1.705195158720016479e-01
1.145049855113029480e-01
-4.995579123497009277e-01
1.564472764730453491e-01
1.960927993059158325e-01
-1.595781445503234863e-01
-2.078261822462081909e-01
-1.316500455141067505e-01
-2.645087242126464844e-02
1.258058696985244751e-01
-5.529832243919372559e-01
2.616360038518905640e-02
-2.040615081787109375e-01
-3.569789603352546692e-02
1.980937123298645020e-01
3.151040673255920410e-01
-9.589524567127227783e-02
3.230524659156799316e-01
4.089727997779846191e-01
1.333854943513870239e-01
5.655439198017120361e-02
-1.445969194173812866e-02
-9.833185374736785889e-02
-4.688120782375335693e-01
2.599987760186195374e-02
-5.296701788902282715e-01
-2.303970307111740112e-01
-3.878699839115142822e-01
1.558260023593902588e-01
-1.403135210275650024e-01
7.494209706783294678e-02
-2.503605484962463379e-01
1.677817702293395996e-01
-9.566946327686309814e-02
1.563233733177185059e-01
-3.195546567440032959e-01
-2.280918359756469727e-01
3.332481160759925842e-02
-4.420939087867736816e-02
-5.928747728466987610e-02
5.053307116031646729e-02
-5.765795335173606873e-02
9.071995317935943604e-02
1.881486475467681885e-01
-1.236592456698417664e-01
7.509402930736541748e-03
2.156681716442108154e-01
-6.904499232769012451e-02
1.889747679233551025e-01
-3.810944855213165283e-01
-2.692225575447082520e-01
2.334408015012741089e-01
-1.624245643615722656e-01
-3.734730482101440430e-01
-1.782681792974472046e-01
-2.248326390981674194e-01
3.158271312713623047e-01
-2.299938499927520752e-01
-2.989973127841949463e-01
-2.422538995742797852e-01
-7.894000411033630371e-02
-1.189360544085502625e-01
3.935745954513549805e-01
-2.823956124484539032e-02
3.439990803599357605e-02
-2.711243629455566406e-01
-2.212567441165447235e-02
2.634761035442352295e-01
2.540289424359798431e-02
-2.591759152710437775e-02
-2.485024183988571167e-01
8.448538184165954590e-02
2.724958062171936035e-01
1.087408214807510376e-01
5.181645601987838745e-02
-1.948454789817333221e-02
-3.361780047416687012e-01
6.149984896183013916e-02
-2.217546105384826660e-02
-2.315077334642410278e-01
-1.604211926460266113e-01
-3.121256530284881592e-01
-1.065107285976409912e-01
2.937905788421630859e-01
-2.494395524263381958e-02
1.379319727420806885e-01
4.435947164893150330e-03
8.159410953521728516e-02
4.841639101505279541e-02
9.428758919239044189e-02
2.192819416522979736e-01
2.199678421020507812e-01
-2.773540616035461426e-01
-1.832588762044906616e-01
2.548079192638397217e-02
1.696014255285263062e-01
7.444880902767181396e-02
-1.739287376403808594e-01
-1.653139293193817139e-01
-2.102854251861572266e-01
8.114013075828552246e-02
3.503570556640625000e-01
2.554121017456054688e-01
-4.008211940526962280e-02
-8.243778347969055176e-02
5.750477313995361328e-01
5.152264237403869629e-02
-2.162654548883438110e-01
-7.423283159732818604e-02
3.779515251517295837e-02
-7.247379980981349945e-03
-9.606516361236572266e-02
-1.013569384813308716e-01
5.253252014517784119e-02
-1.220678836107254028e-01
3.247894048690795898e-01
-1.293659061193466187e-01
3.486439958214759827e-02
3.170250058174133301e-01
-1.084161847829818726e-01
-7.332286238670349121e-02
-3.961863368749618530e-02
1.847456544637680054e-01
-1.489804089069366455e-01
-3.036343455314636230e-01
7.419705390930175781e-02
3.367991447448730469e-01
-1.240431889891624451e-01
-2.938554286956787109e-01
-4.217159003019332886e-02
2.420651614665985107e-01
-5.159537307918071747e-03
-9.837540239095687866e-02
-6.356773525476455688e-02
6.601972505450248718e-03
-4.594581425189971924e-01
6.606288254261016846e-02
2.327372580766677856e-01
